3.057752380371093750e+02,3.058003540039062500e+02,3.057347717285156250e+02,3.056040344238281250e+02,3.054470825195312500e+02,3.052686462402343750e+02,3.051103210449218750e+02,3.049508972167968750e+02,3.048195495605468750e+02,3.047069091796875000e+02,3.045777893066406250e+02,3.044480285644531250e+02,3.043101501464843750e+02,3.041484985351562500e+02,3.039833068847656250e+02,3.038323059082031250e+02,3.037132873535156250e+02,3.036209716796875000e+02,3.035063476562500000e+02,3.033871459960937500e+02,3.032715454101562500e+02,3.032122192382812500e+02,3.031823425292968750e+02,3.031432800292968750e+02,3.030053405761718750e+02,3.028231811523437500e+02,3.027893981933593750e+02,3.028140258789062500e+02,3.028468322753906250e+02,3.028843383789062500e+02,3.029010009765625000e+02,3.028436279296875000e+02,3.027752685546875000e+02,3.026811828613281250e+02,3.026273498535156250e+02,3.025886840820312500e+02,3.023322143554687500e+02,3.021148986816406250e+02,3.020497436523437500e+02,3.020420837402343750e+02,3.018470458984375000e+02,3.016138305664062500e+02,3.016300048828125000e+02,3.019549560546875000e+02,3.021021728515625000e+02,3.020659790039062500e+02,3.023531494140625000e+02,3.024013671875000000e+02,3.030277404785156250e+02,3.041027832031250000e+02,3.043412475585937500e+02,3.038428955078125000e+02,3.018584594726562500e+02,2.999022827148437500e+02,2.981428527832031250e+02,2.963728637695312500e+02,2.946889038085937500e+02,2.947827148437500000e+02,2.963268737792968750e+02,2.971505126953125000e+02,nan,nan,nan,nan,nan,nan,nan,nan,nan,nan,nan,nan,nan,nan,nan,nan,nan,nan,nan,nan,nan,nan,nan,nan,nan,nan,nan,nan,nan,nan,nan,nan,nan,nan,nan,nan,nan,nan,nan,nan,nan,nan,nan,nan,nan,nan,nan,nan,nan,nan,nan,nan,nan,nan,nan,nan,nan,nan,nan,nan,nan,nan,nan,nan,nan,nan,nan,nan,nan,nan,nan,nan,nan,nan,nan,nan,nan,nan,nan,nan,nan,nan,nan,nan,nan,nan,nan,nan,nan,nan,nan,nan,nan,nan,nan,nan,nan,nan,nan,nan
3.057588500976562500e+02,3.056699218750000000e+02,3.055330200195312500e+02,3.053723754882812500e+02,3.051973876953125000e+02,3.050333862304687500e+02,3.048915100097656250e+02,3.047411804199218750e+02,3.046026306152343750e+02,3.044378051757812500e+02,3.042848510742187500e+02,3.041398620605468750e+02,3.039897460937500000e+02,3.038364257812500000e+02,3.037052612304687500e+02,3.036039123535156250e+02,3.035036621093750000e+02,3.033871459960937500e+02,3.032752685546875000e+02,3.032281188964843750e+02,3.031894836425781250e+02,3.031294250488281250e+02,3.030433959960937500e+02,3.029401550292968750e+02,3.028304748535156250e+02,3.027844848632812500e+02,3.028404235839843750e+02,3.028721618652343750e+02,3.028561096191406250e+02,3.028930358886718750e+02,3.029106140136718750e+02,3.029288330078125000e+02,3.029620361328125000e+02,3.029157409667968750e+02,3.028131103515625000e+02,3.026959838867187500e+02,3.025509033203125000e+02,3.024827880859375000e+02,3.024631347656250000e+02,3.024058837890625000e+02,3.020937194824218750e+02,3.019683227539062500e+02,3.021257934570312500e+02,3.025311889648437500e+02,3.028550415039062500e+02,3.027699279785156250e+02,3.025872192382812500e+02,3.021883850097656250e+02,3.028763427734375000e+02,3.036274108886718750e+02,3.038302917480468750e+02,3.031588439941406250e+02,3.010387268066406250e+02,2.996297912597656250e+02,2.983670654296875000e+02,2.970575866699218750e+02,2.969800720214843750e+02,2.973569946289062500e+02,2.984627075195312500e+02,2.992098388671875000e+02,2.991965637207031250e+02,nan,nan,nan,nan,nan,nan,nan,nan,nan,nan,nan,nan,nan,nan,nan,nan,nan,nan,nan,nan,nan,nan,nan,nan,nan,nan,nan,nan,nan,nan,nan,nan,nan,nan,nan,nan,nan,nan,nan,nan,nan,nan,nan,nan,nan,nan,nan,nan,nan,nan,nan,nan,nan,nan,nan,nan,nan,nan,nan,nan,nan,nan,nan,nan,nan,nan,nan,nan,nan,nan,nan,nan,nan,nan,nan,nan,nan,nan,nan,nan,nan,nan,nan,nan,nan,nan,nan,nan,nan,nan,nan,nan,nan,nan,nan,nan,nan,nan,nan
3.058288574218750000e+02,3.056873168945312500e+02,3.055076904296875000e+02,3.053253784179687500e+02,3.051459350585937500e+02,3.049964294433593750e+02,3.048414916992187500e+02,3.046521301269531250e+02,3.044526367187500000e+02,3.042537536621093750e+02,3.040922546386718750e+02,3.039373779296875000e+02,3.037770080566406250e+02,3.036309204101562500e+02,3.035141296386718750e+02,3.034379882812500000e+02,3.033117675781250000e+02,3.031656494140625000e+02,3.030953063964843750e+02,3.031022949218750000e+02,3.031089477539062500e+02,3.029978942871093750e+02,3.028494873046875000e+02,3.027597045898437500e+02,3.027321166992187500e+02,3.027841796875000000e+02,3.028589172363281250e+02,3.028518371582031250e+02,3.027835083007812500e+02,3.028504333496093750e+02,3.029381103515625000e+02,3.030781860351562500e+02,3.031459350585937500e+02,3.030570373535156250e+02,3.029140319824218750e+02,3.028285522460937500e+02,3.028206787109375000e+02,3.027472839355468750e+02,3.026893920898437500e+02,3.024830017089843750e+02,3.022383728027343750e+02,3.023475341796875000e+02,3.026078796386718750e+02,3.030934448242187500e+02,3.034871520996093750e+02,3.032593078613281250e+02,3.024942626953125000e+02,3.021711425781250000e+02,3.028214721679687500e+02,3.033474731445312500e+02,3.038865051269531250e+02,3.034103698730468750e+02,3.012269592285156250e+02,3.000242919921875000e+02,2.990644836425781250e+02,2.988013916015625000e+02,2.987783813476562500e+02,2.982955627441406250e+02,2.986347961425781250e+02,2.993637695312500000e+02,2.990031738281250000e+02,nan,nan,nan,nan,nan,nan,nan,nan,nan,nan,nan,nan,nan,nan,nan,nan,nan,nan,nan,nan,nan,nan,nan,nan,nan,nan,nan,nan,nan,nan,nan,nan,nan,nan,nan,nan,nan,nan,nan,nan,nan,nan,nan,nan,nan,nan,nan,nan,nan,nan,nan,nan,nan,nan,nan,nan,nan,nan,nan,nan,nan,nan,nan,nan,nan,nan,nan,nan,nan,nan,nan,nan,nan,nan,nan,nan,nan,nan,nan,nan,nan,nan,nan,nan,nan,nan,nan,nan,nan,nan,nan,nan,nan,nan,nan,nan,nan,nan,nan
3.058761291503906250e+02,3.056864624023437500e+02,3.054919128417968750e+02,3.053116149902343750e+02,3.051394348144531250e+02,3.049708251953125000e+02,3.047664184570312500e+02,3.045407409667968750e+02,3.043312988281250000e+02,3.041477966308593750e+02,3.039916076660156250e+02,3.038352661132812500e+02,3.036693725585937500e+02,3.035127258300781250e+02,3.033706970214843750e+02,3.032554321289062500e+02,3.031053161621093750e+02,3.029930725097656250e+02,3.029854125976562500e+02,3.030248107910156250e+02,3.029863586425781250e+02,3.027966918945312500e+02,3.026532592773437500e+02,3.026244506835937500e+02,3.026511840820312500e+02,3.027310485839843750e+02,3.027609863281250000e+02,3.026851196289062500e+02,3.026742553710937500e+02,3.028123168945312500e+02,3.029705200195312500e+02,3.030851440429687500e+02,3.030857849121093750e+02,3.030333862304687500e+02,3.029519958496093750e+02,3.029401245117187500e+02,3.029006958007812500e+02,3.027606506347656250e+02,3.026654663085937500e+02,3.025265197753906250e+02,3.025279235839843750e+02,3.026655273437500000e+02,3.029559936523437500e+02,3.035441284179687500e+02,3.036495056152343750e+02,3.030397949218750000e+02,3.025319824218750000e+02,3.024785461425781250e+02,3.032603149414062500e+02,3.040589599609375000e+02,3.046118774414062500e+02,3.032899475097656250e+02,3.010744934082031250e+02,3.001640625000000000e+02,2.998124694824218750e+02,3.001085510253906250e+02,2.995310668945312500e+02,2.989068603515625000e+02,2.994837646484375000e+02,2.996535644531250000e+02,2.981618041992187500e+02,2.980948181152343750e+02,nan,nan,nan,nan,nan,nan,nan,nan,nan,nan,nan,nan,nan,nan,nan,nan,nan,nan,nan,nan,nan,nan,nan,nan,nan,nan,nan,nan,nan,nan,nan,nan,nan,nan,nan,nan,nan,nan,nan,nan,nan,nan,nan,nan,nan,nan,nan,nan,nan,nan,nan,nan,nan,nan,nan,nan,nan,nan,nan,nan,nan,nan,nan,nan,nan,nan,nan,nan,nan,nan,nan,nan,nan,nan,nan,nan,nan,nan,nan,nan,nan,nan,nan,nan,nan,nan,nan,nan,nan,nan,nan,nan,nan,nan,nan,nan,nan,nan
3.058537902832031250e+02,3.056562500000000000e+02,3.054887695312500000e+02,3.053179626464843750e+02,3.051355895996093750e+02,3.049176635742187500e+02,3.046759643554687500e+02,3.044617919921875000e+02,3.042768859863281250e+02,3.041080932617187500e+02,3.039523620605468750e+02,3.037849426269531250e+02,3.036059875488281250e+02,3.034260253906250000e+02,3.032794799804687500e+02,3.031174926757812500e+02,3.029843444824218750e+02,3.029149475097656250e+02,3.029638061523437500e+02,3.029957580566406250e+02,3.028499755859375000e+02,3.026524658203125000e+02,3.025582275390625000e+02,3.026340332031250000e+02,3.027015991210937500e+02,3.027317504882812500e+02,3.026986389160156250e+02,3.026282043457031250e+02,3.027214050292968750e+02,3.028990478515625000e+02,3.030385437011718750e+02,3.030502014160156250e+02,3.030776672363281250e+02,3.031180419921875000e+02,3.031005554199218750e+02,3.031018371582031250e+02,3.029173278808593750e+02,3.027761230468750000e+02,3.027348327636718750e+02,3.027675476074218750e+02,3.028252563476562500e+02,3.028854064941406250e+02,3.033611450195312500e+02,3.038602600097656250e+02,3.032614135742187500e+02,3.027253417968750000e+02,3.027731628417968750e+02,3.029904174804687500e+02,3.038106689453125000e+02,3.046393127441406250e+02,3.044546813964843750e+02,3.025079650878906250e+02,3.011310119628906250e+02,3.009323730468750000e+02,3.009042358398437500e+02,3.008933410644531250e+02,3.002383117675781250e+02,3.001300354003906250e+02,3.005675048828125000e+02,2.999356079101562500e+02,2.979292907714843750e+02,2.981592407226562500e+02,nan,nan,nan,nan,nan,nan,nan,nan,nan,nan,nan,nan,nan,nan,nan,nan,nan,nan,nan,nan,nan,nan,nan,nan,nan,nan,nan,nan,nan,nan,nan,nan,nan,nan,nan,nan,nan,nan,nan,nan,nan,nan,nan,nan,nan,nan,nan,nan,nan,nan,nan,nan,nan,nan,nan,nan,nan,nan,nan,nan,nan,nan,nan,nan,nan,nan,nan,nan,nan,nan,nan,nan,nan,nan,nan,nan,nan,nan,nan,nan,nan,nan,nan,nan,nan,nan,nan,nan,nan,nan,nan,nan,nan,nan,nan,nan,nan,nan
3.058594970703125000e+02,3.056834411621093750e+02,3.055321655273437500e+02,3.053587341308593750e+02,3.051547241210937500e+02,3.049122314453125000e+02,3.046649169921875000e+02,3.044583740234375000e+02,3.042613830566406250e+02,3.040713806152343750e+02,3.038840026855468750e+02,3.036781921386718750e+02,3.034724731445312500e+02,3.032884216308593750e+02,3.031640625000000000e+02,3.030226440429687500e+02,3.029062194824218750e+02,3.028684082031250000e+02,3.028973693847656250e+02,3.028672790527343750e+02,3.027325744628906250e+02,3.026200866699218750e+02,3.026304321289062500e+02,3.027405700683593750e+02,3.027779541015625000e+02,3.027632141113281250e+02,3.027310180664062500e+02,3.027295532226562500e+02,3.028394470214843750e+02,3.029946594238281250e+02,3.030946960449218750e+02,3.031365356445312500e+02,3.032901916503906250e+02,3.033465576171875000e+02,3.033131408691406250e+02,3.031814270019531250e+02,3.029761962890625000e+02,3.029104309082031250e+02,3.029422607421875000e+02,3.029834594726562500e+02,3.029797363281250000e+02,3.030640258789062500e+02,3.035051879882812500e+02,3.032559814453125000e+02,3.023802490234375000e+02,3.025569458007812500e+02,3.029018554687500000e+02,3.031905822753906250e+02,3.039328308105468750e+02,3.045514221191406250e+02,3.041423950195312500e+02,3.025815429687500000e+02,3.020808410644531250e+02,3.023291931152343750e+02,3.019761962890625000e+02,3.019308471679687500e+02,3.022281188964843750e+02,3.029739685058593750e+02,3.030390625000000000e+02,3.020821533203125000e+02,2.997893066406250000e+02,3.001267700195312500e+02,nan,nan,nan,nan,nan,nan,nan,nan,nan,nan,nan,nan,nan,nan,nan,nan,nan,nan,nan,nan,nan,nan,nan,nan,nan,nan,nan,nan,nan,nan,nan,nan,nan,nan,nan,nan,nan,nan,nan,nan,nan,nan,nan,nan,nan,nan,nan,nan,nan,nan,nan,nan,nan,nan,nan,nan,nan,nan,nan,nan,nan,nan,nan,nan,nan,nan,nan,nan,nan,nan,nan,nan,nan,nan,nan,nan,nan,nan,nan,nan,nan,nan,nan,nan,nan,nan,nan,nan,nan,nan,nan,nan,nan,nan,nan,nan,nan,nan
3.058893127441406250e+02,3.057406616210937500e+02,3.055907287597656250e+02,3.054079589843750000e+02,3.051902770996093750e+02,3.049432067871093750e+02,3.046950683593750000e+02,3.044650268554687500e+02,3.042298278808593750e+02,3.039981079101562500e+02,3.037528991699218750e+02,3.035093994140625000e+02,3.032850646972656250e+02,3.031283569335937500e+02,3.030345153808593750e+02,3.029599304199218750e+02,3.028669128417968750e+02,3.028285522460937500e+02,3.028082275390625000e+02,3.027865295410156250e+02,3.027557067871093750e+02,3.027262573242187500e+02,3.027826232910156250e+02,3.028112182617187500e+02,3.028046264648437500e+02,3.027987060546875000e+02,3.028172912597656250e+02,3.028401184082031250e+02,3.029009704589843750e+02,3.030385437011718750e+02,3.031662292480468750e+02,3.033637390136718750e+02,3.035649108886718750e+02,3.035580444335937500e+02,3.034548034667968750e+02,3.032714538574218750e+02,3.031976623535156250e+02,3.032012023925781250e+02,3.032126159667968750e+02,3.031923217773437500e+02,3.031271362304687500e+02,3.031496276855468750e+02,3.030330200195312500e+02,3.023414306640625000e+02,3.021940307617187500e+02,3.027669982910156250e+02,3.030333251953125000e+02,3.031708984375000000e+02,3.038197631835937500e+02,3.044679565429687500e+02,3.039727783203125000e+02,3.030753784179687500e+02,3.033338317871093750e+02,3.034691467285156250e+02,3.026959838867187500e+02,3.034428100585937500e+02,3.046609802246093750e+02,3.058114929199218750e+02,3.058257446289062500e+02,3.044417114257812500e+02,3.020698242187500000e+02,3.021043090820312500e+02,nan,nan,nan,nan,nan,nan,nan,nan,nan,nan,nan,nan,nan,nan,nan,nan,nan,nan,nan,nan,nan,nan,nan,nan,nan,nan,nan,nan,nan,nan,nan,nan,nan,nan,nan,nan,nan,nan,nan,nan,nan,nan,nan,nan,nan,nan,nan,nan,nan,nan,nan,nan,nan,nan,nan,nan,nan,nan,nan,nan,nan,nan,nan,nan,nan,nan,nan,nan,nan,nan,nan,nan,nan,nan,nan,nan,nan,nan,nan,nan,nan,nan,nan,nan,nan,nan,nan,nan,nan,nan,nan,nan,nan,nan,nan,nan,nan,nan
3.059223632812500000e+02,3.057727355957031250e+02,3.055969848632812500e+02,3.053838806152343750e+02,3.051525573730468750e+02,3.048956909179687500e+02,3.046423950195312500e+02,3.043917846679687500e+02,3.041380615234375000e+02,3.038870849609375000e+02,3.036308288574218750e+02,3.033962402343750000e+02,3.031959838867187500e+02,3.030887145996093750e+02,3.030177917480468750e+02,3.029609375000000000e+02,3.028803710937500000e+02,3.028188476562500000e+02,3.028140258789062500e+02,3.028325500488281250e+02,3.028461914062500000e+02,3.028283996582031250e+02,3.028397216796875000e+02,3.028162536621093750e+02,3.028206787109375000e+02,3.028577880859375000e+02,3.029110107421875000e+02,3.029160156250000000e+02,3.029669189453125000e+02,3.031550292968750000e+02,3.034021911621093750e+02,3.036820983886718750e+02,3.038425903320312500e+02,3.037971801757812500e+02,3.036771850585937500e+02,3.035635375976562500e+02,3.035540771484375000e+02,3.035440063476562500e+02,3.035286254882812500e+02,3.035005493164062500e+02,3.033952636718750000e+02,3.032562866210937500e+02,3.029880371093750000e+02,3.026882324218750000e+02,3.030890808105468750e+02,3.035267639160156250e+02,3.035823364257812500e+02,3.035515747070312500e+02,3.042189636230468750e+02,3.045014648437500000e+02,3.036962890625000000e+02,3.036147460937500000e+02,3.043386840820312500e+02,3.034833374023437500e+02,3.028094177246093750e+02,3.042490539550781250e+02,3.058393554687500000e+02,3.070542602539062500e+02,3.065135192871093750e+02,3.049762268066406250e+02,3.031785278320312500e+02,3.027135925292968750e+02,3.034367675781250000e+02,nan,nan,nan,nan,nan,nan,nan,nan,nan,nan,nan,nan,nan,nan,nan,nan,nan,nan,nan,nan,nan,nan,nan,nan,nan,nan,nan,nan,nan,nan,nan,nan,nan,nan,nan,nan,nan,nan,nan,nan,nan,nan,nan,nan,nan,nan,nan,nan,nan,nan,nan,nan,nan,nan,nan,nan,nan,nan,nan,nan,nan,nan,nan,nan,nan,nan,nan,nan,nan,nan,nan,nan,nan,nan,nan,nan,nan,nan,nan,nan,nan,nan,nan,nan,nan,nan,nan,nan,nan,nan,nan,nan,nan,nan,nan,nan,nan
3.058611145019531250e+02,3.056866760253906250e+02,3.054706726074218750e+02,3.052389831542968750e+02,3.050039672851562500e+02,3.047453002929687500e+02,3.044895324707031250e+02,3.042357177734375000e+02,3.040011291503906250e+02,3.037719726562500000e+02,3.035563964843750000e+02,3.033693847656250000e+02,3.032266235351562500e+02,3.031531372070312500e+02,3.030852966308593750e+02,3.029967651367187500e+02,3.028862304687500000e+02,3.028298950195312500e+02,3.028754577636718750e+02,3.029169616699218750e+02,3.029103698730468750e+02,3.028397216796875000e+02,3.027883911132812500e+02,3.027840576171875000e+02,3.028444213867187500e+02,3.029291687011718750e+02,3.029766235351562500e+02,3.029673156738281250e+02,3.030937500000000000e+02,3.034065856933593750e+02,3.037817687988281250e+02,3.040087280273437500e+02,3.041309509277343750e+02,3.041134948730468750e+02,3.040298461914062500e+02,3.039433288574218750e+02,3.039329833984375000e+02,3.039235229492187500e+02,3.039456481933593750e+02,3.039295349121093750e+02,3.038268432617187500e+02,3.037005310058593750e+02,3.036374511718750000e+02,3.037194213867187500e+02,3.041975097656250000e+02,3.044395751953125000e+02,3.043359069824218750e+02,3.042070312500000000e+02,3.044389343261718750e+02,3.038247375488281250e+02,3.030721130371093750e+02,3.040184326171875000e+02,3.043334960937500000e+02,3.030761718750000000e+02,3.032563476562500000e+02,3.048833923339843750e+02,3.064760742187500000e+02,3.072191162109375000e+02,3.061783447265625000e+02,3.048090515136718750e+02,3.036905517578125000e+02,3.040233154296875000e+02,3.046778564453125000e+02,3.048585510253906250e+02,nan,nan,nan,nan,nan,nan,nan,nan,nan,nan,nan,nan,nan,nan,nan,nan,nan,nan,nan,nan,nan,nan,nan,nan,nan,nan,nan,nan,nan,nan,nan,nan,nan,nan,nan,nan,nan,nan,nan,nan,nan,nan,nan,nan,nan,nan,nan,nan,nan,nan,nan,nan,nan,nan,nan,nan,nan,nan,nan,nan,nan,nan,nan,nan,nan,nan,nan,nan,nan,nan,nan,nan,nan,nan,nan,nan,nan,nan,nan,nan,nan,nan,nan,nan,nan,nan,nan,nan,nan,nan,nan,nan,nan,nan,nan,nan
3.057691345214843750e+02,3.055650024414062500e+02,3.053277587890625000e+02,3.051134033203125000e+02,3.048837280273437500e+02,3.046244812011718750e+02,3.043612060546875000e+02,3.041143798828125000e+02,3.038958740234375000e+02,3.036812438964843750e+02,3.035011596679687500e+02,3.033591918945312500e+02,3.032602844238281250e+02,3.031914062500000000e+02,3.031154785156250000e+02,3.029863891601562500e+02,3.028482666015625000e+02,3.028338012695312500e+02,3.029051818847656250e+02,3.029493408203125000e+02,3.028930053710937500e+02,3.027766113281250000e+02,3.027153930664062500e+02,3.027586669921875000e+02,3.028652038574218750e+02,3.029634094238281250e+02,3.029857788085937500e+02,3.030421447753906250e+02,3.032877197265625000e+02,3.037365417480468750e+02,3.040994262695312500e+02,3.042547912597656250e+02,3.043442993164062500e+02,3.043508605957031250e+02,3.042405090332031250e+02,3.041626586914062500e+02,3.041856079101562500e+02,3.042196350097656250e+02,3.042583312988281250e+02,3.042336425781250000e+02,3.041436462402343750e+02,3.040492858886718750e+02,3.040391540527343750e+02,3.043336486816406250e+02,3.048034973144531250e+02,3.049584960937500000e+02,3.047059326171875000e+02,3.042665100097656250e+02,3.040379028320312500e+02,3.030969848632812500e+02,3.036456909179687500e+02,3.047308044433593750e+02,3.043407592773437500e+02,3.033945312500000000e+02,3.036955871582031250e+02,3.049721984863281250e+02,3.061445007324218750e+02,3.063034667968750000e+02,3.049461059570312500e+02,3.034313049316406250e+02,3.024535217285156250e+02,3.024028320312500000e+02,3.038665161132812500e+02,3.049189453125000000e+02,3.036592712402343750e+02,nan,nan,nan,nan,nan,nan,nan,nan,nan,nan,nan,nan,nan,nan,nan,nan,nan,nan,nan,nan,nan,nan,nan,nan,nan,nan,nan,nan,nan,nan,nan,nan,nan,nan,nan,nan,nan,nan,nan,nan,nan,nan,nan,nan,nan,nan,nan,nan,nan,nan,nan,nan,nan,nan,nan,nan,nan,nan,nan,nan,nan,nan,nan,nan,nan,nan,nan,nan,nan,nan,nan,nan,nan,nan,nan,nan,nan,nan,nan,nan,nan,nan,nan,nan,nan,nan,nan,nan,nan,nan,nan,nan,nan,nan,nan
3.056710815429687500e+02,3.054414672851562500e+02,3.052194824218750000e+02,3.050285644531250000e+02,3.047982177734375000e+02,3.045339965820312500e+02,3.042654418945312500e+02,3.040198974609375000e+02,3.037975769042968750e+02,3.035829467773437500e+02,3.034382934570312500e+02,3.033506469726562500e+02,3.032779541015625000e+02,3.031811828613281250e+02,3.030744628906250000e+02,3.029025268554687500e+02,3.027598266601562500e+02,3.027894287109375000e+02,3.028512573242187500e+02,3.028666381835937500e+02,3.027823791503906250e+02,3.026779174804687500e+02,3.026564025878906250e+02,3.027492675781250000e+02,3.028801879882812500e+02,3.029508056640625000e+02,3.030180053710937500e+02,3.032037658691406250e+02,3.035542297363281250e+02,3.040061645507812500e+02,3.042406311035156250e+02,3.043905029296875000e+02,3.044654235839843750e+02,3.043864135742187500e+02,3.042787475585937500e+02,3.042678833007812500e+02,3.043238220214843750e+02,3.043940429687500000e+02,3.044338073730468750e+02,3.044093322753906250e+02,3.043403625488281250e+02,3.043053283691406250e+02,3.043265686035156250e+02,3.047285461425781250e+02,3.052608337402343750e+02,3.052923583984375000e+02,3.047324218750000000e+02,3.041766662597656250e+02,3.038931579589843750e+02,3.036351928710937500e+02,3.044548950195312500e+02,3.041292724609375000e+02,3.037448730468750000e+02,3.028738098144531250e+02,3.028406677246093750e+02,3.036343078613281250e+02,3.040997619628906250e+02,3.035969238281250000e+02,3.019258117675781250e+02,3.007508239746093750e+02,3.001181640625000000e+02,3.004301147460937500e+02,3.017340087890625000e+02,3.026479492187500000e+02,3.008224182128906250e+02,nan,nan,nan,nan,nan,nan,nan,nan,nan,nan,nan,nan,nan,nan,nan,nan,nan,nan,nan,nan,nan,nan,nan,nan,nan,nan,nan,nan,nan,nan,nan,nan,nan,nan,nan,nan,nan,nan,nan,nan,nan,nan,nan,nan,nan,nan,nan,nan,nan,nan,nan,nan,nan,nan,nan,nan,nan,nan,nan,nan,nan,nan,nan,nan,nan,nan,nan,nan,nan,nan,nan,nan,nan,nan,nan,nan,nan,nan,nan,nan,nan,nan,nan,nan,nan,nan,nan,nan,nan,nan,nan,nan,nan,nan,nan
3.055521850585937500e+02,3.053133544921875000e+02,3.051162109375000000e+02,3.049255676269531250e+02,3.046909790039062500e+02,3.044255981445312500e+02,3.041594848632812500e+02,3.039192199707031250e+02,3.036898803710937500e+02,3.034976196289062500e+02,3.034235229492187500e+02,3.033474731445312500e+02,3.032461547851562500e+02,3.031076965332031250e+02,3.029560852050781250e+02,3.027565612792968750e+02,3.026819763183593750e+02,3.027444458007812500e+02,3.027616271972656250e+02,3.027405395507812500e+02,3.026736450195312500e+02,3.026163940429687500e+02,3.026506347656250000e+02,3.027983093261718750e+02,3.029135742187500000e+02,3.029885559082031250e+02,3.031592407226562500e+02,3.034056396484375000e+02,3.037911071777343750e+02,3.041187438964843750e+02,3.043005371093750000e+02,3.044780578613281250e+02,3.045027465820312500e+02,3.043824768066406250e+02,3.043552246093750000e+02,3.043822631835937500e+02,3.044558105468750000e+02,3.045103759765625000e+02,3.045335083007812500e+02,3.044745483398437500e+02,3.044379577636718750e+02,3.044337463378906250e+02,3.044660034179687500e+02,3.048703918457031250e+02,3.053069763183593750e+02,3.049382324218750000e+02,3.042334594726562500e+02,3.037961730957031250e+02,3.034835205078125000e+02,3.034562072753906250e+02,3.031978759765625000e+02,3.026608886718750000e+02,3.028635864257812500e+02,3.022252197265625000e+02,3.020583190917968750e+02,3.022001037597656250e+02,3.021981811523437500e+02,3.013488769531250000e+02,3.001581420898437500e+02,2.995167236328125000e+02,2.989224548339843750e+02,2.990815734863281250e+02,2.999853210449218750e+02,3.004532775878906250e+02,2.968013305664062500e+02,2.962359619140625000e+02,nan,nan,nan,nan,nan,nan,nan,nan,nan,nan,nan,nan,nan,nan,nan,nan,nan,nan,nan,nan,nan,nan,nan,nan,nan,nan,nan,nan,nan,nan,nan,nan,nan,nan,nan,nan,nan,nan,nan,nan,nan,nan,nan,nan,nan,nan,nan,nan,nan,nan,nan,nan,nan,nan,nan,nan,nan,nan,nan,nan,nan,nan,nan,nan,nan,nan,nan,nan,nan,nan,nan,nan,nan,nan,nan,nan,nan,nan,nan,nan,nan,nan,nan,nan,nan,nan,nan,nan,nan,nan,nan,nan,nan,nan
3.053940429687500000e+02,3.051795654296875000e+02,3.049916992187500000e+02,3.047900390625000000e+02,3.045427246093750000e+02,3.042895507812500000e+02,3.040382995605468750e+02,3.038104553222656250e+02,3.035915222167968750e+02,3.034585876464843750e+02,3.033847045898437500e+02,3.032432250976562500e+02,3.030876464843750000e+02,3.029222106933593750e+02,3.027592163085937500e+02,3.026237792968750000e+02,3.026209411621093750e+02,3.026462402343750000e+02,3.026350097656250000e+02,3.026334228515625000e+02,3.026412048339843750e+02,3.026465148925781250e+02,3.027312622070312500e+02,3.028854980468750000e+02,3.029941101074218750e+02,3.031616210937500000e+02,3.033956298828125000e+02,3.036505432128906250e+02,3.039754638671875000e+02,3.042183837890625000e+02,3.044131774902343750e+02,3.045336914062500000e+02,3.045126342773437500e+02,3.044680175781250000e+02,3.044635925292968750e+02,3.044794921875000000e+02,3.045202331542968750e+02,3.045023803710937500e+02,3.044480590820312500e+02,3.043359680175781250e+02,3.043155517578125000e+02,3.042452697753906250e+02,3.041967773437500000e+02,3.044351806640625000e+02,3.044647827148437500e+02,3.038120117187500000e+02,3.034094238281250000e+02,3.031652221679687500e+02,3.028850708007812500e+02,3.028208923339843750e+02,3.024581298828125000e+02,3.026297912597656250e+02,3.029504394531250000e+02,3.024340820312500000e+02,3.020894165039062500e+02,3.023350524902343750e+02,3.024648437500000000e+02,3.018148498535156250e+02,3.011203918457031250e+02,2.998454589843750000e+02,2.985817260742187500e+02,2.981802978515625000e+02,2.985179138183593750e+02,2.976422119140625000e+02,2.923413085937500000e+02,2.918459167480468750e+02,nan,nan,nan,nan,nan,nan,nan,nan,nan,nan,nan,nan,nan,nan,nan,nan,nan,nan,nan,nan,nan,nan,nan,nan,nan,nan,nan,nan,nan,nan,nan,nan,nan,nan,nan,nan,nan,nan,nan,nan,nan,nan,nan,nan,nan,nan,nan,nan,nan,nan,nan,nan,nan,nan,nan,nan,nan,nan,nan,nan,nan,nan,nan,nan,nan,nan,nan,nan,nan,nan,nan,nan,nan,nan,nan,nan,nan,nan,nan,nan,nan,nan,nan,nan,nan,nan,nan,nan,nan,nan,nan,nan,nan,nan
3.052655944824218750e+02,3.050685424804687500e+02,3.048762207031250000e+02,3.046489257812500000e+02,3.043893432617187500e+02,3.041633911132812500e+02,3.039316711425781250e+02,3.037203979492187500e+02,3.035312805175781250e+02,3.034164428710937500e+02,3.032946777343750000e+02,3.031182861328125000e+02,3.029222412109375000e+02,3.027650756835937500e+02,3.026366882324218750e+02,3.025642395019531250e+02,3.025608825683593750e+02,3.025616455078125000e+02,3.025565795898437500e+02,3.026229248046875000e+02,3.027176513671875000e+02,3.027516784667968750e+02,3.028593139648437500e+02,3.030186157226562500e+02,3.031983642578125000e+02,3.034544372558593750e+02,3.037275695800781250e+02,3.039956054687500000e+02,3.042282104492187500e+02,3.044487304687500000e+02,3.046205749511718750e+02,3.046748352050781250e+02,3.046655273437500000e+02,3.046856384277343750e+02,3.046644287109375000e+02,3.046416931152343750e+02,3.046460266113281250e+02,3.045675964355468750e+02,3.044304504394531250e+02,3.043200073242187500e+02,3.042576599121093750e+02,3.041100769042968750e+02,3.039819335937500000e+02,3.040968933105468750e+02,3.037706604003906250e+02,3.033343200683593750e+02,3.032282409667968750e+02,3.029621582031250000e+02,3.027479248046875000e+02,3.028011779785156250e+02,3.027326660156250000e+02,3.032257995605468750e+02,3.033742065429687500e+02,3.026528015136718750e+02,3.025540466308593750e+02,3.031979370117187500e+02,3.035335693359375000e+02,3.028056945800781250e+02,3.016628112792968750e+02,2.997735595703125000e+02,2.982651367187500000e+02,2.977807312011718750e+02,2.974468383789062500e+02,2.949167175292968750e+02,2.875386657714843750e+02,2.871983337402343750e+02,nan,nan,nan,nan,nan,nan,nan,nan,nan,nan,nan,nan,nan,nan,nan,nan,nan,nan,nan,nan,nan,nan,nan,nan,nan,nan,nan,nan,nan,nan,nan,nan,nan,nan,nan,nan,nan,nan,nan,nan,nan,nan,nan,nan,nan,nan,nan,nan,nan,nan,nan,nan,nan,nan,nan,nan,nan,nan,nan,nan,nan,nan,nan,nan,nan,nan,nan,nan,nan,nan,nan,nan,nan,nan,nan,nan,nan,nan,nan,nan,nan,nan,nan,nan,nan,nan,nan,nan,nan,nan,nan,nan,nan,nan
3.051457214355468750e+02,3.049606018066406250e+02,3.047536010742187500e+02,3.044905090332031250e+02,3.042481994628906250e+02,3.040418395996093750e+02,3.038294372558593750e+02,3.036425781250000000e+02,3.034819335937500000e+02,3.033675537109375000e+02,3.032360534667968750e+02,3.030505981445312500e+02,3.028621520996093750e+02,3.027327270507812500e+02,3.026233520507812500e+02,3.025621948242187500e+02,3.025487060546875000e+02,3.025374145507812500e+02,3.025680847167968750e+02,3.027260742187500000e+02,3.028579101562500000e+02,3.029048461914062500e+02,3.030491333007812500e+02,3.032500610351562500e+02,3.035011291503906250e+02,3.037915649414062500e+02,3.040718994140625000e+02,3.043159484863281250e+02,3.045426940917968750e+02,3.047653503417968750e+02,3.049102783203125000e+02,3.049584045410156250e+02,3.049928894042968750e+02,3.050315551757812500e+02,3.049667053222656250e+02,3.049335937500000000e+02,3.048945007324218750e+02,3.047680053710937500e+02,3.046392822265625000e+02,3.045540771484375000e+02,3.044413146972656250e+02,3.042749023437500000e+02,3.041635131835937500e+02,3.041944274902343750e+02,3.039866943359375000e+02,3.039098205566406250e+02,3.037077941894531250e+02,3.032605895996093750e+02,3.030631713867187500e+02,3.030546875000000000e+02,3.029546508789062500e+02,3.033965454101562500e+02,3.034331054687500000e+02,3.027327575683593750e+02,3.030193176269531250e+02,3.035963439941406250e+02,3.037196960449218750e+02,3.029094543457031250e+02,3.017745361328125000e+02,3.004226684570312500e+02,2.996653747558593750e+02,2.998092956542968750e+02,2.991534118652343750e+02,2.955879821777343750e+02,2.882723999023437500e+02,2.880416259765625000e+02,nan,nan,nan,nan,nan,nan,nan,nan,nan,nan,nan,nan,nan,nan,nan,nan,nan,nan,nan,nan,nan,nan,nan,nan,nan,nan,nan,nan,nan,nan,nan,nan,nan,nan,nan,nan,nan,nan,nan,nan,nan,nan,nan,nan,nan,nan,nan,nan,nan,nan,nan,nan,nan,nan,nan,nan,nan,nan,nan,nan,nan,nan,nan,nan,nan,nan,nan,nan,nan,nan,nan,nan,nan,nan,nan,nan,nan,nan,nan,nan,nan,nan,nan,nan,nan,nan,nan,nan,nan,nan,nan,nan,nan,nan
3.050240478515625000e+02,3.048356018066406250e+02,3.045924377441406250e+02,3.043261413574218750e+02,3.041106872558593750e+02,3.039278564453125000e+02,3.037355957031250000e+02,3.035791015625000000e+02,3.034341430664062500e+02,3.033259887695312500e+02,3.031722717285156250e+02,3.029872131347656250e+02,3.028359680175781250e+02,3.027216186523437500e+02,3.026128540039062500e+02,3.025438842773437500e+02,3.025126953125000000e+02,3.025024414062500000e+02,3.025994567871093750e+02,3.028208312988281250e+02,3.029840393066406250e+02,3.030828247070312500e+02,3.032751770019531250e+02,3.035085754394531250e+02,3.037901306152343750e+02,3.040878601074218750e+02,3.043420715332031250e+02,3.045812988281250000e+02,3.048829956054687500e+02,3.051033630371093750e+02,3.052366638183593750e+02,3.053126525878906250e+02,3.053816833496093750e+02,3.053768615722656250e+02,3.052662658691406250e+02,3.051999206542968750e+02,3.050974731445312500e+02,3.049689331054687500e+02,3.048878173828125000e+02,3.048060302734375000e+02,3.046743774414062500e+02,3.045088195800781250e+02,3.044042968750000000e+02,3.044081726074218750e+02,3.044306945800781250e+02,3.043973693847656250e+02,3.040065917968750000e+02,3.035325317382812500e+02,3.033501586914062500e+02,3.032339477539062500e+02,3.030929870605468750e+02,3.033959655761718750e+02,3.030639038085937500e+02,3.026378784179687500e+02,3.031560974121093750e+02,3.035040893554687500e+02,3.032397766113281250e+02,3.026699829101562500e+02,3.021300048828125000e+02,3.018187561035156250e+02,3.020250244140625000e+02,3.024760742187500000e+02,3.011004638671875000e+02,2.979772338867187500e+02,2.920502929687500000e+02,2.923226928710937500e+02,nan,nan,nan,nan,nan,nan,nan,nan,nan,nan,nan,nan,nan,nan,nan,nan,nan,nan,nan,nan,nan,nan,nan,nan,nan,nan,nan,nan,nan,nan,nan,nan,nan,nan,nan,nan,nan,nan,nan,nan,nan,nan,nan,nan,nan,nan,nan,nan,nan,nan,nan,nan,nan,nan,nan,nan,nan,nan,nan,nan,nan,nan,nan,nan,nan,nan,nan,nan,nan,nan,nan,nan,nan,nan,nan,nan,nan,nan,nan,nan,nan,nan,nan,nan,nan,nan,nan,nan,nan,nan,nan,nan,nan,nan
3.048333435058593750e+02,3.046265563964843750e+02,3.043836059570312500e+02,3.041596984863281250e+02,3.039730224609375000e+02,3.037994079589843750e+02,3.036264648437500000e+02,3.034752502441406250e+02,3.033386535644531250e+02,3.032164916992187500e+02,3.030534362792968750e+02,3.028973999023437500e+02,3.027620849609375000e+02,3.026375122070312500e+02,3.025164794921875000e+02,3.024317016601562500e+02,3.023900146484375000e+02,3.024300231933593750e+02,3.026067504882812500e+02,3.028878479003906250e+02,3.031000366210937500e+02,3.032527160644531250e+02,3.034685363769531250e+02,3.037358398437500000e+02,3.040480346679687500e+02,3.043589172363281250e+02,3.046209716796875000e+02,3.049148254394531250e+02,3.052039794921875000e+02,3.053882751464843750e+02,3.054962158203125000e+02,3.055727539062500000e+02,3.056256713867187500e+02,3.055614013671875000e+02,3.054158630371093750e+02,3.053176269531250000e+02,3.051994628906250000e+02,3.050982666015625000e+02,3.050138549804687500e+02,3.049011535644531250e+02,3.047535095214843750e+02,3.045950927734375000e+02,3.044925537109375000e+02,3.045138549804687500e+02,3.045821228027343750e+02,3.045289001464843750e+02,3.040821533203125000e+02,3.036739501953125000e+02,3.034809265136718750e+02,3.033160705566406250e+02,3.031658325195312500e+02,3.030270690917968750e+02,3.024826354980468750e+02,3.025545043945312500e+02,3.032387084960937500e+02,3.032581176757812500e+02,3.027396850585937500e+02,3.022429809570312500e+02,3.022813720703125000e+02,3.024393310546875000e+02,3.028654785156250000e+02,3.023943481445312500e+02,3.007252502441406250e+02,2.988719787597656250e+02,2.961267395019531250e+02,2.966264343261718750e+02,nan,nan,nan,nan,nan,nan,nan,nan,nan,nan,nan,nan,nan,nan,nan,nan,nan,nan,nan,nan,nan,nan,nan,nan,nan,nan,nan,nan,nan,nan,nan,nan,nan,nan,nan,nan,nan,nan,nan,nan,nan,nan,nan,nan,nan,nan,nan,nan,nan,nan,nan,nan,nan,nan,nan,nan,nan,nan,nan,nan,nan,nan,nan,nan,nan,nan,nan,nan,nan,nan,nan,nan,nan,nan,nan,nan,nan,nan,nan,nan,nan,nan,nan,nan,nan,nan,nan,nan,nan,nan,nan,nan,nan,nan
3.046304931640625000e+02,3.044280700683593750e+02,3.042320556640625000e+02,3.040335998535156250e+02,3.038507690429687500e+02,3.036490173339843750e+02,3.034601440429687500e+02,3.033015136718750000e+02,3.031947631835937500e+02,3.030792236328125000e+02,3.029396972656250000e+02,3.027901916503906250e+02,3.026351928710937500e+02,3.024908142089843750e+02,3.023550720214843750e+02,3.022524719238281250e+02,3.022550659179687500e+02,3.023793945312500000e+02,3.026576232910156250e+02,3.030012817382812500e+02,3.032283325195312500e+02,3.034247741699218750e+02,3.036776733398437500e+02,3.040053710937500000e+02,3.043409729003906250e+02,3.046535644531250000e+02,3.049430541992187500e+02,3.052248535156250000e+02,3.054091491699218750e+02,3.055481567382812500e+02,3.056494750976562500e+02,3.057189025878906250e+02,3.057383117675781250e+02,3.056120605468750000e+02,3.054678955078125000e+02,3.053625488281250000e+02,3.052548828125000000e+02,3.051331176757812500e+02,3.049879150390625000e+02,3.048655090332031250e+02,3.047176818847656250e+02,3.045981140136718750e+02,3.045050048828125000e+02,3.045308837890625000e+02,3.046829833984375000e+02,3.045784912109375000e+02,3.040629882812500000e+02,3.036932678222656250e+02,3.034794921875000000e+02,3.032687377929687500e+02,3.030308837890625000e+02,3.027477111816406250e+02,3.026973266601562500e+02,3.032337951660156250e+02,3.033727111816406250e+02,3.028962402343750000e+02,3.022721252441406250e+02,3.019763488769531250e+02,3.021470947265625000e+02,3.023335266113281250e+02,3.023463439941406250e+02,3.013655090332031250e+02,3.001151733398437500e+02,2.997196655273437500e+02,2.991801147460937500e+02,2.991137084960937500e+02,3.011295776367187500e+02,nan,nan,nan,nan,nan,nan,nan,nan,nan,nan,nan,nan,nan,nan,nan,nan,nan,nan,nan,nan,nan,nan,nan,nan,nan,nan,nan,nan,nan,nan,nan,nan,nan,nan,nan,nan,nan,nan,nan,nan,nan,nan,nan,nan,nan,nan,nan,nan,nan,nan,nan,nan,nan,nan,nan,nan,nan,nan,nan,nan,nan,nan,nan,nan,nan,nan,nan,nan,nan,nan,nan,nan,nan,nan,nan,nan,nan,nan,nan,nan,nan,nan,nan,nan,nan,nan,nan,nan,nan,nan,nan,nan,nan
3.044539794921875000e+02,3.042731628417968750e+02,3.040863647460937500e+02,3.038656921386718750e+02,3.036519775390625000e+02,3.034118347167968750e+02,3.032254028320312500e+02,3.031233520507812500e+02,3.030238037109375000e+02,3.029182739257812500e+02,3.027725830078125000e+02,3.025979614257812500e+02,3.024353027343750000e+02,3.023007507324218750e+02,3.021770019531250000e+02,3.021092529296875000e+02,3.021795043945312500e+02,3.023873291015625000e+02,3.027346191406250000e+02,3.030885620117187500e+02,3.033535461425781250e+02,3.036100158691406250e+02,3.039246520996093750e+02,3.042820129394531250e+02,3.046222229003906250e+02,3.049259948730468750e+02,3.052159118652343750e+02,3.054445800781250000e+02,3.055795288085937500e+02,3.057269287109375000e+02,3.058269348144531250e+02,3.058631591796875000e+02,3.058131713867187500e+02,3.056775207519531250e+02,3.055473022460937500e+02,3.054357299804687500e+02,3.053051147460937500e+02,3.051268920898437500e+02,3.049796142578125000e+02,3.048795166015625000e+02,3.047676696777343750e+02,3.046531066894531250e+02,3.045012512207031250e+02,3.045258789062500000e+02,3.046414184570312500e+02,3.042827758789062500e+02,3.037987060546875000e+02,3.035073242187500000e+02,3.033184814453125000e+02,3.031018676757812500e+02,3.029155273437500000e+02,3.027727966308593750e+02,3.029688720703125000e+02,3.032429504394531250e+02,3.028289184570312500e+02,3.023671569824218750e+02,3.019469909667968750e+02,3.019199218750000000e+02,3.020528564453125000e+02,3.021820373535156250e+02,3.019838867187500000e+02,3.012271423339843750e+02,3.004561462402343750e+02,3.017119750976562500e+02,3.014664916992187500e+02,3.010010375976562500e+02,3.057132873535156250e+02,3.102124633789062500e+02,3.129234008789062500e+02,3.103141479492187500e+02,nan,nan,nan,nan,nan,nan,nan,nan,nan,nan,nan,nan,nan,nan,nan,nan,nan,nan,nan,nan,nan,nan,nan,nan,nan,nan,nan,nan,nan,nan,nan,nan,nan,nan,nan,nan,nan,nan,nan,nan,nan,nan,nan,nan,nan,nan,nan,nan,nan,nan,nan,nan,nan,nan,nan,nan,nan,nan,nan,nan,nan,nan,nan,nan,nan,nan,nan,nan,nan,nan,nan,nan,nan,nan,nan,nan,nan,nan,nan,nan,nan,nan,nan,nan,nan,nan,nan,nan,nan,nan
3.042754211425781250e+02,3.040751037597656250e+02,3.038488159179687500e+02,3.036012878417968750e+02,3.033703308105468750e+02,3.031741638183593750e+02,3.030688781738281250e+02,3.029892272949218750e+02,3.028639831542968750e+02,3.027326965332031250e+02,3.025477905273437500e+02,3.023556518554687500e+02,3.022088623046875000e+02,3.021032104492187500e+02,3.020266418457031250e+02,3.020497741699218750e+02,3.022012939453125000e+02,3.024569396972656250e+02,3.028128967285156250e+02,3.031950378417968750e+02,3.035417785644531250e+02,3.038520202636718750e+02,3.041832580566406250e+02,3.045213623046875000e+02,3.048401794433593750e+02,3.051420593261718750e+02,3.054111022949218750e+02,3.056102600097656250e+02,3.057871093750000000e+02,3.059511413574218750e+02,3.059939270019531250e+02,3.059794006347656250e+02,3.059147338867187500e+02,3.058464050292968750e+02,3.057213745117187500e+02,3.055779113769531250e+02,3.053744506835937500e+02,3.051889648437500000e+02,3.050732116699218750e+02,3.049971618652343750e+02,3.048771362304687500e+02,3.046648559570312500e+02,3.044668273925781250e+02,3.044613647460937500e+02,3.042708129882812500e+02,3.037723388671875000e+02,3.035511779785156250e+02,3.032969970703125000e+02,3.030886840820312500e+02,3.028792724609375000e+02,3.027143554687500000e+02,3.025139160156250000e+02,3.025101623535156250e+02,3.025567321777343750e+02,3.021668701171875000e+02,3.015933227539062500e+02,3.013445739746093750e+02,3.015918579101562500e+02,3.017457275390625000e+02,3.018941650390625000e+02,3.017025451660156250e+02,3.011032104492187500e+02,3.017153015136718750e+02,3.029766540527343750e+02,3.017762145996093750e+02,3.016233825683593750e+02,3.060346984863281250e+02,3.119851684570312500e+02,3.129165344238281250e+02,3.071926879882812500e+02,nan,nan,nan,nan,nan,nan,nan,nan,nan,nan,nan,nan,nan,nan,nan,nan,nan,nan,nan,nan,nan,nan,nan,nan,nan,nan,nan,nan,nan,nan,nan,nan,nan,nan,nan,nan,nan,nan,nan,nan,nan,nan,nan,nan,nan,nan,nan,nan,nan,nan,nan,nan,nan,nan,nan,nan,nan,nan,nan,nan,nan,nan,nan,nan,nan,nan,nan,nan,nan,nan,nan,nan,nan,nan,nan,nan,nan,nan,nan,nan,nan,nan,nan,nan,nan,nan,nan,nan,nan,nan
3.040180664062500000e+02,3.038096618652343750e+02,3.035810852050781250e+02,3.033576660156250000e+02,3.031639709472656250e+02,3.030413818359375000e+02,3.029719848632812500e+02,3.028685302734375000e+02,3.027340087890625000e+02,3.025576477050781250e+02,3.023458251953125000e+02,3.021490783691406250e+02,3.020091247558593750e+02,3.019307861328125000e+02,3.019080200195312500e+02,3.020076293945312500e+02,3.021839904785156250e+02,3.024721984863281250e+02,3.028893432617187500e+02,3.033426818847656250e+02,3.037601928710937500e+02,3.041025695800781250e+02,3.044413757324218750e+02,3.047779846191406250e+02,3.050872192382812500e+02,3.053811645507812500e+02,3.056087646484375000e+02,3.058052978515625000e+02,3.060268249511718750e+02,3.061317138671875000e+02,3.061430664062500000e+02,3.061295776367187500e+02,3.061205139160156250e+02,3.060691528320312500e+02,3.059047241210937500e+02,3.056805725097656250e+02,3.054345703125000000e+02,3.052499084472656250e+02,3.051554870605468750e+02,3.050825195312500000e+02,3.049136352539062500e+02,3.046612243652343750e+02,3.044890441894531250e+02,3.044005737304687500e+02,3.040460510253906250e+02,3.038091735839843750e+02,3.037120056152343750e+02,3.033658142089843750e+02,3.030777282714843750e+02,3.028572998046875000e+02,3.026568298339843750e+02,3.024192199707031250e+02,3.023469238281250000e+02,3.022207946777343750e+02,3.016389465332031250e+02,3.011247253417968750e+02,3.009990539550781250e+02,3.014133911132812500e+02,3.014680175781250000e+02,3.016031188964843750e+02,3.013583068847656250e+02,3.011905822753906250e+02,3.021185302734375000e+02,3.023756713867187500e+02,3.009214172363281250e+02,3.011843566894531250e+02,3.037569885253906250e+02,3.066542663574218750e+02,3.066045227050781250e+02,2.978335571289062500e+02,2.972503662109375000e+02,nan,nan,nan,nan,nan,nan,nan,nan,nan,nan,nan,nan,nan,nan,nan,nan,nan,nan,nan,nan,nan,nan,nan,nan,nan,nan,nan,nan,nan,nan,nan,nan,nan,nan,nan,nan,nan,nan,nan,nan,nan,nan,nan,nan,nan,nan,nan,nan,nan,nan,nan,nan,nan,nan,nan,nan,nan,nan,nan,nan,nan,nan,nan,nan,nan,nan,nan,nan,nan,nan,nan,nan,nan,nan,nan,nan,nan,nan,nan,nan,nan,nan,nan,nan,nan,nan,nan,nan,nan
3.037884826660156250e+02,3.035984802246093750e+02,3.034088134765625000e+02,3.032359313964843750e+02,3.030842895507812500e+02,3.029783020019531250e+02,3.028904724121093750e+02,3.027405395507812500e+02,3.025760498046875000e+02,3.023755493164062500e+02,3.021494140625000000e+02,3.019456481933593750e+02,3.018182983398437500e+02,3.017514648437500000e+02,3.017504882812500000e+02,3.018580932617187500e+02,3.020775756835937500e+02,3.024749450683593750e+02,3.029835510253906250e+02,3.035132751464843750e+02,3.039819641113281250e+02,3.043875122070312500e+02,3.047855834960937500e+02,3.051284179687500000e+02,3.054245910644531250e+02,3.056822814941406250e+02,3.059019165039062500e+02,3.061197204589843750e+02,3.062912292480468750e+02,3.063464355468750000e+02,3.063680419921875000e+02,3.063670654296875000e+02,3.063560485839843750e+02,3.062398681640625000e+02,3.059992065429687500e+02,3.057201538085937500e+02,3.054673461914062500e+02,3.052849121093750000e+02,3.051961669921875000e+02,3.050804138183593750e+02,3.048947448730468750e+02,3.046767578125000000e+02,3.045296936035156250e+02,3.043628845214843750e+02,3.041726684570312500e+02,3.041602478027343750e+02,3.039532165527343750e+02,3.035467529296875000e+02,3.032407226562500000e+02,3.030415649414062500e+02,3.028515625000000000e+02,3.026195983886718750e+02,3.024965209960937500e+02,3.022832031250000000e+02,3.020201416015625000e+02,3.018860168457031250e+02,3.017014160156250000e+02,3.015233154296875000e+02,3.011290283203125000e+02,3.012915039062500000e+02,3.008553771972656250e+02,3.006552734375000000e+02,3.007191467285156250e+02,3.004148864746093750e+02,2.992586364746093750e+02,3.001839294433593750e+02,3.023552856445312500e+02,3.043791198730468750e+02,3.055503540039062500e+02,3.001058654785156250e+02,3.006596069335937500e+02,nan,nan,nan,nan,nan,nan,nan,nan,nan,nan,nan,nan,nan,nan,nan,nan,nan,nan,nan,nan,nan,nan,nan,nan,nan,nan,nan,nan,nan,nan,nan,nan,nan,nan,nan,nan,nan,nan,nan,nan,nan,nan,nan,nan,nan,nan,nan,nan,nan,nan,nan,nan,nan,nan,nan,nan,nan,nan,nan,nan,nan,nan,nan,nan,nan,nan,nan,nan,nan,nan,nan,nan,nan,nan,nan,nan,nan,nan,nan,nan,nan,nan,nan,nan,nan,nan,nan,nan,nan
3.035654907226562500e+02,3.033992004394531250e+02,3.032503967285156250e+02,3.031021118164062500e+02,3.029637756347656250e+02,3.028450622558593750e+02,3.027058410644531250e+02,3.025025024414062500e+02,3.023294677734375000e+02,3.021221618652343750e+02,3.018906555175781250e+02,3.016903076171875000e+02,3.015742797851562500e+02,3.015092773437500000e+02,3.015290222167968750e+02,3.016810607910156250e+02,3.019938964843750000e+02,3.024892272949218750e+02,3.030711059570312500e+02,3.036630554199218750e+02,3.041932983398437500e+02,3.046701049804687500e+02,3.050857543945312500e+02,3.053964233398437500e+02,3.056735534667968750e+02,3.059297485351562500e+02,3.061720581054687500e+02,3.063754882812500000e+02,3.064906616210937500e+02,3.065436401367187500e+02,3.065568237304687500e+02,3.065415039062500000e+02,3.064761352539062500e+02,3.062803649902343750e+02,3.059802856445312500e+02,3.056749877929687500e+02,3.054252929687500000e+02,3.052495422363281250e+02,3.051204223632812500e+02,3.049669189453125000e+02,3.047634582519531250e+02,3.045872192382812500e+02,3.044042358398437500e+02,3.042336120605468750e+02,3.042069091796875000e+02,3.041976928710937500e+02,3.039316406250000000e+02,3.035219116210937500e+02,3.032635803222656250e+02,3.030907592773437500e+02,3.029054870605468750e+02,3.026976013183593750e+02,3.026262817382812500e+02,3.026209716796875000e+02,3.026140747070312500e+02,3.024363098144531250e+02,3.022565002441406250e+02,3.014241943359375000e+02,3.013608703613281250e+02,3.015891723632812500e+02,3.007337646484375000e+02,3.001014099121093750e+02,2.995484313964843750e+02,2.988366394042968750e+02,2.983026123046875000e+02,3.000765075683593750e+02,3.017744750976562500e+02,3.031271667480468750e+02,3.060744628906250000e+02,3.047075805664062500e+02,3.039972534179687500e+02,nan,nan,nan,nan,nan,nan,nan,nan,nan,nan,nan,nan,nan,nan,nan,nan,nan,nan,nan,nan,nan,nan,nan,nan,nan,nan,nan,nan,nan,nan,nan,nan,nan,nan,nan,nan,nan,nan,nan,nan,nan,nan,nan,nan,nan,nan,nan,nan,nan,nan,nan,nan,nan,nan,nan,nan,nan,nan,nan,nan,nan,nan,nan,nan,nan,nan,nan,nan,nan,nan,nan,nan,nan,nan,nan,nan,nan,nan,nan,nan,nan,nan,nan,nan,nan,nan,nan,nan,nan
3.033379516601562500e+02,3.031783142089843750e+02,3.030242004394531250e+02,3.028609313964843750e+02,3.027107849121093750e+02,3.025711059570312500e+02,3.023840942382812500e+02,3.021945800781250000e+02,3.020405883789062500e+02,3.018183593750000000e+02,3.015747680664062500e+02,3.013793029785156250e+02,3.012723999023437500e+02,3.012258605957031250e+02,3.012861938476562500e+02,3.015021362304687500e+02,3.018934631347656250e+02,3.024649658203125000e+02,3.030993652343750000e+02,3.037446899414062500e+02,3.043558044433593750e+02,3.048614196777343750e+02,3.052566528320312500e+02,3.055714111328125000e+02,3.058573608398437500e+02,3.061287841796875000e+02,3.063592834472656250e+02,3.065130920410156250e+02,3.066137695312500000e+02,3.066565856933593750e+02,3.066524047851562500e+02,3.065714721679687500e+02,3.064266357421875000e+02,3.061630859375000000e+02,3.058320922851562500e+02,3.055122680664062500e+02,3.052483215332031250e+02,3.050655822753906250e+02,3.049176025390625000e+02,3.047519531250000000e+02,3.045451049804687500e+02,3.043814697265625000e+02,3.042228088378906250e+02,3.041174011230468750e+02,3.040887756347656250e+02,3.040341491699218750e+02,3.037494201660156250e+02,3.033592224121093750e+02,3.031358642578125000e+02,3.029436340332031250e+02,3.027472839355468750e+02,3.026080322265625000e+02,3.025888977050781250e+02,3.026488647460937500e+02,3.026205444335937500e+02,3.023987731933593750e+02,3.021885681152343750e+02,3.018469848632812500e+02,3.025384826660156250e+02,3.024147644042968750e+02,3.013925476074218750e+02,3.008562927246093750e+02,3.004927673339843750e+02,2.998380126953125000e+02,3.002994689941406250e+02,3.017180480957031250e+02,3.015544738769531250e+02,3.022134094238281250e+02,3.050704956054687500e+02,3.042608642578125000e+02,3.027644042968750000e+02,3.022326354980468750e+02,nan,nan,nan,nan,nan,nan,nan,nan,nan,nan,nan,nan,nan,nan,nan,nan,nan,nan,nan,nan,nan,nan,nan,nan,nan,nan,nan,nan,nan,nan,nan,nan,nan,nan,nan,nan,nan,nan,nan,nan,nan,nan,nan,nan,nan,nan,nan,nan,nan,nan,nan,nan,nan,nan,nan,nan,nan,nan,nan,nan,nan,nan,nan,nan,nan,nan,nan,nan,nan,nan,nan,nan,nan,nan,nan,nan,nan,nan,nan,nan,nan,nan,nan,nan,nan,nan,nan,nan
3.030283203125000000e+02,3.028696594238281250e+02,3.027049255371093750e+02,3.025412292480468750e+02,3.023814697265625000e+02,3.022292175292968750e+02,3.020389709472656250e+02,3.018795471191406250e+02,3.017037963867187500e+02,3.014577941894531250e+02,3.012100219726562500e+02,3.010256958007812500e+02,3.009324035644531250e+02,3.009020690917968750e+02,3.010154418945312500e+02,3.013153686523437500e+02,3.018030700683593750e+02,3.024465026855468750e+02,3.031313781738281250e+02,3.038551635742187500e+02,3.045392761230468750e+02,3.050385131835937500e+02,3.054177246093750000e+02,3.057589416503906250e+02,3.060407409667968750e+02,3.062939453125000000e+02,3.064588012695312500e+02,3.065744323730468750e+02,3.066728515625000000e+02,3.067071228027343750e+02,3.066538696289062500e+02,3.064718322753906250e+02,3.062559204101562500e+02,3.059467468261718750e+02,3.055923461914062500e+02,3.052608642578125000e+02,3.049772949218750000e+02,3.048026733398437500e+02,3.046593933105468750e+02,3.044889221191406250e+02,3.043052978515625000e+02,3.041617126464843750e+02,3.040618896484375000e+02,3.039767761230468750e+02,3.038726196289062500e+02,3.037788085937500000e+02,3.034958190917968750e+02,3.031524658203125000e+02,3.029262695312500000e+02,3.026759643554687500e+02,3.025095825195312500e+02,3.024305419921875000e+02,3.024378662109375000e+02,3.024786682128906250e+02,3.024132690429687500e+02,3.021373596191406250e+02,3.018898620605468750e+02,3.021337890625000000e+02,3.028634033203125000e+02,3.024888305664062500e+02,3.017140808105468750e+02,3.015886535644531250e+02,3.016048889160156250e+02,3.012402954101562500e+02,3.016177368164062500e+02,3.009967956542968750e+02,2.994884948730468750e+02,2.999413146972656250e+02,3.019099731445312500e+02,3.011649780273437500e+02,3.001349487304687500e+02,3.000492553710937500e+02,nan,nan,nan,nan,nan,nan,nan,nan,nan,nan,nan,nan,nan,nan,nan,nan,nan,nan,nan,nan,nan,nan,nan,nan,nan,nan,nan,nan,nan,nan,nan,nan,nan,nan,nan,nan,nan,nan,nan,nan,nan,nan,nan,nan,nan,nan,nan,nan,nan,nan,nan,nan,nan,nan,nan,nan,nan,nan,nan,nan,nan,nan,nan,nan,nan,nan,nan,nan,nan,nan,nan,nan,nan,nan,nan,nan,nan,nan,nan,nan,nan,nan,nan,nan,nan,nan,nan,nan
3.027192077636718750e+02,3.025537414550781250e+02,3.023952331542968750e+02,3.022442626953125000e+02,3.020829467773437500e+02,3.019096984863281250e+02,3.017109375000000000e+02,3.015235595703125000e+02,3.012990722656250000e+02,3.010462951660156250e+02,3.008023681640625000e+02,3.006303710937500000e+02,3.005424194335937500e+02,3.005419311523437500e+02,3.007453308105468750e+02,3.011551513671875000e+02,3.017430725097656250e+02,3.024659423828125000e+02,3.032284545898437500e+02,3.040486450195312500e+02,3.047351074218750000e+02,3.051925659179687500e+02,3.055510253906250000e+02,3.058626708984375000e+02,3.061173095703125000e+02,3.063154602050781250e+02,3.064484558105468750e+02,3.065677490234375000e+02,3.066518554687500000e+02,3.066509399414062500e+02,3.065034179687500000e+02,3.062515869140625000e+02,3.059927062988281250e+02,3.056492309570312500e+02,3.052762145996093750e+02,3.049329223632812500e+02,3.046748352050781250e+02,3.045348205566406250e+02,3.043909301757812500e+02,3.042169189453125000e+02,3.040605163574218750e+02,3.039355773925781250e+02,3.037984313964843750e+02,3.036635742187500000e+02,3.035179443359375000e+02,3.034168701171875000e+02,3.031569519042968750e+02,3.028470458984375000e+02,3.025594482421875000e+02,3.023142089843750000e+02,3.022219238281250000e+02,3.021816711425781250e+02,3.021875305175781250e+02,3.021679992675781250e+02,3.020144348144531250e+02,3.017079772949218750e+02,3.015116882324218750e+02,3.018214111328125000e+02,3.024009704589843750e+02,3.019783020019531250e+02,3.016960449218750000e+02,3.019983825683593750e+02,3.020084228515625000e+02,3.014555969238281250e+02,3.007816162109375000e+02,2.994635620117187500e+02,2.981305541992187500e+02,2.988202819824218750e+02,3.009140319824218750e+02,3.013623352050781250e+02,3.010766906738281250e+02,2.998879089355468750e+02,3.009704589843750000e+02,nan,nan,nan,nan,nan,nan,nan,nan,nan,nan,nan,nan,nan,nan,nan,nan,nan,nan,nan,nan,nan,nan,nan,nan,nan,nan,nan,nan,nan,nan,nan,nan,nan,nan,nan,nan,nan,nan,nan,nan,nan,nan,nan,nan,nan,nan,nan,nan,nan,nan,nan,nan,nan,nan,nan,nan,nan,nan,nan,nan,nan,nan,nan,nan,nan,nan,nan,nan,nan,nan,nan,nan,nan,nan,nan,nan,nan,nan,nan,nan,nan,nan,nan,nan,nan,nan,nan
3.024085083007812500e+02,3.022438049316406250e+02,3.021192626953125000e+02,3.019764404296875000e+02,3.018020935058593750e+02,3.015900878906250000e+02,3.013534545898437500e+02,3.011134338378906250e+02,3.008598022460937500e+02,3.005949096679687500e+02,3.003428955078125000e+02,3.001758117675781250e+02,3.001067810058593750e+02,3.001976928710937500e+02,3.005317687988281250e+02,3.010573120117187500e+02,3.017471923828125000e+02,3.025443115234375000e+02,3.034122619628906250e+02,3.042633361816406250e+02,3.048967590332031250e+02,3.053037109375000000e+02,3.056270446777343750e+02,3.058881530761718750e+02,3.061037597656250000e+02,3.062884216308593750e+02,3.064472045898437500e+02,3.065659484863281250e+02,3.066041259765625000e+02,3.065177917480468750e+02,3.062762145996093750e+02,3.059942016601562500e+02,3.056970214843750000e+02,3.053210449218750000e+02,3.049349365234375000e+02,3.046113281250000000e+02,3.044278259277343750e+02,3.043072204589843750e+02,3.041459045410156250e+02,3.039784240722656250e+02,3.038211364746093750e+02,3.036637573242187500e+02,3.034636840820312500e+02,3.032444152832031250e+02,3.031067199707031250e+02,3.030178833007812500e+02,3.027857055664062500e+02,3.024735717773437500e+02,3.021853637695312500e+02,3.020331115722656250e+02,3.019812316894531250e+02,3.019477844238281250e+02,3.018913879394531250e+02,3.018009643554687500e+02,3.015725097656250000e+02,3.013653564453125000e+02,3.012569580078125000e+02,3.015371093750000000e+02,3.018348999023437500e+02,3.012069091796875000e+02,3.018010864257812500e+02,3.023323669433593750e+02,3.017529602050781250e+02,3.007886352539062500e+02,2.999188232421875000e+02,2.990983581542968750e+02,2.983296203613281250e+02,2.993822021484375000e+02,3.022391967773437500e+02,3.036835632324218750e+02,3.034900817871093750e+02,3.028684082031250000e+02,3.043465270996093750e+02,3.053793334960937500e+02,nan,nan,nan,nan,nan,nan,nan,nan,nan,nan,nan,nan,nan,nan,nan,nan,nan,nan,nan,nan,nan,nan,nan,nan,nan,nan,nan,nan,nan,nan,nan,nan,nan,nan,nan,nan,nan,nan,nan,nan,nan,nan,nan,nan,nan,nan,nan,nan,nan,nan,nan,nan,nan,nan,nan,nan,nan,nan,nan,nan,nan,nan,nan,nan,nan,nan,nan,nan,nan,nan,nan,nan,nan,nan,nan,nan,nan,nan,nan,nan,nan,nan,nan,nan,nan,nan
3.021271667480468750e+02,3.019854431152343750e+02,3.018713989257812500e+02,3.017015991210937500e+02,3.014890747070312500e+02,3.012393798828125000e+02,3.009692382812500000e+02,3.006984863281250000e+02,3.004244995117187500e+02,3.001302490234375000e+02,2.998641662597656250e+02,2.996940917968750000e+02,2.996886291503906250e+02,2.999035949707031250e+02,3.003736877441406250e+02,3.010302124023437500e+02,3.018227539062500000e+02,3.027178955078125000e+02,3.036414184570312500e+02,3.044729309082031250e+02,3.050615844726562500e+02,3.054271240234375000e+02,3.057277526855468750e+02,3.059758300781250000e+02,3.061936645507812500e+02,3.063942565917968750e+02,3.065521545410156250e+02,3.066449584960937500e+02,3.066206970214843750e+02,3.064764099121093750e+02,3.061756896972656250e+02,3.058474121093750000e+02,3.054792175292968750e+02,3.050620727539062500e+02,3.046750793457031250e+02,3.044042968750000000e+02,3.042582092285156250e+02,3.041108093261718750e+02,3.039463806152343750e+02,3.037936401367187500e+02,3.036226196289062500e+02,3.034473266601562500e+02,3.032153625488281250e+02,3.030016479492187500e+02,3.029231262207031250e+02,3.028710937500000000e+02,3.026597900390625000e+02,3.023662109375000000e+02,3.021414794921875000e+02,3.020445861816406250e+02,3.020134887695312500e+02,3.019683532714843750e+02,3.018944396972656250e+02,3.017644653320312500e+02,3.015854492187500000e+02,3.014527282714843750e+02,3.013897094726562500e+02,3.015609741210937500e+02,3.012284545898437500e+02,3.009374694824218750e+02,3.018153991699218750e+02,3.019176330566406250e+02,3.010283508300781250e+02,3.002739257812500000e+02,2.998984069824218750e+02,2.995545349121093750e+02,2.990956726074218750e+02,3.002537536621093750e+02,3.036848449707031250e+02,3.059941406250000000e+02,3.063641967773437500e+02,3.067332458496093750e+02,3.079033813476562500e+02,3.076926879882812500e+02,3.081897888183593750e+02,nan,nan,nan,nan,nan,nan,nan,nan,nan,nan,nan,nan,nan,nan,nan,nan,nan,nan,nan,nan,nan,nan,nan,nan,nan,nan,nan,nan,nan,nan,nan,nan,nan,nan,nan,nan,nan,nan,nan,nan,nan,nan,nan,nan,nan,nan,nan,nan,nan,nan,nan,nan,nan,nan,nan,nan,nan,nan,nan,nan,nan,nan,nan,nan,nan,nan,nan,nan,nan,nan,nan,nan,nan,nan,nan,nan,nan,nan,nan,nan,nan,nan,nan,nan,nan
3.016903991699218750e+02,3.015800476074218750e+02,3.014563293457031250e+02,3.012632751464843750e+02,3.010195312500000000e+02,3.007640380859375000e+02,3.004937438964843750e+02,3.002145690917968750e+02,2.999102783203125000e+02,2.995767822265625000e+02,2.993021850585937500e+02,2.991567077636718750e+02,2.992357177734375000e+02,2.995669250488281250e+02,3.001894226074218750e+02,3.010199890136718750e+02,3.019552917480468750e+02,3.029620056152343750e+02,3.038861083984375000e+02,3.046780090332031250e+02,3.052097167968750000e+02,3.055505981445312500e+02,3.058460388183593750e+02,3.061168518066406250e+02,3.063580932617187500e+02,3.065529479980468750e+02,3.066927490234375000e+02,3.067489318847656250e+02,3.067000732421875000e+02,3.065185241699218750e+02,3.061456298828125000e+02,3.057077636718750000e+02,3.052494201660156250e+02,3.047981567382812500e+02,3.044435119628906250e+02,3.042411804199218750e+02,3.040888977050781250e+02,3.039346313476562500e+02,3.037955322265625000e+02,3.036490173339843750e+02,3.034722595214843750e+02,3.032949218750000000e+02,3.031263427734375000e+02,3.030572509765625000e+02,3.030547485351562500e+02,3.030283508300781250e+02,3.028063354492187500e+02,3.025462951660156250e+02,3.023721008300781250e+02,3.023059082031250000e+02,3.022825012207031250e+02,3.022439270019531250e+02,3.021950683593750000e+02,3.021141662597656250e+02,3.020324707031250000e+02,3.019249267578125000e+02,3.018486328125000000e+02,3.018274230957031250e+02,3.014744567871093750e+02,3.019131164550781250e+02,3.023622436523437500e+02,3.019914245605468750e+02,3.012155761718750000e+02,3.009554748535156250e+02,3.009633178710937500e+02,3.007518920898437500e+02,3.002892456054687500e+02,3.013579406738281250e+02,3.056327819824218750e+02,3.085305786132812500e+02,3.090970153808593750e+02,3.091015014648437500e+02,3.087357177734375000e+02,3.078395996093750000e+02,3.089334411621093750e+02,nan,nan,nan,nan,nan,nan,nan,nan,nan,nan,nan,nan,nan,nan,nan,nan,nan,nan,nan,nan,nan,nan,nan,nan,nan,nan,nan,nan,nan,nan,nan,nan,nan,nan,nan,nan,nan,nan,nan,nan,nan,nan,nan,nan,nan,nan,nan,nan,nan,nan,nan,nan,nan,nan,nan,nan,nan,nan,nan,nan,nan,nan,nan,nan,nan,nan,nan,nan,nan,nan,nan,nan,nan,nan,nan,nan,nan,nan,nan,nan,nan,nan,nan,nan,nan
3.012500915527343750e+02,3.011492309570312500e+02,3.010116882324218750e+02,3.007890625000000000e+02,3.005310058593750000e+02,3.002761535644531250e+02,2.999955444335937500e+02,2.996825256347656250e+02,2.993091125488281250e+02,2.989370117187500000e+02,2.986594238281250000e+02,2.985600891113281250e+02,2.987501220703125000e+02,2.992480468750000000e+02,3.000697326660156250e+02,3.010899047851562500e+02,3.021553955078125000e+02,3.031965332031250000e+02,3.040820007324218750e+02,3.048019409179687500e+02,3.052820434570312500e+02,3.055898742675781250e+02,3.058666076660156250e+02,3.061487121582031250e+02,3.063798828125000000e+02,3.065594787597656250e+02,3.066706542968750000e+02,3.066773071289062500e+02,3.065793762207031250e+02,3.062809448242187500e+02,3.058434448242187500e+02,3.053483276367187500e+02,3.048800964355468750e+02,3.044562683105468750e+02,3.042027587890625000e+02,3.040299682617187500e+02,3.038615722656250000e+02,3.037193298339843750e+02,3.035975341796875000e+02,3.034485473632812500e+02,3.032911376953125000e+02,3.031523437500000000e+02,3.031081542968750000e+02,3.031325378417968750e+02,3.031676025390625000e+02,3.031037597656250000e+02,3.028920593261718750e+02,3.026834411621093750e+02,3.025389404296875000e+02,3.024843444824218750e+02,3.024504089355468750e+02,3.024318542480468750e+02,3.024447937011718750e+02,3.024532470703125000e+02,3.024108581542968750e+02,3.023156127929687500e+02,3.022238159179687500e+02,3.022265625000000000e+02,3.022831420898437500e+02,3.028168640136718750e+02,3.030376586914062500e+02,3.022911682128906250e+02,3.018546447753906250e+02,3.018486022949218750e+02,3.018739624023437500e+02,3.014244384765625000e+02,3.006549987792968750e+02,3.025666503906250000e+02,3.079968566894531250e+02,3.106674804687500000e+02,3.109076232910156250e+02,3.097641601562500000e+02,3.087999877929687500e+02,3.077509765625000000e+02,3.110072021484375000e+02,3.085207519531250000e+02,nan,nan,nan,nan,nan,nan,nan,nan,nan,nan,nan,nan,nan,nan,nan,nan,nan,nan,nan,nan,nan,nan,nan,nan,nan,nan,nan,nan,nan,nan,nan,nan,nan,nan,nan,nan,nan,nan,nan,nan,nan,nan,nan,nan,nan,nan,nan,nan,nan,nan,nan,nan,nan,nan,nan,nan,nan,nan,nan,nan,nan,nan,nan,nan,nan,nan,nan,nan,nan,nan,nan,nan,nan,nan,nan,nan,nan,nan,nan,nan,nan,nan,nan,nan
3.008195800781250000e+02,3.007145080566406250e+02,3.005519714355468750e+02,3.003129272460937500e+02,3.000548095703125000e+02,2.997826232910156250e+02,2.994656372070312500e+02,2.990638732910156250e+02,2.986162414550781250e+02,2.982159118652343750e+02,2.979201660156250000e+02,2.978822021484375000e+02,2.982613525390625000e+02,2.990137939453125000e+02,3.000716247558593750e+02,3.012355041503906250e+02,3.023366394042968750e+02,3.033217163085937500e+02,3.041294250488281250e+02,3.047733764648437500e+02,3.051927185058593750e+02,3.054461364746093750e+02,3.056958618164062500e+02,3.059849548339843750e+02,3.062005920410156250e+02,3.063518066406250000e+02,3.064104003906250000e+02,3.063515319824218750e+02,3.061443176269531250e+02,3.057825317382812500e+02,3.053407592773437500e+02,3.048475952148437500e+02,3.044246215820312500e+02,3.041189270019531250e+02,3.039100036621093750e+02,3.037027893066406250e+02,3.035267333984375000e+02,3.034250488281250000e+02,3.033393859863281250e+02,3.032141113281250000e+02,3.030782165527343750e+02,3.030023498535156250e+02,3.030270080566406250e+02,3.030631103515625000e+02,3.030653076171875000e+02,3.030385742187500000e+02,3.029191589355468750e+02,3.027516479492187500e+02,3.026130981445312500e+02,3.025228881835937500e+02,3.024581298828125000e+02,3.024818420410156250e+02,3.026428833007812500e+02,3.027163085937500000e+02,3.026270141601562500e+02,3.025176391601562500e+02,3.024847717285156250e+02,3.025380249023437500e+02,3.025922851562500000e+02,3.028310852050781250e+02,3.026033630371093750e+02,3.018790283203125000e+02,3.020870056152343750e+02,3.022559509277343750e+02,3.021833801269531250e+02,3.015680236816406250e+02,3.016175537109375000e+02,3.066201477050781250e+02,3.121967773437500000e+02,3.137428283691406250e+02,3.131234741210937500e+02,3.110693359375000000e+02,3.093843688964843750e+02,3.086681823730468750e+02,3.115644226074218750e+02,3.056041564941406250e+02,3.042107238769531250e+02,nan,nan,nan,nan,nan,nan,nan,nan,nan,nan,nan,nan,nan,nan,nan,nan,nan,nan,nan,nan,nan,nan,nan,nan,nan,nan,nan,nan,nan,nan,nan,nan,nan,nan,nan,nan,nan,nan,nan,nan,nan,nan,nan,nan,nan,nan,nan,nan,nan,nan,nan,nan,nan,nan,nan,nan,nan,nan,nan,nan,nan,nan,nan,nan,nan,nan,nan,nan,nan,nan,nan,nan,nan,nan,nan,nan,nan,nan,nan,nan,nan,nan,nan
3.004303588867187500e+02,3.003013610839843750e+02,3.001063537597656250e+02,2.998442687988281250e+02,2.995687255859375000e+02,2.992631835937500000e+02,2.988724060058593750e+02,2.983810119628906250e+02,2.978870544433593750e+02,2.974460449218750000e+02,2.971391906738281250e+02,2.972339477539062500e+02,2.978708496093750000e+02,2.988995971679687500e+02,3.001839904785156250e+02,3.014313964843750000e+02,3.024962158203125000e+02,3.033887634277343750e+02,3.040899658203125000e+02,3.046569519042968750e+02,3.050191955566406250e+02,3.052082214355468750e+02,3.054584960937500000e+02,3.057803344726562500e+02,3.059779052734375000e+02,3.060957031250000000e+02,3.061100463867187500e+02,3.059839477539062500e+02,3.057115478515625000e+02,3.053540954589843750e+02,3.048997192382812500e+02,3.044139709472656250e+02,3.040589904785156250e+02,3.038157348632812500e+02,3.035791625976562500e+02,3.033709106445312500e+02,3.032336425781250000e+02,3.031885375976562500e+02,3.031448669433593750e+02,3.030254211425781250e+02,3.029333190917968750e+02,3.029365234375000000e+02,3.029941406250000000e+02,3.030249023437500000e+02,3.030332946777343750e+02,3.030489501953125000e+02,3.029863891601562500e+02,3.028117675781250000e+02,3.026587829589843750e+02,3.025416870117187500e+02,3.024932556152343750e+02,3.025791015625000000e+02,3.028194885253906250e+02,3.028166503906250000e+02,3.026680603027343750e+02,3.026208496093750000e+02,3.026651611328125000e+02,3.027640075683593750e+02,3.026443786621093750e+02,3.025980834960937500e+02,3.021380920410156250e+02,3.020678100585937500e+02,3.028367919921875000e+02,3.028804016113281250e+02,3.026304321289062500e+02,3.022997741699218750e+02,3.048446960449218750e+02,3.109899902343750000e+02,3.141255798339843750e+02,3.142473449707031250e+02,3.127144775390625000e+02,3.100880432128906250e+02,3.077828369140625000e+02,3.066170043945312500e+02,3.063400268554687500e+02,2.987270507812500000e+02,2.986297607421875000e+02,nan,nan,nan,nan,nan,nan,nan,nan,nan,nan,nan,nan,nan,nan,nan,nan,nan,nan,nan,nan,nan,nan,nan,nan,nan,nan,nan,nan,nan,nan,nan,nan,nan,nan,nan,nan,nan,nan,nan,nan,nan,nan,nan,nan,nan,nan,nan,nan,nan,nan,nan,nan,nan,nan,nan,nan,nan,nan,nan,nan,nan,nan,nan,nan,nan,nan,nan,nan,nan,nan,nan,nan,nan,nan,nan,nan,nan,nan,nan,nan,nan,nan,nan
3.000461425781250000e+02,2.998217773437500000e+02,2.995596618652343750e+02,2.992501525878906250e+02,2.989472351074218750e+02,2.985904541015625000e+02,2.981265869140625000e+02,2.975924682617187500e+02,2.970241088867187500e+02,2.965214538574218750e+02,2.962347106933593750e+02,2.965408325195312500e+02,2.974694824218750000e+02,2.987723388671875000e+02,3.002552185058593750e+02,3.015296630859375000e+02,3.025244445800781250e+02,3.033045654296875000e+02,3.039038696289062500e+02,3.044159240722656250e+02,3.047444152832031250e+02,3.049412231445312500e+02,3.052813110351562500e+02,3.055991821289062500e+02,3.057631225585937500e+02,3.058539733886718750e+02,3.058255004882812500e+02,3.056465454101562500e+02,3.053642578125000000e+02,3.050165405273437500e+02,3.045668334960937500e+02,3.041276855468750000e+02,3.037857666015625000e+02,3.035191345214843750e+02,3.032820129394531250e+02,3.031054992675781250e+02,3.030475158691406250e+02,3.030617675781250000e+02,3.030283508300781250e+02,3.029528503417968750e+02,3.029603881835937500e+02,3.030466003417968750e+02,3.031464843750000000e+02,3.031698913574218750e+02,3.031995849609375000e+02,3.032141418457031250e+02,3.030943908691406250e+02,3.028562622070312500e+02,3.026989135742187500e+02,3.026148681640625000e+02,3.025912475585937500e+02,3.026629028320312500e+02,3.027301025390625000e+02,3.025645446777343750e+02,3.024811401367187500e+02,3.025325012207031250e+02,3.026540832519531250e+02,3.027198181152343750e+02,3.025188293457031250e+02,3.024836425781250000e+02,3.024552001953125000e+02,3.028560485839843750e+02,3.031100769042968750e+02,3.026176452636718750e+02,3.026293334960937500e+02,3.035563354492187500e+02,3.079248657226562500e+02,3.124789428710937500e+02,3.135554809570312500e+02,3.120783996582031250e+02,3.096717529296875000e+02,3.067427368164062500e+02,3.044207458496093750e+02,3.034807434082031250e+02,3.031473693847656250e+02,2.984522399902343750e+02,2.994164428710937500e+02,nan,nan,nan,nan,nan,nan,nan,nan,nan,nan,nan,nan,nan,nan,nan,nan,nan,nan,nan,nan,nan,nan,nan,nan,nan,nan,nan,nan,nan,nan,nan,nan,nan,nan,nan,nan,nan,nan,nan,nan,nan,nan,nan,nan,nan,nan,nan,nan,nan,nan,nan,nan,nan,nan,nan,nan,nan,nan,nan,nan,nan,nan,nan,nan,nan,nan,nan,nan,nan,nan,nan,nan,nan,nan,nan,nan,nan,nan,nan,nan,nan,nan,nan
2.995939941406250000e+02,2.992347412109375000e+02,2.988999328613281250e+02,2.985383300781250000e+02,2.981834411621093750e+02,2.977508239746093750e+02,2.972398376464843750e+02,2.966505126953125000e+02,2.959958496093750000e+02,2.954200744628906250e+02,2.951912231445312500e+02,2.957566528320312500e+02,2.970778503417968750e+02,2.987274169921875000e+02,3.003196105957031250e+02,3.015361633300781250e+02,3.024180908203125000e+02,3.030827026367187500e+02,3.036026306152343750e+02,3.040865783691406250e+02,3.044282226562500000e+02,3.047353210449218750e+02,3.051438598632812500e+02,3.054313354492187500e+02,3.055886840820312500e+02,3.056510009765625000e+02,3.055835571289062500e+02,3.053775634765625000e+02,3.050912475585937500e+02,3.047319335937500000e+02,3.042761230468750000e+02,3.038536376953125000e+02,3.035002441406250000e+02,3.032093811035156250e+02,3.029949035644531250e+02,3.028900451660156250e+02,3.029311218261718750e+02,3.029851684570312500e+02,3.029743347167968750e+02,3.030056457519531250e+02,3.030973205566406250e+02,3.032500000000000000e+02,3.033456726074218750e+02,3.033753356933593750e+02,3.034485168457031250e+02,3.034419555664062500e+02,3.032154846191406250e+02,3.029763488769531250e+02,3.028329772949218750e+02,3.027979736328125000e+02,3.027660522460937500e+02,3.028028259277343750e+02,3.027171020507812500e+02,3.025690612792968750e+02,3.025930786132812500e+02,3.026819152832031250e+02,3.028236083984375000e+02,3.028283386230468750e+02,3.027059326171875000e+02,3.027678222656250000e+02,3.028596496582031250e+02,3.031755981445312500e+02,3.026206054687500000e+02,3.024070129394531250e+02,3.030529479980468750e+02,3.053244628906250000e+02,3.095319213867187500e+02,3.125524291992187500e+02,3.114375915527343750e+02,3.090532836914062500e+02,3.064011230468750000e+02,3.036697387695312500e+02,3.017453002929687500e+02,3.015125122070312500e+02,3.018075256347656250e+02,3.007830810546875000e+02,3.007708129882812500e+02,nan,nan,nan,nan,nan,nan,nan,nan,nan,nan,nan,nan,nan,nan,nan,nan,nan,nan,nan,nan,nan,nan,nan,nan,nan,nan,nan,nan,nan,nan,nan,nan,nan,nan,nan,nan,nan,nan,nan,nan,nan,nan,nan,nan,nan,nan,nan,nan,nan,nan,nan,nan,nan,nan,nan,nan,nan,nan,nan,nan,nan,nan,nan,nan,nan,nan,nan,nan,nan,nan,nan,nan,nan,nan,nan,nan,nan,nan,nan,nan,nan,nan,nan
2.990139770507812500e+02,2.984735107421875000e+02,2.979930419921875000e+02,2.975104980468750000e+02,2.970668334960937500e+02,2.965397644042968750e+02,2.960034790039062500e+02,2.953482055664062500e+02,2.946317443847656250e+02,2.939359130859375000e+02,2.938415832519531250e+02,2.947765197753906250e+02,2.966161193847656250e+02,2.985375061035156250e+02,3.000968933105468750e+02,3.012327270507812500e+02,3.020190429687500000e+02,3.026172790527343750e+02,3.031206359863281250e+02,3.036220397949218750e+02,3.040159912109375000e+02,3.044057006835937500e+02,3.048156127929687500e+02,3.051161499023437500e+02,3.052925720214843750e+02,3.053675231933593750e+02,3.052940368652343750e+02,3.050670166015625000e+02,3.047583312988281250e+02,3.043793640136718750e+02,3.039043273925781250e+02,3.034291687011718750e+02,3.030647888183593750e+02,3.027950744628906250e+02,3.026656188964843750e+02,3.026719970703125000e+02,3.027816467285156250e+02,3.028739013671875000e+02,3.029655761718750000e+02,3.030919799804687500e+02,3.032416687011718750e+02,3.033972778320312500e+02,3.034754028320312500e+02,3.035477905273437500e+02,3.036361389160156250e+02,3.035979614257812500e+02,3.034182128906250000e+02,3.032339477539062500e+02,3.031486206054687500e+02,3.031607971191406250e+02,3.031532592773437500e+02,3.032312927246093750e+02,3.032662048339843750e+02,3.033031311035156250e+02,3.033922424316406250e+02,3.034986572265625000e+02,3.036404418945312500e+02,3.036511840820312500e+02,3.035970153808593750e+02,3.035981445312500000e+02,3.035838623046875000e+02,3.036721801757812500e+02,3.031186828613281250e+02,3.036932373046875000e+02,3.048031005859375000e+02,3.069065246582031250e+02,3.102390136718750000e+02,3.116686706542968750e+02,3.094094543457031250e+02,3.076175842285156250e+02,3.055870971679687500e+02,3.039075927734375000e+02,3.027823791503906250e+02,3.025434570312500000e+02,3.029479980468750000e+02,3.030315246582031250e+02,3.012176818847656250e+02,2.995875854492187500e+02,nan,nan,nan,nan,nan,nan,nan,nan,nan,nan,nan,nan,nan,nan,nan,nan,nan,nan,nan,nan,nan,nan,nan,nan,nan,nan,nan,nan,nan,nan,nan,nan,nan,nan,nan,nan,nan,nan,nan,nan,nan,nan,nan,nan,nan,nan,nan,nan,nan,nan,nan,nan,nan,nan,nan,nan,nan,nan,nan,nan,nan,nan,nan,nan,nan,nan,nan,nan,nan,nan,nan,nan,nan,nan,nan,nan,nan,nan,nan,nan,nan,nan
2.983585205078125000e+02,2.975240173339843750e+02,2.968505859375000000e+02,2.962391662597656250e+02,2.956929321289062500e+02,2.950894165039062500e+02,2.944634094238281250e+02,2.936999816894531250e+02,2.927663269042968750e+02,2.920025329589843750e+02,2.922270812988281250e+02,2.937049255371093750e+02,2.959780273437500000e+02,2.979549865722656250e+02,2.994360351562500000e+02,3.005369262695312500e+02,3.012529602050781250e+02,3.018364257812500000e+02,3.023874816894531250e+02,3.029493713378906250e+02,3.034184875488281250e+02,3.038551940917968750e+02,3.042812805175781250e+02,3.046130065917968750e+02,3.048346862792968750e+02,3.049479370117187500e+02,3.048564453125000000e+02,3.046100769042968750e+02,3.042850341796875000e+02,3.038958740234375000e+02,3.034028625488281250e+02,3.028597412109375000e+02,3.024837646484375000e+02,3.023088073730468750e+02,3.022861328125000000e+02,3.023885192871093750e+02,3.025508422851562500e+02,3.027465515136718750e+02,3.029721679687500000e+02,3.031934204101562500e+02,3.033903198242187500e+02,3.035223388671875000e+02,3.036203918457031250e+02,3.037277526855468750e+02,3.038299865722656250e+02,3.038276977539062500e+02,3.037431640625000000e+02,3.036136779785156250e+02,3.035960693359375000e+02,3.036664123535156250e+02,3.037338867187500000e+02,3.038986816406250000e+02,3.040844726562500000e+02,3.042366943359375000e+02,3.043709716796875000e+02,3.045253906250000000e+02,3.046805114746093750e+02,3.046877746582031250e+02,3.046081542968750000e+02,3.045210571289062500e+02,3.044075927734375000e+02,3.042466735839843750e+02,3.041560668945312500e+02,3.052812805175781250e+02,3.066223144531250000e+02,3.082659606933593750e+02,3.110147705078125000e+02,3.110816040039062500e+02,3.090211791992187500e+02,3.077170104980468750e+02,3.067462463378906250e+02,3.060440673828125000e+02,3.057204284667968750e+02,3.052586669921875000e+02,3.056623840332031250e+02,3.047152404785156250e+02,3.013215637207031250e+02,2.960158386230468750e+02,2.955697631835937500e+02,nan,nan,nan,nan,nan,nan,nan,nan,nan,nan,nan,nan,nan,nan,nan,nan,nan,nan,nan,nan,nan,nan,nan,nan,nan,nan,nan,nan,nan,nan,nan,nan,nan,nan,nan,nan,nan,nan,nan,nan,nan,nan,nan,nan,nan,nan,nan,nan,nan,nan,nan,nan,nan,nan,nan,nan,nan,nan,nan,nan,nan,nan,nan,nan,nan,nan,nan,nan,nan,nan,nan,nan,nan,nan,nan,nan,nan,nan,nan,nan,nan
2.987346496582031250e+02,2.975661621093750000e+02,2.967670593261718750e+02,2.960405273437500000e+02,2.952597656250000000e+02,2.944265441894531250e+02,2.934904174804687500e+02,2.923506469726562500e+02,2.910110473632812500e+02,2.905593261718750000e+02,2.913414306640625000e+02,2.935283508300781250e+02,2.958928527832031250e+02,2.976338500976562500e+02,2.990561523437500000e+02,3.000140075683593750e+02,3.006022338867187500e+02,3.011896057128906250e+02,3.017886657714843750e+02,3.024305114746093750e+02,3.029943542480468750e+02,3.035212402343750000e+02,3.039992370605468750e+02,3.043783569335937500e+02,3.046542968750000000e+02,3.047414245605468750e+02,3.045996093750000000e+02,3.043275146484375000e+02,3.039768981933593750e+02,3.035449523925781250e+02,3.030056762695312500e+02,3.024461059570312500e+02,3.021246032714843750e+02,3.020210571289062500e+02,3.020482788085937500e+02,3.021959838867187500e+02,3.024312744140625000e+02,3.027387695312500000e+02,3.030715332031250000e+02,3.033666992187500000e+02,3.035962524414062500e+02,3.037342834472656250e+02,3.038622436523437500e+02,3.039766235351562500e+02,3.040665588378906250e+02,3.040633850097656250e+02,3.040017395019531250e+02,3.039197387695312500e+02,3.039804077148437500e+02,3.041238403320312500e+02,3.042556152343750000e+02,3.044591064453125000e+02,3.046834411621093750e+02,3.048872985839843750e+02,3.050747680664062500e+02,3.052640686035156250e+02,3.053836669921875000e+02,3.053550415039062500e+02,3.052516174316406250e+02,3.050957031250000000e+02,3.048653259277343750e+02,3.045713500976562500e+02,3.047000122070312500e+02,3.062536926269531250e+02,3.076524047851562500e+02,3.092365417480468750e+02,3.114375915527343750e+02,3.111340637207031250e+02,3.095499267578125000e+02,3.083248901367187500e+02,3.076242370605468750e+02,3.073658752441406250e+02,3.070000610351562500e+02,3.066084594726562500e+02,3.066976318359375000e+02,3.051526184082031250e+02,3.017170104980468750e+02,2.955195617675781250e+02,2.956107482910156250e+02,nan,nan,nan,nan,nan,nan,nan,nan,nan,nan,nan,nan,nan,nan,nan,nan,nan,nan,nan,nan,nan,nan,nan,nan,nan,nan,nan,nan,nan,nan,nan,nan,nan,nan,nan,nan,nan,nan,nan,nan,nan,nan,nan,nan,nan,nan,nan,nan,nan,nan,nan,nan,nan,nan,nan,nan,nan,nan,nan,nan,nan,nan,nan,nan,nan,nan,nan,nan,nan,nan,nan,nan,nan,nan,nan,nan,nan,nan,nan,nan,nan
2.993065490722656250e+02,2.980713806152343750e+02,2.974753417968750000e+02,2.964447631835937500e+02,2.952013854980468750e+02,2.938727416992187500e+02,2.924022521972656250e+02,2.902832946777343750e+02,2.887679138183593750e+02,2.890825805664062500e+02,2.906560668945312500e+02,2.932352294921875000e+02,2.953944396972656250e+02,2.969627990722656250e+02,2.982613525390625000e+02,2.990122680664062500e+02,2.995711364746093750e+02,3.002489929199218750e+02,3.009432678222656250e+02,3.017155761718750000e+02,3.024443359375000000e+02,3.031131591796875000e+02,3.036912536621093750e+02,3.041514587402343750e+02,3.044363098144531250e+02,3.044578247070312500e+02,3.042766723632812500e+02,3.039687500000000000e+02,3.035708618164062500e+02,3.030516967773437500e+02,3.024338378906250000e+02,3.018965148925781250e+02,3.016129760742187500e+02,3.015331420898437500e+02,3.015813598632812500e+02,3.017801818847656250e+02,3.021145324707031250e+02,3.025312194824218750e+02,3.029441528320312500e+02,3.032851562500000000e+02,3.035451965332031250e+02,3.037413024902343750e+02,3.038843688964843750e+02,3.039735412597656250e+02,3.039880981445312500e+02,3.039630432128906250e+02,3.039218139648437500e+02,3.039537963867187500e+02,3.041173095703125000e+02,3.043240661621093750e+02,3.044879455566406250e+02,3.047165222167968750e+02,3.049809570312500000e+02,3.052285461425781250e+02,3.054568481445312500e+02,3.056427917480468750e+02,3.057228698730468750e+02,3.056766357421875000e+02,3.055576477050781250e+02,3.053282165527343750e+02,3.049307250976562500e+02,3.044911499023437500e+02,3.047991333007812500e+02,3.065726318359375000e+02,3.079863891601562500e+02,3.097611389160156250e+02,3.116964111328125000e+02,3.113374328613281250e+02,3.098818359375000000e+02,3.086197204589843750e+02,3.079815368652343750e+02,3.077484130859375000e+02,3.072618408203125000e+02,3.066701660156250000e+02,3.063930969238281250e+02,3.045556335449218750e+02,3.021528930664062500e+02,2.990433654785156250e+02,2.989792175292968750e+02,nan,nan,nan,nan,nan,nan,nan,nan,nan,nan,nan,nan,nan,nan,nan,nan,nan,nan,nan,nan,nan,nan,nan,nan,nan,nan,nan,nan,nan,nan,nan,nan,nan,nan,nan,nan,nan,nan,nan,nan,nan,nan,nan,nan,nan,nan,nan,nan,nan,nan,nan,nan,nan,nan,nan,nan,nan,nan,nan,nan,nan,nan,nan,nan,nan,nan,nan,nan,nan,nan,nan,nan,nan,nan,nan,nan,nan,nan,nan,nan,nan
2.998370666503906250e+02,2.988843383789062500e+02,2.983187255859375000e+02,2.969691772460937500e+02,2.952814941406250000e+02,2.935981750488281250e+02,2.912851257324218750e+02,2.884151611328125000e+02,2.878713684082031250e+02,2.888774719238281250e+02,2.908280639648437500e+02,2.931031799316406250e+02,2.950665283203125000e+02,2.965291748046875000e+02,2.975217895507812500e+02,2.981749877929687500e+02,2.988467407226562500e+02,2.996666564941406250e+02,3.005220947265625000e+02,3.014777526855468750e+02,3.023535461425781250e+02,3.031256713867187500e+02,3.037792663574218750e+02,3.042606506347656250e+02,3.044799804687500000e+02,3.044502258300781250e+02,3.042244873046875000e+02,3.038785705566406250e+02,3.034127197265625000e+02,3.028345031738281250e+02,3.021593627929687500e+02,3.016190185546875000e+02,3.013450012207031250e+02,3.012622985839843750e+02,3.013319396972656250e+02,3.016218872070312500e+02,3.020811767578125000e+02,3.026082763671875000e+02,3.030786743164062500e+02,3.034318847656250000e+02,3.036748657226562500e+02,3.038664245605468750e+02,3.039327087402343750e+02,3.039570617675781250e+02,3.039493408203125000e+02,3.039763793945312500e+02,3.040261535644531250e+02,3.041269531250000000e+02,3.043427734375000000e+02,3.045680236816406250e+02,3.047564086914062500e+02,3.050267333984375000e+02,3.053424682617187500e+02,3.056398010253906250e+02,3.058942871093750000e+02,3.060636596679687500e+02,3.061094970703125000e+02,3.060397949218750000e+02,3.058720397949218750e+02,3.055088806152343750e+02,3.050055541992187500e+02,3.044885253906250000e+02,3.049576110839843750e+02,3.067956848144531250e+02,3.085148315429687500e+02,3.103159179687500000e+02,3.116292724609375000e+02,3.109809875488281250e+02,3.094640197753906250e+02,3.082920532226562500e+02,3.078005676269531250e+02,3.075935058593750000e+02,3.066873168945312500e+02,3.055677185058593750e+02,3.044822998046875000e+02,3.023746948242187500e+02,3.010359802246093750e+02,3.002103881835937500e+02,2.982351989746093750e+02,nan,nan,nan,nan,nan,nan,nan,nan,nan,nan,nan,nan,nan,nan,nan,nan,nan,nan,nan,nan,nan,nan,nan,nan,nan,nan,nan,nan,nan,nan,nan,nan,nan,nan,nan,nan,nan,nan,nan,nan,nan,nan,nan,nan,nan,nan,nan,nan,nan,nan,nan,nan,nan,nan,nan,nan,nan,nan,nan,nan,nan,nan,nan,nan,nan,nan,nan,nan,nan,nan,nan,nan,nan,nan,nan,nan,nan,nan,nan,nan,nan
3.007689819335937500e+02,2.997355346679687500e+02,2.985265502929687500e+02,2.968169860839843750e+02,2.952647399902343750e+02,2.937331237792968750e+02,2.918153076171875000e+02,2.904305725097656250e+02,2.910290527343750000e+02,2.918288879394531250e+02,2.932848205566406250e+02,2.949404602050781250e+02,2.965382080078125000e+02,2.975405578613281250e+02,2.981473388671875000e+02,2.986682128906250000e+02,2.993978271484375000e+02,3.002995910644531250e+02,3.013031311035156250e+02,3.023640747070312500e+02,3.032534790039062500e+02,3.040420837402343750e+02,3.046763916015625000e+02,3.050890808105468750e+02,3.052127990722656250e+02,3.051112060546875000e+02,3.048016357421875000e+02,3.043840637207031250e+02,3.038292236328125000e+02,3.031744995117187500e+02,3.024461059570312500e+02,3.018608093261718750e+02,3.015477600097656250e+02,3.014306335449218750e+02,3.015677795410156250e+02,3.020024414062500000e+02,3.026123962402343750e+02,3.032611389160156250e+02,3.037730102539062500e+02,3.040784606933593750e+02,3.042549133300781250e+02,3.043105773925781250e+02,3.042696228027343750e+02,3.042932739257812500e+02,3.043928222656250000e+02,3.045474548339843750e+02,3.047122497558593750e+02,3.048040161132812500e+02,3.049986877441406250e+02,3.051826171875000000e+02,3.054061584472656250e+02,3.057418212890625000e+02,3.061500854492187500e+02,3.065042114257812500e+02,3.067836914062500000e+02,3.069305419921875000e+02,3.069580078125000000e+02,3.068669128417968750e+02,3.066021423339843750e+02,3.060040283203125000e+02,3.054345397949218750e+02,3.049431762695312500e+02,3.055585021972656250e+02,3.076277160644531250e+02,3.094043579101562500e+02,3.105557250976562500e+02,3.109603576660156250e+02,3.098108520507812500e+02,3.084331970214843750e+02,3.074132385253906250e+02,3.071386108398437500e+02,3.067452087402343750e+02,3.050226135253906250e+02,3.031358337402343750e+02,3.011237792968750000e+02,2.992889099121093750e+02,2.969454956054687500e+02,2.950888061523437500e+02,2.940361633300781250e+02,2.931576538085937500e+02,nan,nan,nan,nan,nan,nan,nan,nan,nan,nan,nan,nan,nan,nan,nan,nan,nan,nan,nan,nan,nan,nan,nan,nan,nan,nan,nan,nan,nan,nan,nan,nan,nan,nan,nan,nan,nan,nan,nan,nan,nan,nan,nan,nan,nan,nan,nan,nan,nan,nan,nan,nan,nan,nan,nan,nan,nan,nan,nan,nan,nan,nan,nan,nan,nan,nan,nan,nan,nan,nan,nan,nan,nan,nan,nan,nan,nan,nan,nan,nan
3.017687988281250000e+02,3.005275268554687500e+02,2.989042663574218750e+02,2.974011535644531250e+02,2.963853454589843750e+02,2.952203063964843750e+02,2.942353820800781250e+02,2.944918823242187500e+02,2.950324707031250000e+02,2.956153564453125000e+02,2.966754150390625000e+02,2.980075378417968750e+02,2.990501403808593750e+02,2.994449462890625000e+02,2.997858276367187500e+02,3.002265014648437500e+02,3.009459838867187500e+02,3.019455261230468750e+02,3.030109252929687500e+02,3.040082397460937500e+02,3.048088378906250000e+02,3.055291137695312500e+02,3.060717773437500000e+02,3.063514404296875000e+02,3.063648681640625000e+02,3.061363220214843750e+02,3.057367553710937500e+02,3.052250061035156250e+02,3.045439453125000000e+02,3.037538146972656250e+02,3.029316406250000000e+02,3.022611083984375000e+02,3.018834838867187500e+02,3.018022766113281250e+02,3.020944213867187500e+02,3.026978454589843750e+02,3.034580078125000000e+02,3.041690979003906250e+02,3.046649780273437500e+02,3.048974609375000000e+02,3.049737548828125000e+02,3.049206848144531250e+02,3.048734130859375000e+02,3.049451904296875000e+02,3.051345520019531250e+02,3.053784484863281250e+02,3.055674133300781250e+02,3.056375122070312500e+02,3.057872924804687500e+02,3.059864501953125000e+02,3.062604675292968750e+02,3.066770019531250000e+02,3.071228332519531250e+02,3.074778137207031250e+02,3.077213439941406250e+02,3.078381958007812500e+02,3.078487243652343750e+02,3.077040100097656250e+02,3.072113647460937500e+02,3.064924316406250000e+02,3.060147094726562500e+02,3.056067199707031250e+02,3.063118286132812500e+02,3.083435668945312500e+02,3.097558288574218750e+02,3.102123107910156250e+02,3.097562255859375000e+02,3.084397888183593750e+02,3.072254333496093750e+02,3.065118713378906250e+02,3.064164123535156250e+02,3.050547485351562500e+02,3.026140441894531250e+02,3.002152099609375000e+02,2.984689636230468750e+02,2.963693237304687500e+02,2.930552978515625000e+02,2.907970275878906250e+02,2.897017822265625000e+02,2.892749328613281250e+02,nan,nan,nan,nan,nan,nan,nan,nan,nan,nan,nan,nan,nan,nan,nan,nan,nan,nan,nan,nan,nan,nan,nan,nan,nan,nan,nan,nan,nan,nan,nan,nan,nan,nan,nan,nan,nan,nan,nan,nan,nan,nan,nan,nan,nan,nan,nan,nan,nan,nan,nan,nan,nan,nan,nan,nan,nan,nan,nan,nan,nan,nan,nan,nan,nan,nan,nan,nan,nan,nan,nan,nan,nan,nan,nan,nan,nan,nan,nan,nan
3.034885253906250000e+02,3.029803771972656250e+02,3.021829223632812500e+02,3.015495605468750000e+02,3.007948303222656250e+02,2.999541015625000000e+02,2.993915710449218750e+02,2.998139953613281250e+02,3.001753234863281250e+02,3.008515319824218750e+02,3.016469421386718750e+02,3.022086486816406250e+02,3.023642272949218750e+02,3.022109985351562500e+02,3.023743896484375000e+02,3.027529296875000000e+02,3.034291381835937500e+02,3.044426269531250000e+02,3.053517761230468750e+02,3.061675415039062500e+02,3.068274230957031250e+02,3.074202575683593750e+02,3.078190917968750000e+02,3.079183044433593750e+02,3.077792053222656250e+02,3.074254760742187500e+02,3.069662170410156250e+02,3.063522033691406250e+02,3.054949951171875000e+02,3.045010375976562500e+02,3.035324401855468750e+02,3.027681274414062500e+02,3.023695678710937500e+02,3.023986206054687500e+02,3.028855285644531250e+02,3.036740112304687500e+02,3.045769653320312500e+02,3.052998046875000000e+02,3.057484436035156250e+02,3.058945922851562500e+02,3.058818054199218750e+02,3.058198852539062500e+02,3.057976074218750000e+02,3.059089965820312500e+02,3.061156616210937500e+02,3.063631591796875000e+02,3.065063476562500000e+02,3.065494384765625000e+02,3.067114562988281250e+02,3.069760131835937500e+02,3.073092346191406250e+02,3.077754211425781250e+02,3.081521911621093750e+02,3.084239196777343750e+02,3.085673828125000000e+02,3.086403198242187500e+02,3.086339721679687500e+02,3.084171752929687500e+02,3.078681945800781250e+02,3.073374023437500000e+02,3.069602355957031250e+02,3.065257873535156250e+02,3.071268310546875000e+02,3.089344787597656250e+02,3.100361328125000000e+02,3.097335510253906250e+02,3.087316589355468750e+02,3.074963378906250000e+02,3.063352966308593750e+02,3.059674987792968750e+02,3.052619934082031250e+02,3.029600219726562500e+02,3.004765319824218750e+02,2.983598632812500000e+02,2.972811279296875000e+02,2.954507751464843750e+02,2.935223083496093750e+02,2.922512817382812500e+02,2.901161499023437500e+02,2.891431579589843750e+02,nan,nan,nan,nan,nan,nan,nan,nan,nan,nan,nan,nan,nan,nan,nan,nan,nan,nan,nan,nan,nan,nan,nan,nan,nan,nan,nan,nan,nan,nan,nan,nan,nan,nan,nan,nan,nan,nan,nan,nan,nan,nan,nan,nan,nan,nan,nan,nan,nan,nan,nan,nan,nan,nan,nan,nan,nan,nan,nan,nan,nan,nan,nan,nan,nan,nan,nan,nan,nan,nan,nan,nan,nan,nan,nan,nan,nan,nan,nan,nan
3.054920959472656250e+02,3.056767883300781250e+02,3.057048645019531250e+02,3.056004333496093750e+02,3.053206176757812500e+02,3.051580810546875000e+02,3.051019287109375000e+02,3.051776733398437500e+02,3.054983520507812500e+02,3.059386596679687500e+02,3.059890747070312500e+02,3.058773193359375000e+02,3.053324584960937500e+02,3.048167724609375000e+02,3.048428649902343750e+02,3.052148437500000000e+02,3.058902587890625000e+02,3.067831115722656250e+02,3.074929504394531250e+02,3.081455993652343750e+02,3.086940307617187500e+02,3.091899108886718750e+02,3.094461669921875000e+02,3.093680419921875000e+02,3.090865478515625000e+02,3.086510620117187500e+02,3.081235656738281250e+02,3.073668518066406250e+02,3.063130187988281250e+02,3.051746215820312500e+02,3.040920715332031250e+02,3.032709960937500000e+02,3.029202880859375000e+02,3.030739746093750000e+02,3.037183532714843750e+02,3.046520385742187500e+02,3.056675109863281250e+02,3.063790588378906250e+02,3.067519226074218750e+02,3.067939758300781250e+02,3.067517089843750000e+02,3.067054748535156250e+02,3.067271423339843750e+02,3.068753662109375000e+02,3.070841979980468750e+02,3.073381042480468750e+02,3.074566650390625000e+02,3.074940795898437500e+02,3.077080688476562500e+02,3.080286254882812500e+02,3.084343261718750000e+02,3.088610839843750000e+02,3.091153564453125000e+02,3.092866210937500000e+02,3.093594970703125000e+02,3.094393310546875000e+02,3.094265747070312500e+02,3.091607666015625000e+02,3.086502075195312500e+02,3.081984558105468750e+02,3.078059082031250000e+02,3.072328186035156250e+02,3.076849975585937500e+02,3.093663330078125000e+02,3.098816223144531250e+02,3.087724609375000000e+02,3.073677368164062500e+02,3.060844421386718750e+02,3.049580688476562500e+02,3.041213073730468750e+02,3.026805114746093750e+02,3.001387634277343750e+02,2.976439208984375000e+02,2.958733520507812500e+02,2.946727294921875000e+02,2.929180603027343750e+02,2.910986328125000000e+02,2.900446166992187500e+02,2.852846984863281250e+02,2.841156005859375000e+02,nan,nan,nan,nan,nan,nan,nan,nan,nan,nan,nan,nan,nan,nan,nan,nan,nan,nan,nan,nan,nan,nan,nan,nan,nan,nan,nan,nan,nan,nan,nan,nan,nan,nan,nan,nan,nan,nan,nan,nan,nan,nan,nan,nan,nan,nan,nan,nan,nan,nan,nan,nan,nan,nan,nan,nan,nan,nan,nan,nan,nan,nan,nan,nan,nan,nan,nan,nan,nan,nan,nan,nan,nan,nan,nan,nan,nan,nan,nan,nan
3.069562683105468750e+02,3.073418273925781250e+02,3.076067810058593750e+02,3.078308105468750000e+02,3.078811645507812500e+02,3.079172668457031250e+02,3.078115234375000000e+02,3.078171386718750000e+02,3.080325317382812500e+02,3.080911865234375000e+02,3.079309082031250000e+02,3.076809997558593750e+02,3.066607360839843750e+02,3.059664916992187500e+02,3.061875610351562500e+02,3.066972961425781250e+02,3.074253234863281250e+02,3.083068237304687500e+02,3.089232177734375000e+02,3.095663757324218750e+02,3.100799560546875000e+02,3.105206298828125000e+02,3.106843872070312500e+02,3.104850769042968750e+02,3.101045837402343750e+02,3.096003112792968750e+02,3.089785766601562500e+02,3.080863037109375000e+02,3.069818115234375000e+02,3.057496643066406250e+02,3.045815734863281250e+02,3.037792968750000000e+02,3.035042419433593750e+02,3.037294311523437500e+02,3.044394226074218750e+02,3.054816284179687500e+02,3.065358886718750000e+02,3.072169799804687500e+02,3.075319213867187500e+02,3.075288085937500000e+02,3.075001525878906250e+02,3.074845275878906250e+02,3.075649108886718750e+02,3.077472229003906250e+02,3.080171203613281250e+02,3.083356628417968750e+02,3.084734191894531250e+02,3.085580444335937500e+02,3.088140869140625000e+02,3.091434326171875000e+02,3.095305786132812500e+02,3.098213195800781250e+02,3.099910888671875000e+02,3.101120910644531250e+02,3.101448059082031250e+02,3.102079162597656250e+02,3.101084899902343750e+02,3.097345275878906250e+02,3.091785583496093750e+02,3.087215576171875000e+02,3.082037353515625000e+02,3.073763732910156250e+02,3.078488159179687500e+02,3.088108520507812500e+02,3.083172912597656250e+02,3.063545227050781250e+02,3.043007202148437500e+02,3.029508361816406250e+02,3.011997375488281250e+02,2.994830932617187500e+02,2.971523742675781250e+02,2.939974975585937500e+02,2.914946289062500000e+02,2.893496398925781250e+02,2.872274780273437500e+02,2.835495605468750000e+02,2.777273864746093750e+02,2.717427062988281250e+02,2.633978271484375000e+02,2.642618103027343750e+02,nan,nan,nan,nan,nan,nan,nan,nan,nan,nan,nan,nan,nan,nan,nan,nan,nan,nan,nan,nan,nan,nan,nan,nan,nan,nan,nan,nan,nan,nan,nan,nan,nan,nan,nan,nan,nan,nan,nan,nan,nan,nan,nan,nan,nan,nan,nan,nan,nan,nan,nan,nan,nan,nan,nan,nan,nan,nan,nan,nan,nan,nan,nan,nan,nan,nan,nan,nan,nan,nan,nan,nan,nan,nan,nan,nan,nan,nan,nan,nan
3.079043273925781250e+02,3.084541015625000000e+02,3.088963012695312500e+02,3.092167358398437500e+02,3.093038635253906250e+02,3.091660156250000000e+02,3.089828491210937500e+02,3.090056152343750000e+02,3.090965576171875000e+02,3.090561523437500000e+02,3.089311523437500000e+02,3.083059692382812500e+02,3.070905456542968750e+02,3.064833984375000000e+02,3.071123962402343750e+02,3.078284301757812500e+02,3.087561340332031250e+02,3.096780395507812500e+02,3.103063354492187500e+02,3.108964538574218750e+02,3.113230590820312500e+02,3.117561035156250000e+02,3.118174743652343750e+02,3.114769287109375000e+02,3.110008850097656250e+02,3.104203491210937500e+02,3.096994018554687500e+02,3.087722473144531250e+02,3.076361083984375000e+02,3.062836608886718750e+02,3.050755004882812500e+02,3.043367919921875000e+02,3.041256713867187500e+02,3.044376220703125000e+02,3.052904052734375000e+02,3.064476623535156250e+02,3.075308227539062500e+02,3.081487121582031250e+02,3.083808288574218750e+02,3.083147583007812500e+02,3.082527160644531250e+02,3.082579956054687500e+02,3.083707885742187500e+02,3.085953369140625000e+02,3.089460449218750000e+02,3.092816772460937500e+02,3.094324340820312500e+02,3.095645751953125000e+02,3.098125305175781250e+02,3.100687255859375000e+02,3.103529052734375000e+02,3.105501403808593750e+02,3.107131347656250000e+02,3.107621154785156250e+02,3.107383117675781250e+02,3.107575073242187500e+02,3.105677185058593750e+02,3.100866699218750000e+02,3.095480041503906250e+02,3.090884399414062500e+02,3.082582702636718750e+02,3.074400329589843750e+02,3.077676086425781250e+02,3.077797851562500000e+02,3.065200805664062500e+02,3.034820556640625000e+02,3.012172851562500000e+02,2.999120178222656250e+02,2.971506958007812500e+02,2.943270263671875000e+02,2.901756591796875000e+02,2.860751037597656250e+02,2.835216369628906250e+02,2.797082214355468750e+02,2.751476745605468750e+02,2.652069091796875000e+02,2.657689208984375000e+02,2.659057617187500000e+02,2.646397399902343750e+02,nan,nan,nan,nan,nan,nan,nan,nan,nan,nan,nan,nan,nan,nan,nan,nan,nan,nan,nan,nan,nan,nan,nan,nan,nan,nan,nan,nan,nan,nan,nan,nan,nan,nan,nan,nan,nan,nan,nan,nan,nan,nan,nan,nan,nan,nan,nan,nan,nan,nan,nan,nan,nan,nan,nan,nan,nan,nan,nan,nan,nan,nan,nan,nan,nan,nan,nan,nan,nan,nan,nan,nan,nan,nan,nan,nan,nan,nan,nan,nan,nan
3.087268371582031250e+02,3.093052673339843750e+02,3.097171630859375000e+02,3.099370422363281250e+02,3.099036560058593750e+02,3.096682128906250000e+02,3.095147399902343750e+02,3.095804138183593750e+02,3.096633605957031250e+02,3.095971984863281250e+02,3.093479309082031250e+02,3.084432373046875000e+02,3.073649902343750000e+02,3.074586791992187500e+02,3.085625610351562500e+02,3.095523986816406250e+02,3.105751342773437500e+02,3.113795166015625000e+02,3.118392333984375000e+02,3.122031250000000000e+02,3.126011657714843750e+02,3.129912109375000000e+02,3.128624572753906250e+02,3.123845214843750000e+02,3.118221130371093750e+02,3.111520690917968750e+02,3.103609313964843750e+02,3.094311218261718750e+02,3.082301025390625000e+02,3.068717041015625000e+02,3.056317138671875000e+02,3.049901428222656250e+02,3.048858032226562500e+02,3.054046325683593750e+02,3.065146484375000000e+02,3.078404846191406250e+02,3.088550720214843750e+02,3.092994384765625000e+02,3.093965148925781250e+02,3.092198181152343750e+02,3.090838012695312500e+02,3.090691223144531250e+02,3.091871948242187500e+02,3.094347534179687500e+02,3.097390136718750000e+02,3.100057678222656250e+02,3.101580200195312500e+02,3.102849731445312500e+02,3.104461364746093750e+02,3.106021728515625000e+02,3.108051757812500000e+02,3.109894409179687500e+02,3.111063232421875000e+02,3.110401306152343750e+02,3.110269165039062500e+02,3.110177001953125000e+02,3.107531738281250000e+02,3.102834472656250000e+02,3.098605957031250000e+02,3.093360595703125000e+02,3.084500732421875000e+02,3.080341796875000000e+02,3.080366821289062500e+02,3.079757690429687500e+02,3.061728210449218750e+02,3.030789794921875000e+02,3.014573059082031250e+02,2.997119750976562500e+02,2.961723022460937500e+02,2.918201904296875000e+02,2.862974853515625000e+02,2.824190673828125000e+02,2.795310974121093750e+02,2.750012207031250000e+02,2.679211730957031250e+02,2.665203857421875000e+02,nan,nan,nan,nan,nan,nan,nan,nan,nan,nan,nan,nan,nan,nan,nan,nan,nan,nan,nan,nan,nan,nan,nan,nan,nan,nan,nan,nan,nan,nan,nan,nan,nan,nan,nan,nan,nan,nan,nan,nan,nan,nan,nan,nan,nan,nan,nan,nan,nan,nan,nan,nan,nan,nan,nan,nan,nan,nan,nan,nan,nan,nan,nan,nan,nan,nan,nan,nan,nan,nan,nan,nan,nan,nan,nan,nan,nan,nan,nan,nan,nan,nan,nan,nan
3.093947753906250000e+02,3.098864135742187500e+02,3.101564636230468750e+02,3.102300415039062500e+02,3.101031494140625000e+02,3.098789672851562500e+02,3.097731323242187500e+02,3.098565979003906250e+02,3.099180297851562500e+02,3.097741088867187500e+02,3.093545837402343750e+02,3.086101379394531250e+02,3.081984863281250000e+02,3.088829956054687500e+02,3.101629028320312500e+02,3.111249389648437500e+02,3.120495605468750000e+02,3.126293640136718750e+02,3.129012145996093750e+02,3.131923522949218750e+02,3.136021423339843750e+02,3.139122314453125000e+02,3.136508178710937500e+02,3.131151428222656250e+02,3.124636535644531250e+02,3.117038269042968750e+02,3.108655090332031250e+02,3.099185485839843750e+02,3.087351684570312500e+02,3.073826904296875000e+02,3.062587280273437500e+02,3.057602539062500000e+02,3.058562622070312500e+02,3.066672668457031250e+02,3.080604248046875000e+02,3.093666076660156250e+02,3.101272277832031250e+02,3.104123535156250000e+02,3.103671875000000000e+02,3.100748901367187500e+02,3.098543090820312500e+02,3.098066101074218750e+02,3.099223327636718750e+02,3.101109619140625000e+02,3.102564697265625000e+02,3.104657897949218750e+02,3.106112365722656250e+02,3.106864013671875000e+02,3.107519226074218750e+02,3.108286437988281250e+02,3.109927978515625000e+02,3.111534729003906250e+02,3.111745300292968750e+02,3.110909729003906250e+02,3.111339111328125000e+02,3.110697326660156250e+02,3.107789001464843750e+02,3.104221191406250000e+02,3.101240539550781250e+02,3.096750488281250000e+02,3.091073913574218750e+02,3.089074707031250000e+02,3.087943725585937500e+02,3.090471191406250000e+02,3.079609680175781250e+02,3.062964172363281250e+02,3.049087219238281250e+02,3.021662292480468750e+02,2.982647399902343750e+02,2.933743896484375000e+02,2.870885925292968750e+02,2.823511352539062500e+02,2.780772094726562500e+02,2.735140380859375000e+02,2.721656188964843750e+02,nan,nan,nan,nan,nan,nan,nan,nan,nan,nan,nan,nan,nan,nan,nan,nan,nan,nan,nan,nan,nan,nan,nan,nan,nan,nan,nan,nan,nan,nan,nan,nan,nan,nan,nan,nan,nan,nan,nan,nan,nan,nan,nan,nan,nan,nan,nan,nan,nan,nan,nan,nan,nan,nan,nan,nan,nan,nan,nan,nan,nan,nan,nan,nan,nan,nan,nan,nan,nan,nan,nan,nan,nan,nan,nan,nan,nan,nan,nan,nan,nan,nan,nan,nan,nan
3.098089904785156250e+02,3.101313781738281250e+02,3.102440490722656250e+02,3.102671203613281250e+02,3.101181640625000000e+02,3.099299011230468750e+02,3.098506774902343750e+02,3.099096679687500000e+02,3.099151611328125000e+02,3.096557617187500000e+02,3.092155151367187500e+02,3.088192138671875000e+02,3.087731323242187500e+02,3.096109313964843750e+02,3.105845336914062500e+02,3.114212646484375000e+02,3.124735107421875000e+02,3.131434936523437500e+02,3.135038452148437500e+02,3.138856201171875000e+02,3.142557983398437500e+02,3.144673461914062500e+02,3.142338867187500000e+02,3.136369628906250000e+02,3.128703918457031250e+02,3.120409851074218750e+02,3.111675415039062500e+02,3.102031860351562500e+02,3.090563659667968750e+02,3.078037109375000000e+02,3.069256286621093750e+02,3.066525878906250000e+02,3.070137939453125000e+02,3.081127929687500000e+02,3.095336608886718750e+02,3.106471252441406250e+02,3.111890258789062500e+02,3.113520202636718750e+02,3.111510009765625000e+02,3.107091674804687500e+02,3.104160461425781250e+02,3.103621826171875000e+02,3.104791870117187500e+02,3.105320129394531250e+02,3.105518188476562500e+02,3.107289123535156250e+02,3.108807983398437500e+02,3.108993225097656250e+02,3.108771362304687500e+02,3.109102172851562500e+02,3.110617065429687500e+02,3.111679077148437500e+02,3.111333618164062500e+02,3.110963134765625000e+02,3.110917053222656250e+02,3.109161682128906250e+02,3.106335754394531250e+02,3.103921813964843750e+02,3.102315979003906250e+02,3.099570617675781250e+02,3.096104125976562500e+02,3.094731445312500000e+02,3.095536193847656250e+02,3.103878784179687500e+02,3.100216979980468750e+02,3.085668945312500000e+02,3.074575195312500000e+02,3.046148071289062500e+02,3.013152465820312500e+02,2.961654357910156250e+02,2.883382263183593750e+02,2.817303466796875000e+02,2.758290710449218750e+02,2.707686462402343750e+02,2.700845947265625000e+02,nan,nan,nan,nan,nan,nan,nan,nan,nan,nan,nan,nan,nan,nan,nan,nan,nan,nan,nan,nan,nan,nan,nan,nan,nan,nan,nan,nan,nan,nan,nan,nan,nan,nan,nan,nan,nan,nan,nan,nan,nan,nan,nan,nan,nan,nan,nan,nan,nan,nan,nan,nan,nan,nan,nan,nan,nan,nan,nan,nan,nan,nan,nan,nan,nan,nan,nan,nan,nan,nan,nan,nan,nan,nan,nan,nan,nan,nan,nan,nan,nan,nan,nan,nan,nan
3.096779174804687500e+02,3.099577636718750000e+02,3.100737609863281250e+02,3.101104125976562500e+02,3.100177307128906250e+02,3.098496093750000000e+02,3.097335205078125000e+02,3.097375183105468750e+02,3.096962585449218750e+02,3.094001770019531250e+02,3.090089111328125000e+02,3.088259277343750000e+02,3.090794677734375000e+02,3.097713317871093750e+02,3.105120239257812500e+02,3.116352844238281250e+02,3.127484130859375000e+02,3.135612182617187500e+02,3.141469726562500000e+02,3.144349975585937500e+02,3.145794067382812500e+02,3.148731689453125000e+02,3.146936035156250000e+02,3.139633789062500000e+02,3.130928649902343750e+02,3.122088317871093750e+02,3.112907714843750000e+02,3.103252258300781250e+02,3.092753906250000000e+02,3.083230895996093750e+02,3.077379150390625000e+02,3.077552795410156250e+02,3.083661499023437500e+02,3.095941162109375000e+02,3.108698120117187500e+02,3.117166748046875000e+02,3.120026245117187500e+02,3.119529418945312500e+02,3.115436096191406250e+02,3.110005798339843750e+02,3.107019958496093750e+02,3.107216796875000000e+02,3.108004760742187500e+02,3.107193603515625000e+02,3.106577758789062500e+02,3.108440551757812500e+02,3.110010681152343750e+02,3.109449157714843750e+02,3.108826904296875000e+02,3.109332275390625000e+02,3.110399169921875000e+02,3.110859069824218750e+02,3.110092773437500000e+02,3.109291076660156250e+02,3.108030700683593750e+02,3.105538635253906250e+02,3.103393859863281250e+02,3.102669067382812500e+02,3.102437438964843750e+02,3.101002197265625000e+02,3.099736938476562500e+02,3.100188903808593750e+02,3.106709594726562500e+02,3.113873901367187500e+02,3.103739318847656250e+02,3.093672485351562500e+02,3.090393981933593750e+02,3.087645568847656250e+02,3.054131164550781250e+02,2.982730712890625000e+02,2.881101074218750000e+02,2.793937377929687500e+02,2.704360046386718750e+02,2.655784606933593750e+02,2.653487854003906250e+02,nan,nan,nan,nan,nan,nan,nan,nan,nan,nan,nan,nan,nan,nan,nan,nan,nan,nan,nan,nan,nan,nan,nan,nan,nan,nan,nan,nan,nan,nan,nan,nan,nan,nan,nan,nan,nan,nan,nan,nan,nan,nan,nan,nan,nan,nan,nan,nan,nan,nan,nan,nan,nan,nan,nan,nan,nan,nan,nan,nan,nan,nan,nan,nan,nan,nan,nan,nan,nan,nan,nan,nan,nan,nan,nan,nan,nan,nan,nan,nan,nan,nan,nan,nan,nan
3.095564880371093750e+02,3.097911071777343750e+02,3.098954467773437500e+02,3.099299316406250000e+02,3.098335876464843750e+02,3.095733032226562500e+02,3.094384765625000000e+02,3.094615783691406250e+02,3.094345092773437500e+02,3.091552429199218750e+02,3.088819885253906250e+02,3.089020690917968750e+02,3.092773132324218750e+02,3.098565979003906250e+02,3.106513061523437500e+02,3.116211853027343750e+02,3.127866210937500000e+02,3.138097839355468750e+02,3.145094299316406250e+02,3.145074462890625000e+02,3.145971069335937500e+02,3.151278686523437500e+02,3.148935546875000000e+02,3.140718688964843750e+02,3.131342773437500000e+02,3.122148437500000000e+02,3.112778625488281250e+02,3.103645629882812500e+02,3.095238647460937500e+02,3.088192443847656250e+02,3.084891357421875000e+02,3.087483825683593750e+02,3.095621948242187500e+02,3.107249145507812500e+02,3.117245483398437500e+02,3.122374572753906250e+02,3.123001403808593750e+02,3.120826110839843750e+02,3.115945434570312500e+02,3.110618896484375000e+02,3.108763427734375000e+02,3.109297485351562500e+02,3.108827514648437500e+02,3.106950988769531250e+02,3.105961303710937500e+02,3.108190002441406250e+02,3.109140625000000000e+02,3.107833557128906250e+02,3.107008666992187500e+02,3.107203369140625000e+02,3.107525024414062500e+02,3.107239379882812500e+02,3.105815429687500000e+02,3.104596862792968750e+02,3.103010559082031250e+02,3.100863342285156250e+02,3.100242614746093750e+02,3.101032714843750000e+02,3.101171264648437500e+02,3.101080322265625000e+02,3.101748352050781250e+02,3.103986816406250000e+02,3.111756896972656250e+02,3.109220581054687500e+02,3.101956787109375000e+02,3.102233276367187500e+02,3.113413696289062500e+02,3.113413696289062500e+02,3.066477355957031250e+02,2.980264587402343750e+02,2.862556762695312500e+02,2.720262451171875000e+02,2.588257751464843750e+02,2.548438415527343750e+02,2.567641296386718750e+02,2.746673889160156250e+02,nan,nan,nan,nan,nan,nan,nan,nan,nan,nan,nan,nan,nan,nan,nan,nan,nan,nan,nan,nan,nan,nan,nan,nan,nan,nan,nan,nan,nan,nan,nan,nan,nan,nan,nan,nan,nan,nan,nan,nan,nan,nan,nan,nan,nan,nan,nan,nan,nan,nan,nan,nan,nan,nan,nan,nan,nan,nan,nan,nan,nan,nan,nan,nan,nan,nan,nan,nan,nan,nan,nan,nan,nan,nan,nan,nan,nan,nan,nan,nan,nan,nan,nan,nan
3.094159851074218750e+02,3.095948181152343750e+02,3.096721191406250000e+02,3.096622314453125000e+02,3.094689025878906250e+02,3.092509155273437500e+02,3.091611938476562500e+02,3.091791992187500000e+02,3.091441650390625000e+02,3.088674621582031250e+02,3.087337646484375000e+02,3.088731994628906250e+02,3.092554321289062500e+02,3.097412109375000000e+02,3.103693847656250000e+02,3.112959899902343750e+02,3.125731811523437500e+02,3.137228393554687500e+02,3.142521972656250000e+02,3.140598144531250000e+02,3.144731445312500000e+02,3.151649780273437500e+02,3.148658752441406250e+02,3.140352172851562500e+02,3.130713195800781250e+02,3.121520080566406250e+02,3.112204589843750000e+02,3.103613281250000000e+02,3.096434020996093750e+02,3.091859130859375000e+02,3.091212158203125000e+02,3.096253356933593750e+02,3.104755859375000000e+02,3.114254150390625000e+02,3.120813293457031250e+02,3.123615112304687500e+02,3.122722473144531250e+02,3.119732055664062500e+02,3.114903869628906250e+02,3.110833435058593750e+02,3.109881591796875000e+02,3.109442138671875000e+02,3.107887878417968750e+02,3.105314941406250000e+02,3.104362792968750000e+02,3.106221313476562500e+02,3.106157836914062500e+02,3.103998413085937500e+02,3.102702636718750000e+02,3.101969909667968750e+02,3.101354370117187500e+02,3.100425720214843750e+02,3.099156799316406250e+02,3.097798767089843750e+02,3.096030273437500000e+02,3.094738159179687500e+02,3.095215759277343750e+02,3.096126708984375000e+02,3.096474609375000000e+02,3.097956237792968750e+02,3.099960632324218750e+02,3.103439941406250000e+02,3.107528991699218750e+02,3.105167846679687500e+02,3.108769531250000000e+02,3.113619079589843750e+02,3.119088745117187500e+02,3.099074096679687500e+02,3.048871154785156250e+02,2.962145690917968750e+02,2.880773315429687500e+02,2.722601623535156250e+02,2.521163635253906250e+02,2.535939636230468750e+02,2.632549133300781250e+02,2.583736877441406250e+02,nan,nan,nan,nan,nan,nan,nan,nan,nan,nan,nan,nan,nan,nan,nan,nan,nan,nan,nan,nan,nan,nan,nan,nan,nan,nan,nan,nan,nan,nan,nan,nan,nan,nan,nan,nan,nan,nan,nan,nan,nan,nan,nan,nan,nan,nan,nan,nan,nan,nan,nan,nan,nan,nan,nan,nan,nan,nan,nan,nan,nan,nan,nan,nan,nan,nan,nan,nan,nan,nan,nan,nan,nan,nan,nan,nan,nan,nan,nan,nan,nan,nan,nan,nan
3.092470703125000000e+02,3.093682250976562500e+02,3.093967285156250000e+02,3.093525390625000000e+02,3.091915588378906250e+02,3.090558471679687500e+02,3.090037536621093750e+02,3.090024108886718750e+02,3.089495849609375000e+02,3.087631530761718750e+02,3.088037414550781250e+02,3.089942932128906250e+02,3.093334350585937500e+02,3.097578125000000000e+02,3.103690795898437500e+02,3.113691711425781250e+02,3.126262817382812500e+02,3.136549072265625000e+02,3.139684143066406250e+02,3.141439819335937500e+02,3.148134460449218750e+02,3.152975463867187500e+02,3.149393920898437500e+02,3.140819091796875000e+02,3.130754394531250000e+02,3.121004333496093750e+02,3.111296997070312500e+02,3.103258056640625000e+02,3.097792053222656250e+02,3.095073547363281250e+02,3.095762939453125000e+02,3.101691284179687500e+02,3.108004150390625000e+02,3.114246215820312500e+02,3.118591613769531250e+02,3.120571594238281250e+02,3.119183044433593750e+02,3.116748046875000000e+02,3.112937927246093750e+02,3.110350646972656250e+02,3.109322204589843750e+02,3.107938842773437500e+02,3.105539245605468750e+02,3.102611694335937500e+02,3.101591796875000000e+02,3.102640991210937500e+02,3.101688842773437500e+02,3.099092712402343750e+02,3.097356872558593750e+02,3.095935058593750000e+02,3.095094299316406250e+02,3.094222717285156250e+02,3.092771301269531250e+02,3.091122436523437500e+02,3.089255981445312500e+02,3.088626708984375000e+02,3.089566345214843750e+02,3.090537719726562500e+02,3.092317810058593750e+02,3.094768066406250000e+02,3.097151489257812500e+02,3.101569824218750000e+02,3.105320129394531250e+02,3.107493286132812500e+02,3.111873474121093750e+02,3.110098876953125000e+02,3.108669433593750000e+02,3.083049316406250000e+02,3.036024780273437500e+02,2.969716796875000000e+02,2.925487365722656250e+02,2.880294189453125000e+02,2.618825073242187500e+02,3.200027160644531250e+02,3.159900817871093750e+02,3.072454833984375000e+02,nan,nan,nan,nan,nan,nan,nan,nan,nan,nan,nan,nan,nan,nan,nan,nan,nan,nan,nan,nan,nan,nan,nan,nan,nan,nan,nan,nan,nan,nan,nan,nan,nan,nan,nan,nan,nan,nan,nan,nan,nan,nan,nan,nan,nan,nan,nan,nan,nan,nan,nan,nan,nan,nan,nan,nan,nan,nan,nan,nan,nan,nan,nan,nan,nan,nan,nan,nan,nan,nan,nan,nan,nan,nan,nan,nan,nan,nan,nan,nan,nan,nan,nan,nan
3.090019836425781250e+02,3.090709228515625000e+02,3.091438903808593750e+02,3.091407775878906250e+02,3.090227050781250000e+02,3.089645080566406250e+02,3.089605712890625000e+02,3.090109863281250000e+02,3.090700073242187500e+02,3.090659179687500000e+02,3.091428222656250000e+02,3.093025207519531250e+02,3.096549987792968750e+02,3.101603698730468750e+02,3.108398742675781250e+02,3.119578247070312500e+02,3.131629638671875000e+02,3.139641113281250000e+02,3.144080200195312500e+02,3.148022155761718750e+02,3.151754150390625000e+02,3.154240112304687500e+02,3.150407409667968750e+02,3.140829467773437500e+02,3.129480590820312500e+02,3.118970031738281250e+02,3.109543457031250000e+02,3.102272949218750000e+02,3.097357788085937500e+02,3.094819335937500000e+02,3.096341552734375000e+02,3.099827270507812500e+02,3.103376464843750000e+02,3.108055725097656250e+02,3.112319335937500000e+02,3.114393920898437500e+02,3.114481506347656250e+02,3.113342590332031250e+02,3.110682373046875000e+02,3.108870544433593750e+02,3.107184448242187500e+02,3.104952697753906250e+02,3.101902160644531250e+02,3.098834228515625000e+02,3.097544860839843750e+02,3.097711791992187500e+02,3.096166992187500000e+02,3.093615112304687500e+02,3.091899414062500000e+02,3.090752563476562500e+02,3.089956054687500000e+02,3.088802490234375000e+02,3.086871643066406250e+02,3.084938964843750000e+02,3.083269348144531250e+02,3.083370971679687500e+02,3.084673156738281250e+02,3.086061096191406250e+02,3.088097229003906250e+02,3.089531250000000000e+02,3.091759948730468750e+02,3.097518310546875000e+02,3.100703125000000000e+02,3.102922973632812500e+02,3.105439758300781250e+02,3.105250854492187500e+02,3.107081298828125000e+02,3.085043334960937500e+02,3.059118652343750000e+02,3.036890869140625000e+02,3.112645568847656250e+02,nan,nan,3.374354858398437500e+02,3.349448242187500000e+02,nan,nan,nan,nan,nan,nan,nan,nan,nan,nan,nan,nan,nan,nan,nan,nan,nan,nan,nan,nan,nan,nan,nan,nan,nan,nan,nan,nan,nan,nan,nan,nan,nan,nan,nan,nan,nan,nan,nan,nan,nan,nan,nan,nan,nan,nan,nan,nan,nan,nan,nan,nan,nan,nan,nan,nan,nan,nan,nan,nan,nan,nan,nan,nan,nan,nan,nan,nan,nan,nan,nan,nan,nan,nan,nan,nan,nan,nan,nan,nan,nan,nan,nan,nan,nan
3.087767944335937500e+02,3.088935852050781250e+02,3.090424804687500000e+02,3.090228881835937500e+02,3.089505004882812500e+02,3.090037231445312500e+02,3.090715026855468750e+02,3.092619323730468750e+02,3.093925170898437500e+02,3.094094848632812500e+02,3.094081420898437500e+02,3.095581665039062500e+02,3.099463806152343750e+02,3.105453186035156250e+02,3.113792419433593750e+02,3.125449218750000000e+02,3.135689697265625000e+02,3.142361450195312500e+02,3.147013244628906250e+02,3.147711181640625000e+02,3.148542480468750000e+02,3.151717529296875000e+02,3.147949829101562500e+02,3.137821655273437500e+02,3.126172790527343750e+02,3.115679016113281250e+02,3.106662597656250000e+02,3.099915771484375000e+02,3.095381164550781250e+02,3.093814086914062500e+02,3.094800720214843750e+02,3.096112976074218750e+02,3.098527526855468750e+02,3.102281494140625000e+02,3.105881347656250000e+02,3.108336486816406250e+02,3.109412841796875000e+02,3.108634033203125000e+02,3.107038879394531250e+02,3.105424804687500000e+02,3.103543090820312500e+02,3.100790100097656250e+02,3.097460937500000000e+02,3.094396362304687500e+02,3.092928771972656250e+02,3.092536926269531250e+02,3.090801086425781250e+02,3.088432006835937500e+02,3.086969299316406250e+02,3.086137084960937500e+02,3.085172424316406250e+02,3.083636474609375000e+02,3.081307678222656250e+02,3.079330749511718750e+02,3.078523864746093750e+02,3.079240722656250000e+02,3.080680541992187500e+02,3.082145385742187500e+02,3.083383178710937500e+02,3.084240112304687500e+02,3.088189697265625000e+02,3.093325805664062500e+02,3.095531005859375000e+02,3.098222045898437500e+02,3.101124267578125000e+02,3.103657531738281250e+02,3.104165954589843750e+02,3.092272949218750000e+02,3.105871276855468750e+02,3.132514038085937500e+02,3.210254821777343750e+02,3.228002624511718750e+02,3.260063781738281250e+02,3.366155395507812500e+02,3.348589477539062500e+02,3.306058044433593750e+02,nan,nan,nan,nan,nan,nan,nan,nan,nan,nan,nan,nan,nan,nan,nan,nan,nan,nan,nan,nan,nan,nan,nan,nan,nan,nan,nan,nan,nan,nan,nan,nan,nan,nan,nan,nan,nan,nan,nan,nan,nan,nan,nan,nan,nan,nan,nan,nan,nan,nan,nan,nan,nan,nan,nan,nan,nan,nan,nan,nan,nan,nan,nan,nan,nan,nan,nan,nan,nan,nan,nan,nan,nan,nan,nan,nan,nan,nan,nan,nan,nan,nan,nan,nan
3.086672973632812500e+02,3.088559570312500000e+02,3.090338439941406250e+02,3.090234069824218750e+02,3.091237792968750000e+02,3.092994079589843750e+02,3.094165649414062500e+02,3.095597839355468750e+02,3.095784912109375000e+02,3.094586181640625000e+02,3.093988647460937500e+02,3.095881042480468750e+02,3.100939941406250000e+02,3.108608703613281250e+02,3.118571166992187500e+02,3.129164733886718750e+02,3.137532653808593750e+02,3.141764526367187500e+02,3.144587402343750000e+02,3.141378784179687500e+02,3.142688293457031250e+02,3.147847290039062500e+02,3.145096740722656250e+02,3.134619140625000000e+02,3.122568969726562500e+02,3.111500854492187500e+02,3.102446594238281250e+02,3.096842041015625000e+02,3.093267211914062500e+02,3.092280273437500000e+02,3.092485961914062500e+02,3.093106689453125000e+02,3.094847412109375000e+02,3.097501831054687500e+02,3.100310974121093750e+02,3.102341308593750000e+02,3.103182067871093750e+02,3.102711791992187500e+02,3.101882324218750000e+02,3.100615844726562500e+02,3.098727416992187500e+02,3.095849609375000000e+02,3.092696228027343750e+02,3.090062255859375000e+02,3.088654174804687500e+02,3.087968444824218750e+02,3.086029357910156250e+02,3.084033508300781250e+02,3.082893371582031250e+02,3.082012939453125000e+02,3.080686035156250000e+02,3.078801269531250000e+02,3.076769409179687500e+02,3.075465087890625000e+02,3.075350646972656250e+02,3.076534729003906250e+02,3.078250122070312500e+02,3.079655761718750000e+02,3.080420532226562500e+02,3.082042236328125000e+02,3.086160278320312500e+02,3.089205017089843750e+02,3.090924377441406250e+02,3.093266601562500000e+02,3.094913024902343750e+02,3.095891113281250000e+02,3.095922851562500000e+02,3.099724121093750000e+02,3.123503112792968750e+02,3.148958435058593750e+02,3.193974304199218750e+02,3.237681579589843750e+02,3.270352172851562500e+02,3.276118164062500000e+02,3.276819763183593750e+02,3.286069641113281250e+02,3.232792663574218750e+02,3.201954345703125000e+02,3.179688110351562500e+02,nan,nan,nan,3.234504394531250000e+02,nan,nan,nan,nan,nan,nan,3.333813171386718750e+02,3.216442260742187500e+02,nan,nan,nan,nan,nan,nan,nan,nan,nan,nan,nan,nan,nan,nan,nan,nan,nan,nan,nan,nan,nan,nan,nan,nan,nan,nan,nan,nan,nan,nan,nan,nan,nan,nan,nan,nan,nan,nan,nan,nan,nan,nan,nan,nan,nan,nan,nan,nan,nan,nan,nan,nan,nan,nan,nan,nan,nan,nan,nan,nan,nan,nan,nan,nan,nan,nan,nan,nan,nan
3.086544494628906250e+02,3.089263610839843750e+02,3.091123046875000000e+02,3.092150878906250000e+02,3.094930725097656250e+02,3.096675720214843750e+02,3.097366638183593750e+02,3.097339477539062500e+02,3.095464477539062500e+02,3.092925720214843750e+02,3.092406616210937500e+02,3.095666198730468750e+02,3.102840270996093750e+02,3.112126464843750000e+02,3.122539367675781250e+02,3.131794738769531250e+02,3.136786193847656250e+02,3.139058837890625000e+02,3.138498229980468750e+02,3.134594726562500000e+02,3.138504638671875000e+02,3.145322875976562500e+02,3.141688842773437500e+02,3.129519042968750000e+02,3.116958312988281250e+02,3.105470581054687500e+02,3.098017883300781250e+02,3.093746337890625000e+02,3.090884704589843750e+02,3.089623413085937500e+02,3.089198303222656250e+02,3.089353332519531250e+02,3.090618896484375000e+02,3.092529907226562500e+02,3.094817199707031250e+02,3.096302795410156250e+02,3.096901245117187500e+02,3.096692199707031250e+02,3.096271667480468750e+02,3.094973754882812500e+02,3.093029785156250000e+02,3.090436706542968750e+02,3.087756042480468750e+02,3.085580444335937500e+02,3.084234008789062500e+02,3.083267822265625000e+02,3.081420898437500000e+02,3.080054931640625000e+02,3.079044799804687500e+02,3.077745361328125000e+02,3.076087341308593750e+02,3.074201965332031250e+02,3.073035278320312500e+02,3.072447204589843750e+02,3.072891235351562500e+02,3.074555053710937500e+02,3.076387634277343750e+02,3.077410888671875000e+02,3.078098754882812500e+02,3.079954223632812500e+02,3.082776184082031250e+02,3.084752807617187500e+02,3.085273742675781250e+02,3.086196899414062500e+02,3.086221923828125000e+02,3.087277526855468750e+02,3.091729431152343750e+02,3.104192199707031250e+02,3.118446960449218750e+02,3.133057861328125000e+02,3.147895507812500000e+02,3.164916687011718750e+02,3.180114746093750000e+02,3.188139343261718750e+02,3.192723999023437500e+02,3.198785400390625000e+02,3.199137573242187500e+02,3.181376953125000000e+02,3.166106872558593750e+02,3.169537353515625000e+02,nan,3.215339660644531250e+02,3.226969299316406250e+02,3.197459106445312500e+02,3.228317871093750000e+02,3.280724487304687500e+02,3.336508178710937500e+02,3.376099243164062500e+02,3.340337524414062500e+02,3.323717956542968750e+02,3.183714294433593750e+02,3.156842346191406250e+02,nan,nan,nan,nan,nan,nan,nan,nan,nan,nan,nan,nan,nan,nan,nan,nan,nan,nan,nan,nan,nan,nan,nan,nan,nan,nan,nan,nan,nan,nan,nan,nan,nan,nan,nan,nan,nan,nan,nan,nan,nan,nan,nan,nan,nan,nan,nan,nan,nan,nan,nan,nan,nan,nan,nan,nan,nan,nan,nan,nan,nan,nan,nan,nan,nan,nan,nan,nan
3.087859802246093750e+02,3.090100708007812500e+02,3.091726989746093750e+02,3.094126586914062500e+02,3.097835693359375000e+02,3.099291687011718750e+02,3.099630126953125000e+02,3.097711486816406250e+02,3.093623352050781250e+02,3.090721130371093750e+02,3.091155700683593750e+02,3.096568603515625000e+02,3.105296630859375000e+02,3.115216674804687500e+02,3.125068359375000000e+02,3.132311096191406250e+02,3.134025573730468750e+02,3.134212036132812500e+02,3.132124023437500000e+02,3.130261535644531250e+02,3.135415954589843750e+02,3.141749572753906250e+02,3.134363403320312500e+02,3.121320495605468750e+02,3.109376220703125000e+02,3.099488220214843750e+02,3.093809509277343750e+02,3.090044555664062500e+02,3.087659301757812500e+02,3.085933227539062500e+02,3.085178222656250000e+02,3.085313720703125000e+02,3.086443786621093750e+02,3.088217163085937500e+02,3.089963073730468750e+02,3.090965881347656250e+02,3.091240844726562500e+02,3.091219787597656250e+02,3.090561218261718750e+02,3.089126586914062500e+02,3.087177734375000000e+02,3.084827880859375000e+02,3.082513122558593750e+02,3.080635681152343750e+02,3.079431762695312500e+02,3.078311157226562500e+02,3.077121276855468750e+02,3.076172790527343750e+02,3.074988098144531250e+02,3.073450622558593750e+02,3.071877136230468750e+02,3.070454406738281250e+02,3.069874267578125000e+02,3.069580078125000000e+02,3.070352172851562500e+02,3.071993103027343750e+02,3.073207397460937500e+02,3.073863830566406250e+02,3.074650573730468750e+02,3.076451416015625000e+02,3.078878173828125000e+02,3.080172424316406250e+02,3.080465698242187500e+02,3.080489501953125000e+02,3.081489868164062500e+02,3.083648376464843750e+02,3.092181701660156250e+02,3.101177062988281250e+02,3.105844726562500000e+02,3.111759948730468750e+02,3.119654235839843750e+02,3.130298767089843750e+02,3.139083251953125000e+02,3.146820373535156250e+02,3.155497436523437500e+02,3.163051147460937500e+02,3.163083190917968750e+02,3.147748107910156250e+02,3.134642944335937500e+02,3.170034484863281250e+02,3.152966918945312500e+02,3.201828308105468750e+02,3.179802551269531250e+02,3.179930114746093750e+02,3.230571594238281250e+02,3.277401733398437500e+02,3.330477905273437500e+02,3.365432434082031250e+02,3.328158264160156250e+02,3.262205810546875000e+02,3.163455810546875000e+02,3.125821533203125000e+02,nan,nan,nan,nan,nan,nan,nan,nan,nan,nan,nan,nan,nan,nan,nan,nan,nan,nan,nan,nan,nan,nan,nan,nan,nan,nan,nan,nan,nan,nan,nan,nan,nan,nan,nan,nan,nan,nan,nan,nan,nan,nan,nan,nan,nan,nan,nan,nan,nan,nan,nan,nan,nan,nan,nan,nan,nan,nan,nan,nan,nan,nan,nan,nan,nan,nan,nan,nan
3.088451538085937500e+02,3.089857482910156250e+02,3.092128601074218750e+02,3.096264648437500000e+02,3.101421508789062500e+02,3.102803649902343750e+02,3.101637573242187500e+02,3.096199645996093750e+02,3.090783691406250000e+02,3.088643798828125000e+02,3.090783386230468750e+02,3.097897338867187500e+02,3.107531433105468750e+02,3.117811584472656250e+02,3.126658020019531250e+02,3.131563720703125000e+02,3.131537475585937500e+02,3.130847778320312500e+02,3.129215393066406250e+02,3.127655029296875000e+02,3.132648620605468750e+02,3.135486450195312500e+02,3.124916992187500000e+02,3.112671203613281250e+02,3.102047729492187500e+02,3.092887268066406250e+02,3.088253479003906250e+02,3.085339660644531250e+02,3.083321533203125000e+02,3.081355590820312500e+02,3.080655822753906250e+02,3.081217956542968750e+02,3.082520446777343750e+02,3.084042663574218750e+02,3.085174560546875000e+02,3.085588989257812500e+02,3.085635681152343750e+02,3.085379638671875000e+02,3.084420776367187500e+02,3.083006591796875000e+02,3.081127014160156250e+02,3.078985595703125000e+02,3.076940002441406250e+02,3.075326843261718750e+02,3.074315795898437500e+02,3.073709411621093750e+02,3.073300476074218750e+02,3.072448425292968750e+02,3.071118774414062500e+02,3.069537658691406250e+02,3.068176269531250000e+02,3.067191772460937500e+02,3.066724548339843750e+02,3.066613769531250000e+02,3.067392883300781250e+02,3.068321228027343750e+02,3.068853149414062500e+02,3.069636840820312500e+02,3.070712890625000000e+02,3.072915039062500000e+02,3.075570983886718750e+02,3.076801757812500000e+02,3.077221984863281250e+02,3.077693481445312500e+02,3.078672180175781250e+02,3.080527343750000000e+02,3.086446533203125000e+02,3.088429260253906250e+02,3.089175415039062500e+02,3.094043273925781250e+02,3.107851562500000000e+02,3.117381591796875000e+02,3.123359375000000000e+02,3.137698059082031250e+02,3.149659423828125000e+02,3.157957153320312500e+02,3.156184387207031250e+02,3.142933654785156250e+02,3.128545532226562500e+02,3.138807983398437500e+02,3.134642944335937500e+02,3.130894775390625000e+02,3.111818847656250000e+02,3.129535827636718750e+02,3.173793334960937500e+02,3.213171081542968750e+02,3.249655761718750000e+02,3.268570251464843750e+02,3.260130310058593750e+02,3.211664733886718750e+02,3.135859985351562500e+02,3.083597717285156250e+02,3.077387695312500000e+02,nan,nan,nan,nan,nan,nan,nan,nan,nan,nan,nan,nan,nan,nan,nan,nan,nan,nan,nan,nan,nan,nan,nan,nan,nan,nan,nan,nan,nan,nan,nan,nan,nan,nan,nan,nan,nan,nan,nan,nan,nan,nan,nan,nan,nan,nan,nan,nan,nan,nan,nan,nan,nan,nan,nan,nan,nan,nan,nan,nan,nan,nan,nan,nan,nan,nan,nan
3.090018920898437500e+02,3.092131958007812500e+02,3.095772399902343750e+02,3.102343139648437500e+02,3.106230773925781250e+02,3.104605102539062500e+02,3.098800964355468750e+02,3.091473388671875000e+02,3.087757873535156250e+02,3.087107849121093750e+02,3.091261596679687500e+02,3.100010681152343750e+02,3.110922851562500000e+02,3.120910644531250000e+02,3.128269348144531250e+02,3.131503295898437500e+02,3.131096496582031250e+02,3.129078369140625000e+02,3.127141418457031250e+02,3.124919128417968750e+02,3.128508300781250000e+02,3.126080932617187500e+02,3.115534057617187500e+02,3.104751892089843750e+02,3.094091186523437500e+02,3.085483398437500000e+02,3.082122802734375000e+02,3.080230407714843750e+02,3.078385620117187500e+02,3.076175537109375000e+02,3.075554199218750000e+02,3.076381225585937500e+02,3.077676391601562500e+02,3.078992309570312500e+02,3.079659729003906250e+02,3.079753417968750000e+02,3.079700317382812500e+02,3.079180297851562500e+02,3.078188171386718750e+02,3.076883239746093750e+02,3.075249633789062500e+02,3.073319702148437500e+02,3.071574401855468750e+02,3.070255126953125000e+02,3.069641723632812500e+02,3.069591979980468750e+02,3.069553222656250000e+02,3.068675537109375000e+02,3.067378540039062500e+02,3.065914306640625000e+02,3.064858398437500000e+02,3.064262390136718750e+02,3.064088745117187500e+02,3.064310913085937500e+02,3.065066223144531250e+02,3.065411071777343750e+02,3.066102905273437500e+02,3.067380371093750000e+02,3.068992614746093750e+02,3.071571350097656250e+02,3.074119262695312500e+02,3.075045776367187500e+02,3.075491943359375000e+02,3.076185607910156250e+02,3.076260070800781250e+02,3.077144165039062500e+02,3.079582214355468750e+02,3.079876098632812500e+02,3.079794616699218750e+02,3.089616394042968750e+02,3.103302612304687500e+02,3.103931274414062500e+02,3.111176147460937500e+02,3.126550903320312500e+02,3.135600891113281250e+02,3.139423217773437500e+02,3.133803710937500000e+02,3.116596069335937500e+02,3.098638916015625000e+02,3.090429687500000000e+02,3.083197631835937500e+02,3.084359741210937500e+02,3.088515625000000000e+02,3.109815063476562500e+02,3.138931884765625000e+02,3.169823303222656250e+02,3.190131225585937500e+02,3.207041625976562500e+02,3.199139404296875000e+02,3.158577270507812500e+02,3.103629455566406250e+02,3.066069030761718750e+02,3.071397094726562500e+02,3.075767211914062500e+02,nan,nan,nan,nan,nan,nan,nan,nan,nan,nan,nan,nan,nan,nan,nan,nan,nan,nan,nan,nan,nan,nan,nan,nan,nan,nan,nan,nan,nan,nan,nan,nan,nan,nan,nan,nan,nan,nan,nan,nan,nan,nan,nan,nan,nan,nan,nan,nan,nan,nan,nan,nan,nan,nan,nan,nan,nan,nan,nan,nan,nan,nan,nan,nan,nan,nan
3.094397277832031250e+02,3.097702636718750000e+02,3.102886047363281250e+02,3.107212829589843750e+02,3.105961303710937500e+02,3.100194702148437500e+02,3.092496948242187500e+02,3.088082580566406250e+02,3.086038208007812500e+02,3.086968688964843750e+02,3.093643798828125000e+02,3.104021606445312500e+02,3.115556335449218750e+02,3.124538879394531250e+02,3.130050964355468750e+02,3.131677551269531250e+02,3.129963378906250000e+02,3.126214904785156250e+02,3.123918762207031250e+02,3.121964721679687500e+02,3.123267822265625000e+02,3.118935241699218750e+02,3.110038757324218750e+02,3.097971801757812500e+02,3.086038513183593750e+02,3.077619628906250000e+02,3.075493164062500000e+02,3.074771118164062500e+02,3.072384643554687500e+02,3.069216918945312500e+02,3.068642578125000000e+02,3.070046081542968750e+02,3.071697998046875000e+02,3.073229980468750000e+02,3.073827819824218750e+02,3.074006958007812500e+02,3.073741455078125000e+02,3.073060302734375000e+02,3.072052307128906250e+02,3.070903015136718750e+02,3.069534606933593750e+02,3.068063659667968750e+02,3.066661071777343750e+02,3.065645751953125000e+02,3.065298461914062500e+02,3.065562438964843750e+02,3.065520935058593750e+02,3.064797058105468750e+02,3.063796997070312500e+02,3.062703247070312500e+02,3.062121582031250000e+02,3.062076416015625000e+02,3.062465515136718750e+02,3.063184814453125000e+02,3.064064941406250000e+02,3.064564208984375000e+02,3.065948486328125000e+02,3.067813415527343750e+02,3.069735107421875000e+02,3.072158813476562500e+02,3.074084777832031250e+02,3.074557800292968750e+02,3.075195007324218750e+02,3.075854492187500000e+02,3.075812988281250000e+02,3.076537475585937500e+02,3.077902832031250000e+02,3.077304992675781250e+02,3.078969116210937500e+02,3.088345031738281250e+02,3.092401428222656250e+02,3.088545227050781250e+02,3.097778015136718750e+02,3.105698547363281250e+02,3.107370300292968750e+02,3.102525939941406250e+02,3.093255920410156250e+02,3.076311950683593750e+02,3.069653015136718750e+02,3.070247192382812500e+02,3.075381469726562500e+02,3.081257324218750000e+02,3.085023498535156250e+02,3.098098754882812500e+02,3.117937011718750000e+02,3.138897399902343750e+02,3.151992797851562500e+02,3.160304565429687500e+02,3.150402832031250000e+02,3.123388061523437500e+02,3.086519775390625000e+02,3.067530822753906250e+02,3.089931030273437500e+02,3.081116027832031250e+02,3.081601867675781250e+02,nan,nan,nan,nan,nan,nan,nan,nan,nan,nan,nan,nan,nan,nan,nan,nan,nan,nan,nan,nan,nan,nan,nan,nan,nan,nan,nan,nan,nan,nan,nan,nan,nan,nan,nan,nan,nan,nan,nan,nan,nan,nan,nan,nan,nan,nan,nan,nan,nan,nan,nan,nan,nan,nan,nan,nan,nan,nan,nan,nan,nan,nan,nan,nan,nan
3.095204772949218750e+02,3.099668579101562500e+02,3.104907226562500000e+02,3.106638488769531250e+02,3.102615051269531250e+02,3.095192871093750000e+02,3.088742065429687500e+02,3.084938964843750000e+02,3.082540893554687500e+02,3.084683837890625000e+02,3.093371887207031250e+02,3.105687866210937500e+02,3.117741394042968750e+02,3.125527038574218750e+02,3.129586486816406250e+02,3.130234985351562500e+02,3.127082519531250000e+02,3.123002929687500000e+02,3.121150512695312500e+02,3.119526672363281250e+02,3.117987365722656250e+02,3.112243652343750000e+02,3.100988159179687500e+02,3.086484375000000000e+02,3.072927246093750000e+02,3.065893554687500000e+02,3.066853027343750000e+02,3.066879882812500000e+02,3.064419555664062500e+02,3.061497802734375000e+02,3.061217651367187500e+02,3.063058776855468750e+02,3.065425415039062500e+02,3.066855163574218750e+02,3.067255859375000000e+02,3.067181396484375000e+02,3.066704406738281250e+02,3.066091918945312500e+02,3.065341186523437500e+02,3.064568176269531250e+02,3.063554382324218750e+02,3.062543945312500000e+02,3.061400146484375000e+02,3.060658874511718750e+02,3.060714416503906250e+02,3.061315612792968750e+02,3.061514892578125000e+02,3.061270446777343750e+02,3.060526123046875000e+02,3.059851074218750000e+02,3.059889831542968750e+02,3.060423583984375000e+02,3.061278381347656250e+02,3.062443542480468750e+02,3.063352050781250000e+02,3.064208984375000000e+02,3.066039733886718750e+02,3.068125000000000000e+02,3.069948120117187500e+02,3.072101440429687500e+02,3.073430786132812500e+02,3.073971557617187500e+02,3.074850158691406250e+02,3.075052490234375000e+02,3.074798583984375000e+02,3.075335083007812500e+02,3.076181030273437500e+02,3.076083984375000000e+02,3.077910766601562500e+02,3.082738037109375000e+02,3.082556762695312500e+02,3.082352600097656250e+02,3.088518676757812500e+02,3.088926086425781250e+02,3.083850708007812500e+02,3.075622558593750000e+02,3.065586547851562500e+02,3.056362915039062500e+02,3.063074035644531250e+02,3.070976257324218750e+02,3.074140319824218750e+02,3.076934509277343750e+02,3.079505615234375000e+02,3.090927124023437500e+02,3.107839660644531250e+02,3.121785583496093750e+02,3.127026367187500000e+02,3.130230102539062500e+02,3.123870544433593750e+02,3.102657165527343750e+02,3.074754028320312500e+02,3.072963562011718750e+02,3.099594421386718750e+02,3.091450195312500000e+02,3.089050903320312500e+02,nan,nan,nan,nan,nan,nan,nan,nan,nan,nan,nan,nan,nan,nan,nan,nan,nan,nan,nan,nan,nan,nan,nan,nan,nan,nan,nan,nan,nan,nan,nan,nan,nan,nan,nan,nan,nan,nan,nan,nan,nan,nan,nan,nan,nan,nan,nan,nan,nan,nan,nan,nan,nan,nan,nan,nan,nan,nan,nan,nan,nan,nan,nan,nan,nan
3.095129394531250000e+02,3.101349182128906250e+02,3.106231384277343750e+02,3.106047668457031250e+02,3.098903503417968750e+02,3.089958801269531250e+02,3.082305603027343750e+02,3.076287231445312500e+02,3.074233703613281250e+02,3.078148193359375000e+02,3.090720214843750000e+02,3.106022644042968750e+02,3.118863525390625000e+02,3.125225830078125000e+02,3.128180847167968750e+02,3.128322753906250000e+02,3.124922485351562500e+02,3.120957031250000000e+02,3.118153686523437500e+02,3.113616333007812500e+02,3.108229980468750000e+02,3.099434814453125000e+02,3.085016479492187500e+02,3.069523010253906250e+02,3.056587524414062500e+02,3.054212341308593750e+02,3.057951660156250000e+02,3.058647460937500000e+02,3.056103515625000000e+02,3.052731018066406250e+02,3.051670532226562500e+02,3.054298706054687500e+02,3.057727966308593750e+02,3.058539733886718750e+02,3.059009094238281250e+02,3.058883056640625000e+02,3.058783264160156250e+02,3.058914184570312500e+02,3.058793029785156250e+02,3.058319702148437500e+02,3.057625427246093750e+02,3.056767578125000000e+02,3.055724487304687500e+02,3.055316162109375000e+02,3.056058044433593750e+02,3.057372131347656250e+02,3.058308715820312500e+02,3.058474731445312500e+02,3.058010253906250000e+02,3.057864379882812500e+02,3.058525390625000000e+02,3.059543762207031250e+02,3.060599670410156250e+02,3.061809997558593750e+02,3.062381286621093750e+02,3.063393859863281250e+02,3.065508117675781250e+02,3.067405395507812500e+02,3.069111938476562500e+02,3.071020507812500000e+02,3.072522583007812500e+02,3.073667602539062500e+02,3.074428100585937500e+02,3.074244384765625000e+02,3.074331665039062500e+02,3.075509948730468750e+02,3.077056884765625000e+02,3.077580566406250000e+02,3.078803100585937500e+02,3.080981140136718750e+02,3.080039672851562500e+02,3.079722290039062500e+02,3.079423522949218750e+02,3.077422180175781250e+02,3.072691040039062500e+02,3.067873840332031250e+02,3.062530517578125000e+02,3.063714294433593750e+02,3.068905639648437500e+02,3.071427612304687500e+02,3.072325439453125000e+02,3.077994079589843750e+02,3.080694580078125000e+02,3.090327148437500000e+02,3.102524414062500000e+02,3.108630676269531250e+02,3.110192871093750000e+02,3.111132507324218750e+02,3.103614501953125000e+02,3.087481689453125000e+02,3.073532714843750000e+02,3.090675659179687500e+02,3.127513427734375000e+02,3.116345825195312500e+02,3.091238098144531250e+02,3.084916992187500000e+02,nan,nan,nan,nan,nan,nan,nan,nan,nan,nan,nan,nan,nan,nan,nan,nan,nan,nan,nan,nan,nan,nan,nan,nan,nan,nan,nan,nan,nan,nan,nan,nan,nan,nan,nan,nan,nan,nan,nan,nan,nan,nan,nan,nan,nan,nan,nan,nan,nan,nan,nan,nan,nan,nan,nan,nan,nan,nan,nan,nan,nan,nan,nan,nan
3.096003112792968750e+02,3.101408081054687500e+02,3.104029541015625000e+02,3.099410095214843750e+02,3.090250244140625000e+02,3.080495605468750000e+02,3.072691345214843750e+02,3.067025146484375000e+02,3.067102050781250000e+02,3.074853210449218750e+02,3.091958007812500000e+02,3.108071289062500000e+02,3.118388671875000000e+02,3.121355285644531250e+02,3.123157348632812500e+02,3.123348693847656250e+02,3.119117126464843750e+02,3.114631652832031250e+02,3.109720764160156250e+02,3.103135375976562500e+02,3.094732055664062500e+02,3.082290649414062500e+02,3.066710510253906250e+02,3.051623229980468750e+02,3.043304443359375000e+02,3.045930175781250000e+02,3.050212402343750000e+02,3.051396484375000000e+02,3.048767089843750000e+02,3.045234680175781250e+02,3.045063476562500000e+02,3.050488586425781250e+02,3.053157043457031250e+02,3.053087768554687500e+02,3.053283386230468750e+02,3.053083190917968750e+02,3.053421020507812500e+02,3.053809509277343750e+02,3.053837280273437500e+02,3.053357849121093750e+02,3.052663574218750000e+02,3.051772155761718750e+02,3.050868530273437500e+02,3.051001892089843750e+02,3.052569274902343750e+02,3.054422607421875000e+02,3.055728454589843750e+02,3.055917358398437500e+02,3.055691528320312500e+02,3.056064453125000000e+02,3.057190551757812500e+02,3.058497924804687500e+02,3.059473266601562500e+02,3.060343322753906250e+02,3.060823974609375000e+02,3.062561340332031250e+02,3.064859008789062500e+02,3.066412658691406250e+02,3.068252868652343750e+02,3.070309448242187500e+02,3.072225952148437500e+02,3.073467102050781250e+02,3.073878173828125000e+02,3.073641662597656250e+02,3.074030761718750000e+02,3.076130981445312500e+02,3.077294616699218750e+02,3.077625122070312500e+02,3.077338256835937500e+02,3.077373962402343750e+02,3.075043334960937500e+02,3.072208862304687500e+02,3.069552917480468750e+02,3.067755126953125000e+02,3.065733642578125000e+02,3.064182739257812500e+02,3.062917785644531250e+02,3.064672241210937500e+02,3.064832153320312500e+02,3.064741210937500000e+02,3.070321655273437500e+02,3.072502746582031250e+02,3.076042480468750000e+02,3.086178894042968750e+02,3.095927124023437500e+02,3.098386535644531250e+02,3.098674011230468750e+02,3.098939819335937500e+02,3.094740295410156250e+02,3.086279907226562500e+02,3.087416076660156250e+02,3.121122131347656250e+02,3.152808532714843750e+02,3.119707336425781250e+02,3.103590393066406250e+02,nan,nan,nan,nan,nan,nan,nan,nan,nan,nan,nan,nan,nan,nan,nan,nan,nan,nan,nan,nan,nan,nan,nan,nan,nan,nan,nan,nan,nan,nan,nan,nan,nan,nan,nan,nan,nan,nan,nan,nan,nan,nan,nan,nan,nan,nan,nan,nan,nan,nan,nan,nan,nan,nan,nan,nan,nan,nan,nan,nan,nan,nan,nan,nan,nan
3.093447265625000000e+02,3.096163024902343750e+02,3.094991760253906250e+02,3.087531738281250000e+02,3.078826599121093750e+02,3.071274108886718750e+02,3.064827575683593750e+02,3.061831054687500000e+02,3.064913635253906250e+02,3.076801757812500000e+02,3.093009948730468750e+02,3.105095214843750000e+02,3.110330505371093750e+02,3.110803222656250000e+02,3.112268981933593750e+02,3.112877807617187500e+02,3.108349914550781250e+02,3.103812561035156250e+02,3.097948303222656250e+02,3.089500732421875000e+02,3.077430419921875000e+02,3.063462219238281250e+02,3.048638610839843750e+02,3.037264709472656250e+02,3.036221923828125000e+02,3.041998291015625000e+02,3.047875366210937500e+02,3.051500549316406250e+02,3.050642395019531250e+02,3.048535766601562500e+02,3.051643981933593750e+02,3.057101745605468750e+02,3.056466979980468750e+02,3.054816589355468750e+02,3.053372497558593750e+02,3.052373962402343750e+02,3.052080993652343750e+02,3.051811218261718750e+02,3.051465148925781250e+02,3.050426025390625000e+02,3.049428100585937500e+02,3.048632202148437500e+02,3.048014831542968750e+02,3.048806457519531250e+02,3.050506896972656250e+02,3.052263488769531250e+02,3.053505249023437500e+02,3.053514404296875000e+02,3.053474731445312500e+02,3.054044189453125000e+02,3.055292358398437500e+02,3.056488037109375000e+02,3.057343444824218750e+02,3.058119506835937500e+02,3.059399414062500000e+02,3.061645202636718750e+02,3.063702087402343750e+02,3.065488281250000000e+02,3.067704467773437500e+02,3.069872131347656250e+02,3.071566162109375000e+02,3.072581176757812500e+02,3.072789916992187500e+02,3.072501831054687500e+02,3.073233337402343750e+02,3.074489135742187500e+02,3.073917541503906250e+02,3.073047485351562500e+02,3.071842041015625000e+02,3.071179809570312500e+02,3.069191894531250000e+02,3.067101440429687500e+02,3.065250854492187500e+02,3.064295349121093750e+02,3.064153747558593750e+02,3.064042663574218750e+02,3.064137573242187500e+02,3.064920654296875000e+02,3.065697021484375000e+02,3.066212463378906250e+02,3.070232238769531250e+02,3.069445800781250000e+02,3.080979919433593750e+02,3.094205017089843750e+02,3.102723999023437500e+02,3.100402832031250000e+02,3.099363708496093750e+02,3.100299377441406250e+02,3.097993469238281250e+02,3.095035400390625000e+02,3.110812683105468750e+02,3.140598754882812500e+02,3.147999572753906250e+02,3.076911621093750000e+02,3.067255859375000000e+02,nan,nan,nan,nan,nan,nan,nan,nan,nan,nan,nan,nan,nan,nan,nan,nan,nan,nan,nan,nan,nan,nan,nan,nan,nan,nan,nan,nan,nan,nan,nan,nan,nan,nan,nan,nan,nan,nan,nan,nan,nan,nan,nan,nan,nan,nan,nan,nan,nan,nan,nan,nan,nan,nan,nan,nan,nan,nan,nan,nan,nan,nan,nan,nan,nan
3.088530883789062500e+02,3.088788452148437500e+02,3.084889221191406250e+02,3.077322998046875000e+02,3.070064086914062500e+02,3.064245300292968750e+02,3.059731750488281250e+02,3.060283813476562500e+02,3.066523132324218750e+02,3.078648071289062500e+02,3.091048583984375000e+02,3.099693908691406250e+02,3.102042846679687500e+02,3.102094116210937500e+02,3.103967590332031250e+02,3.105165405273437500e+02,3.099739379882812500e+02,3.093776245117187500e+02,3.085025329589843750e+02,3.073631286621093750e+02,3.060149841308593750e+02,3.047440795898437500e+02,3.036166687011718750e+02,3.031701354980468750e+02,3.035694580078125000e+02,3.044592590332031250e+02,3.052739868164062500e+02,3.057869262695312500e+02,3.058008422851562500e+02,3.057630310058593750e+02,3.061220092773437500e+02,3.063233032226562500e+02,3.060341186523437500e+02,3.056602172851562500e+02,3.053961181640625000e+02,3.052172241210937500e+02,3.051562500000000000e+02,3.050718078613281250e+02,3.049573974609375000e+02,3.047907104492187500e+02,3.046868286132812500e+02,3.046378784179687500e+02,3.046395874023437500e+02,3.047583618164062500e+02,3.048933105468750000e+02,3.050752868652343750e+02,3.051948852539062500e+02,3.051874389648437500e+02,3.051926879882812500e+02,3.052561645507812500e+02,3.053817138671875000e+02,3.054865722656250000e+02,3.055508728027343750e+02,3.056717529296875000e+02,3.058795166015625000e+02,3.060946044921875000e+02,3.062928466796875000e+02,3.065266418457031250e+02,3.067691650390625000e+02,3.069803161621093750e+02,3.071143493652343750e+02,3.071875915527343750e+02,3.072018432617187500e+02,3.071701965332031250e+02,3.072002868652343750e+02,3.071276245117187500e+02,3.069627990722656250e+02,3.067751770019531250e+02,3.066336669921875000e+02,3.065497436523437500e+02,3.064888305664062500e+02,3.064156188964843750e+02,3.063861694335937500e+02,3.064452514648437500e+02,3.065476684570312500e+02,3.066152343750000000e+02,3.067374572753906250e+02,3.069236755371093750e+02,3.071527099609375000e+02,3.073792114257812500e+02,3.073872070312500000e+02,3.080015258789062500e+02,3.094454345703125000e+02,3.106074523925781250e+02,3.106023864746093750e+02,3.100288696289062500e+02,3.101502990722656250e+02,3.103598022460937500e+02,3.103585815429687500e+02,3.106306762695312500e+02,3.124114379882812500e+02,3.138405456542968750e+02,3.128833618164062500e+02,3.053302917480468750e+02,3.054036254882812500e+02,nan,nan,nan,3.505498046875000000e+02,nan,nan,nan,nan,nan,nan,nan,nan,nan,nan,nan,nan,nan,nan,nan,nan,nan,nan,nan,nan,nan,nan,nan,nan,nan,nan,nan,nan,nan,nan,nan,nan,nan,nan,nan,nan,nan,nan,nan,nan,nan,nan,nan,nan,nan,nan,nan,nan,nan,nan,nan,nan,nan,nan,nan,nan,nan,nan,nan,nan,nan
3.084306335449218750e+02,3.082572021484375000e+02,3.077794799804687500e+02,3.071019287109375000e+02,3.065111083984375000e+02,3.060610046386718750e+02,3.058539733886718750e+02,3.061796569824218750e+02,3.070561523437500000e+02,3.082012023925781250e+02,3.093049316406250000e+02,3.099928588867187500e+02,3.101552124023437500e+02,3.100393981933593750e+02,3.101241455078125000e+02,3.099427185058593750e+02,3.090827331542968750e+02,3.081804809570312500e+02,3.071120910644531250e+02,3.058844909667968750e+02,3.046187133789062500e+02,3.037108154296875000e+02,3.030791015625000000e+02,3.031224365234375000e+02,3.038430480957031250e+02,3.048438720703125000e+02,3.057461547851562500e+02,3.061436462402343750e+02,3.061884765625000000e+02,3.062182617187500000e+02,3.064081726074218750e+02,3.064192199707031250e+02,3.060018920898437500e+02,3.055311889648437500e+02,3.052335510253906250e+02,3.051602783203125000e+02,3.050683898925781250e+02,3.048952331542968750e+02,3.047057495117187500e+02,3.044897155761718750e+02,3.044403686523437500e+02,3.044511108398437500e+02,3.045238647460937500e+02,3.046381835937500000e+02,3.047865295410156250e+02,3.050079040527343750e+02,3.051230468750000000e+02,3.051178588867187500e+02,3.051444702148437500e+02,3.052428588867187500e+02,3.053828735351562500e+02,3.054743041992187500e+02,3.055709533691406250e+02,3.057822875976562500e+02,3.060173339843750000e+02,3.062373962402343750e+02,3.064535827636718750e+02,3.067126770019531250e+02,3.069518737792968750e+02,3.071245727539062500e+02,3.072247619628906250e+02,3.072807922363281250e+02,3.072769775390625000e+02,3.072122192382812500e+02,3.071333312988281250e+02,3.069877624511718750e+02,3.068017272949218750e+02,3.066279602050781250e+02,3.065271301269531250e+02,3.064815673828125000e+02,3.064811706542968750e+02,3.065115661621093750e+02,3.065934448242187500e+02,3.067372436523437500e+02,3.068759460449218750e+02,3.070403442382812500e+02,3.072767944335937500e+02,3.075289916992187500e+02,3.077894897460937500e+02,3.080624084472656250e+02,3.082674255371093750e+02,3.092545166015625000e+02,3.101411132812500000e+02,3.105242309570312500e+02,3.097946472167968750e+02,3.099559936523437500e+02,3.105431213378906250e+02,3.107759399414062500e+02,3.108642272949218750e+02,3.110917968750000000e+02,3.127273254394531250e+02,3.133189392089843750e+02,3.116820068359375000e+02,3.068776550292968750e+02,3.064085083007812500e+02,3.083262939453125000e+02,nan,3.369536437988281250e+02,3.490181274414062500e+02,3.230275573730468750e+02,nan,nan,nan,nan,nan,nan,nan,nan,nan,nan,nan,nan,nan,nan,nan,nan,nan,nan,nan,nan,nan,nan,nan,nan,nan,nan,nan,nan,nan,nan,nan,nan,nan,nan,nan,nan,nan,nan,nan,nan,nan,nan,nan,nan,nan,nan,nan,nan,nan,nan,nan,nan,nan,nan,nan,nan,nan,nan,nan,nan
3.080003051757812500e+02,3.077420959472656250e+02,3.072662353515625000e+02,3.066949462890625000e+02,3.062732849121093750e+02,3.060023803710937500e+02,3.059944763183593750e+02,3.066488037109375000e+02,3.077091369628906250e+02,3.088451843261718750e+02,3.097561035156250000e+02,3.102929382324218750e+02,3.103064270019531250e+02,3.097918090820312500e+02,3.094725952148437500e+02,3.089048767089843750e+02,3.079126892089843750e+02,3.069938049316406250e+02,3.059796752929687500e+02,3.048188171386718750e+02,3.037639160156250000e+02,3.031517639160156250e+02,3.028771972656250000e+02,3.032821655273437500e+02,3.041889648437500000e+02,3.051754760742187500e+02,3.059511718750000000e+02,3.062737426757812500e+02,3.064467468261718750e+02,3.064581604003906250e+02,3.066145019531250000e+02,3.064535522460937500e+02,3.059273071289062500e+02,3.053785400390625000e+02,3.051952819824218750e+02,3.051511535644531250e+02,3.049153747558593750e+02,3.046567687988281250e+02,3.044246215820312500e+02,3.042183532714843750e+02,3.042130126953125000e+02,3.042835693359375000e+02,3.043915710449218750e+02,3.045046997070312500e+02,3.047202148437500000e+02,3.049601745605468750e+02,3.050670776367187500e+02,3.050796203613281250e+02,3.051462402343750000e+02,3.053209838867187500e+02,3.054529113769531250e+02,3.055496520996093750e+02,3.057654418945312500e+02,3.060470581054687500e+02,3.062736206054687500e+02,3.065116577148437500e+02,3.067645263671875000e+02,3.070293884277343750e+02,3.072397766113281250e+02,3.073601379394531250e+02,3.074410095214843750e+02,3.074711303710937500e+02,3.074076843261718750e+02,3.072745056152343750e+02,3.071134643554687500e+02,3.069568786621093750e+02,3.068071899414062500e+02,3.067233886718750000e+02,3.067009887695312500e+02,3.067197875976562500e+02,3.067680664062500000e+02,3.068535156250000000e+02,3.069833984375000000e+02,3.071180114746093750e+02,3.072949218750000000e+02,3.075825500488281250e+02,3.078549499511718750e+02,3.080975646972656250e+02,3.083515930175781250e+02,3.086576843261718750e+02,3.090624084472656250e+02,3.096521606445312500e+02,3.099723815917968750e+02,3.097321166992187500e+02,3.096101074218750000e+02,3.108282775878906250e+02,3.111897277832031250e+02,3.112253417968750000e+02,3.110662536621093750e+02,3.113851623535156250e+02,3.128675842285156250e+02,3.125466918945312500e+02,3.104641418457031250e+02,3.078927307128906250e+02,3.091348571777343750e+02,3.111471557617187500e+02,3.156791076660156250e+02,3.327200927734375000e+02,3.323057861328125000e+02,3.175133361816406250e+02,3.101426391601562500e+02,nan,nan,nan,nan,nan,nan,nan,nan,nan,nan,nan,nan,nan,nan,nan,nan,nan,nan,nan,nan,nan,nan,nan,nan,nan,nan,nan,nan,nan,nan,nan,nan,nan,nan,nan,nan,nan,nan,nan,nan,nan,nan,nan,nan,nan,nan,nan,nan,nan,nan,nan,nan,nan,nan,nan,nan,nan,nan,nan
3.076328125000000000e+02,3.073832702636718750e+02,3.069630737304687500e+02,3.065741577148437500e+02,3.063000183105468750e+02,3.061777038574218750e+02,3.064353637695312500e+02,3.072620849609375000e+02,3.082276000976562500e+02,3.091037902832031250e+02,3.097747497558593750e+02,3.101795349121093750e+02,3.098878784179687500e+02,3.089830322265625000e+02,3.085996093750000000e+02,3.080880126953125000e+02,3.072673950195312500e+02,3.064068298339843750e+02,3.053593750000000000e+02,3.041798706054687500e+02,3.032571105957031250e+02,3.028662414550781250e+02,3.029200439453125000e+02,3.035944824218750000e+02,3.045644531250000000e+02,3.054367065429687500e+02,3.060257263183593750e+02,3.064241027832031250e+02,3.065783691406250000e+02,3.067066040039062500e+02,3.068392944335937500e+02,3.066448669433593750e+02,3.061030883789062500e+02,3.056750488281250000e+02,3.057001647949218750e+02,3.055048828125000000e+02,3.051714782714843750e+02,3.048923950195312500e+02,3.047195739746093750e+02,3.045437622070312500e+02,3.045303344726562500e+02,3.046663513183593750e+02,3.047427062988281250e+02,3.048919372558593750e+02,3.051286315917968750e+02,3.053418579101562500e+02,3.054513549804687500e+02,3.054782104492187500e+02,3.056035156250000000e+02,3.057543029785156250e+02,3.058263549804687500e+02,3.059536743164062500e+02,3.062285766601562500e+02,3.064814453125000000e+02,3.067058410644531250e+02,3.069694824218750000e+02,3.072467651367187500e+02,3.075034790039062500e+02,3.076705627441406250e+02,3.077687988281250000e+02,3.078266601562500000e+02,3.078014221191406250e+02,3.076702575683593750e+02,3.074771118164062500e+02,3.072731323242187500e+02,3.071077575683593750e+02,3.070133361816406250e+02,3.069907531738281250e+02,3.070194091796875000e+02,3.070823059082031250e+02,3.071678161621093750e+02,3.072759399414062500e+02,3.074120483398437500e+02,3.075557861328125000e+02,3.078444519042968750e+02,3.081590881347656250e+02,3.083722534179687500e+02,3.086054382324218750e+02,3.088560485839843750e+02,3.091758117675781250e+02,3.095379943847656250e+02,3.098191528320312500e+02,3.099294433593750000e+02,3.097897644042968750e+02,3.107154846191406250e+02,3.115310363769531250e+02,3.112113647460937500e+02,3.111861267089843750e+02,3.108781127929687500e+02,3.114890136718750000e+02,3.123022766113281250e+02,3.111952514648437500e+02,3.086394042968750000e+02,3.082500610351562500e+02,3.094982299804687500e+02,3.123274230957031250e+02,3.176037292480468750e+02,3.184092102050781250e+02,3.147872619628906250e+02,3.081436767578125000e+02,3.019608459472656250e+02,2.981332702636718750e+02,nan,nan,nan,nan,nan,nan,nan,nan,nan,nan,nan,nan,nan,nan,nan,nan,nan,nan,nan,nan,nan,nan,nan,nan,nan,nan,nan,nan,nan,nan,nan,nan,nan,nan,nan,nan,nan,nan,nan,nan,nan,nan,nan,nan,nan,nan,nan,nan,nan,nan,nan,nan,nan,nan,nan,nan,nan,nan
3.074136962890625000e+02,3.071892700195312500e+02,3.068708801269531250e+02,3.066083374023437500e+02,3.064163208007812500e+02,3.065335388183593750e+02,3.069528808593750000e+02,3.076734313964843750e+02,3.083745727539062500e+02,3.089087219238281250e+02,3.094530639648437500e+02,3.097136840820312500e+02,3.091708068847656250e+02,3.084006042480468750e+02,3.082591247558593750e+02,3.077675170898437500e+02,3.069826354980468750e+02,3.059864501953125000e+02,3.047558288574218750e+02,3.035973510742187500e+02,3.030045166015625000e+02,3.028533325195312500e+02,3.031868591308593750e+02,3.040237121582031250e+02,3.049436645507812500e+02,3.056188049316406250e+02,3.060706176757812500e+02,3.063980407714843750e+02,3.066177368164062500e+02,3.069281616210937500e+02,3.071608581542968750e+02,3.071771850585937500e+02,3.068794555664062500e+02,3.068677062988281250e+02,3.069180297851562500e+02,3.065461120605468750e+02,3.061490478515625000e+02,3.059109497070312500e+02,3.058548583984375000e+02,3.056228027343750000e+02,3.056244812011718750e+02,3.057972717285156250e+02,3.058213195800781250e+02,3.059490051269531250e+02,3.061213378906250000e+02,3.062921142578125000e+02,3.064329833984375000e+02,3.064579162597656250e+02,3.065334777832031250e+02,3.065256958007812500e+02,3.065522460937500000e+02,3.067093200683593750e+02,3.069697265625000000e+02,3.071973266601562500e+02,3.074519042968750000e+02,3.077171325683593750e+02,3.079793395996093750e+02,3.082099304199218750e+02,3.083600463867187500e+02,3.084505920410156250e+02,3.084632873535156250e+02,3.083635253906250000e+02,3.081659545898437500e+02,3.079497680664062500e+02,3.077337036132812500e+02,3.075847778320312500e+02,3.075231628417968750e+02,3.075350341796875000e+02,3.075963439941406250e+02,3.076853027343750000e+02,3.077771301269531250e+02,3.078852539062500000e+02,3.080177612304687500e+02,3.082297973632812500e+02,3.085264892578125000e+02,3.087114868164062500e+02,3.088813781738281250e+02,3.091145019531250000e+02,3.093596191406250000e+02,3.096790161132812500e+02,3.099851379394531250e+02,3.101816406250000000e+02,3.102420043945312500e+02,3.104563293457031250e+02,3.111339721679687500e+02,3.109763793945312500e+02,3.108766174316406250e+02,3.108206787109375000e+02,3.104682312011718750e+02,3.109299316406250000e+02,3.110863037109375000e+02,3.093969116210937500e+02,3.073112792968750000e+02,3.086225280761718750e+02,3.083360290527343750e+02,3.054400329589843750e+02,3.003194274902343750e+02,2.946711730957031250e+02,2.885559387207031250e+02,2.825213012695312500e+02,2.773798217773437500e+02,2.771410217285156250e+02,nan,nan,nan,nan,nan,nan,nan,nan,nan,nan,nan,nan,nan,nan,nan,nan,nan,nan,nan,nan,nan,nan,nan,nan,nan,nan,nan,nan,nan,nan,nan,nan,nan,nan,nan,nan,nan,nan,nan,nan,nan,nan,nan,nan,nan,nan,nan,nan,nan,nan,nan,nan,nan,nan,nan,nan,nan,nan
3.072765808105468750e+02,3.070799560546875000e+02,3.068436584472656250e+02,3.066491088867187500e+02,3.066226806640625000e+02,3.068903198242187500e+02,3.072774353027343750e+02,3.078570251464843750e+02,3.082313842773437500e+02,3.086001586914062500e+02,3.090748291015625000e+02,3.090711364746093750e+02,3.084389648437500000e+02,3.078490295410156250e+02,3.075539245605468750e+02,3.069461364746093750e+02,3.060889892578125000e+02,3.050057373046875000e+02,3.037041015625000000e+02,3.028187866210937500e+02,3.025670776367187500e+02,3.026829223632812500e+02,3.032636413574218750e+02,3.041859436035156250e+02,3.049373779296875000e+02,3.054863281250000000e+02,3.059252014160156250e+02,3.062661743164062500e+02,3.066195983886718750e+02,3.070545043945312500e+02,3.074120483398437500e+02,3.075385437011718750e+02,3.075131835937500000e+02,3.075997314453125000e+02,3.073765563964843750e+02,3.070174255371093750e+02,3.067258300781250000e+02,3.067793273925781250e+02,3.067153625488281250e+02,3.063406066894531250e+02,3.064785766601562500e+02,3.066641845703125000e+02,3.066245422363281250e+02,3.067356262207031250e+02,3.069019165039062500e+02,3.071237487792968750e+02,3.072357788085937500e+02,3.071572570800781250e+02,3.070925598144531250e+02,3.070227050781250000e+02,3.070771484375000000e+02,3.072985839843750000e+02,3.075807495117187500e+02,3.078444213867187500e+02,3.081005554199218750e+02,3.083422851562500000e+02,3.085941467285156250e+02,3.088226623535156250e+02,3.089837341308593750e+02,3.090409851074218750e+02,3.089863891601562500e+02,3.088052062988281250e+02,3.085587158203125000e+02,3.083232421875000000e+02,3.081067810058593750e+02,3.079820556640625000e+02,3.079558410644531250e+02,3.079986572265625000e+02,3.080923156738281250e+02,3.081807250976562500e+02,3.082618103027343750e+02,3.083576049804687500e+02,3.085002441406250000e+02,3.087429199218750000e+02,3.089526367187500000e+02,3.090636596679687500e+02,3.092831115722656250e+02,3.094927673339843750e+02,3.097105102539062500e+02,3.099533691406250000e+02,3.101677246093750000e+02,3.102599182128906250e+02,3.102997131347656250e+02,3.104862670898437500e+02,3.105709838867187500e+02,3.104928588867187500e+02,3.106396484375000000e+02,3.100500488281250000e+02,3.097296142578125000e+02,3.103362426757812500e+02,3.101237792968750000e+02,3.082627563476562500e+02,3.082205505371093750e+02,3.096093139648437500e+02,3.064198608398437500e+02,2.991409606933593750e+02,2.974789733886718750e+02,2.958145751953125000e+02,2.932148437500000000e+02,2.888116149902343750e+02,2.828488769531250000e+02,2.780311889648437500e+02,nan,nan,nan,nan,nan,nan,nan,nan,nan,nan,nan,nan,nan,nan,nan,nan,nan,nan,nan,nan,nan,nan,nan,nan,nan,nan,nan,nan,nan,nan,nan,nan,nan,nan,nan,nan,nan,nan,nan,nan,nan,nan,nan,nan,nan,nan,nan,nan,nan,nan,nan,nan,nan,nan,nan,nan,nan,nan
3.071987609863281250e+02,3.070799255371093750e+02,3.069442749023437500e+02,3.068550720214843750e+02,3.069463500976562500e+02,3.071935119628906250e+02,3.075004882812500000e+02,3.078193359375000000e+02,3.080343627929687500e+02,3.083800048828125000e+02,3.085579223632812500e+02,3.082274780273437500e+02,3.075372619628906250e+02,3.068701171875000000e+02,3.064066162109375000e+02,3.057892456054687500e+02,3.047974548339843750e+02,3.036071777343750000e+02,3.024441223144531250e+02,3.019295043945312500e+02,3.019022827148437500e+02,3.022282409667968750e+02,3.030496215820312500e+02,3.039761962890625000e+02,3.046374206542968750e+02,3.052222595214843750e+02,3.057344055175781250e+02,3.061438903808593750e+02,3.066118469238281250e+02,3.071232910156250000e+02,3.074875488281250000e+02,3.076364746093750000e+02,3.076565856933593750e+02,3.075991821289062500e+02,3.073367309570312500e+02,3.072171020507812500e+02,3.071788330078125000e+02,3.071767578125000000e+02,3.067657165527343750e+02,3.063616943359375000e+02,3.066231384277343750e+02,3.066959228515625000e+02,3.065875244140625000e+02,3.068179016113281250e+02,3.070809936523437500e+02,3.072606201171875000e+02,3.072107543945312500e+02,3.070253906250000000e+02,3.069399414062500000e+02,3.069739074707031250e+02,3.071308898925781250e+02,3.074269409179687500e+02,3.077763061523437500e+02,3.080762634277343750e+02,3.083115539550781250e+02,3.085651550292968750e+02,3.088527221679687500e+02,3.091281433105468750e+02,3.093041687011718750e+02,3.093097839355468750e+02,3.091504211425781250e+02,3.088842773437500000e+02,3.086227111816406250e+02,3.083879394531250000e+02,3.081864624023437500e+02,3.080929260253906250e+02,3.081180419921875000e+02,3.081987915039062500e+02,3.083068542480468750e+02,3.083839111328125000e+02,3.084542846679687500e+02,3.085407104492187500e+02,3.086984863281250000e+02,3.089250183105468750e+02,3.090747070312500000e+02,3.092183532714843750e+02,3.094463500976562500e+02,3.095777893066406250e+02,3.097344055175781250e+02,3.098959350585937500e+02,3.100065917968750000e+02,3.100319213867187500e+02,3.100925598144531250e+02,3.101854553222656250e+02,3.101779785156250000e+02,3.102559204101562500e+02,3.100411071777343750e+02,3.092816467285156250e+02,3.097518005371093750e+02,3.106686096191406250e+02,3.101891174316406250e+02,3.090065002441406250e+02,3.096632995605468750e+02,3.095505371093750000e+02,3.072216186523437500e+02,3.079162292480468750e+02,nan,nan,nan,nan,nan,nan,nan,nan,nan,nan,nan,nan,nan,nan,nan,nan,nan,nan,nan,nan,nan,nan,nan,nan,nan,nan,nan,nan,nan,nan,nan,nan,nan,nan,nan,nan,nan,nan,nan,nan,nan,nan,nan,nan,nan,nan,nan,nan,nan,nan,nan,nan,nan,nan,nan,nan,nan,nan,nan,nan,nan,nan,nan,nan
3.071549377441406250e+02,3.071218872070312500e+02,3.070672302246093750e+02,3.070564880371093750e+02,3.071983032226562500e+02,3.074279479980468750e+02,3.076179199218750000e+02,3.077599792480468750e+02,3.078635559082031250e+02,3.079488220214843750e+02,3.077402954101562500e+02,3.072353515625000000e+02,3.064453125000000000e+02,3.056957702636718750e+02,3.051316833496093750e+02,3.043818664550781250e+02,3.034129333496093750e+02,3.022904663085937500e+02,3.015499572753906250e+02,3.014268493652343750e+02,3.015578613281250000e+02,3.022200012207031250e+02,3.032163085937500000e+02,3.040589599609375000e+02,3.047455444335937500e+02,3.053633422851562500e+02,3.059204101562500000e+02,3.064442138671875000e+02,3.070301513671875000e+02,3.076100769042968750e+02,3.079884033203125000e+02,3.081615600585937500e+02,3.081458740234375000e+02,3.080051879882812500e+02,3.078722229003906250e+02,3.078393859863281250e+02,3.077763366699218750e+02,3.076185302734375000e+02,3.071005859375000000e+02,3.068524169921875000e+02,3.071541748046875000e+02,3.070995178222656250e+02,3.070615539550781250e+02,3.073147888183593750e+02,3.074876098632812500e+02,3.074499816894531250e+02,3.072500915527343750e+02,3.070307617187500000e+02,3.069732360839843750e+02,3.070683593750000000e+02,3.072521362304687500e+02,3.076180419921875000e+02,3.080407104492187500e+02,3.083626098632812500e+02,3.085997619628906250e+02,3.088881835937500000e+02,3.092457885742187500e+02,3.095902099609375000e+02,3.097621459960937500e+02,3.096778259277343750e+02,3.094206542968750000e+02,3.091164855957031250e+02,3.088471374511718750e+02,3.085845947265625000e+02,3.083896484375000000e+02,3.083510437011718750e+02,3.083965454101562500e+02,3.084821472167968750e+02,3.085650329589843750e+02,3.086134948730468750e+02,3.086580505371093750e+02,3.087158203125000000e+02,3.088566284179687500e+02,3.090476074218750000e+02,3.091606140136718750e+02,3.093099365234375000e+02,3.094427490234375000e+02,3.095275878906250000e+02,3.096541137695312500e+02,3.097613220214843750e+02,3.097950134277343750e+02,3.098318786621093750e+02,3.098810424804687500e+02,3.098954162597656250e+02,3.098632202148437500e+02,3.098800659179687500e+02,3.095104064941406250e+02,3.093646850585937500e+02,3.102794494628906250e+02,3.109020690917968750e+02,3.101684570312500000e+02,3.090005493164062500e+02,3.091349487304687500e+02,3.088631591796875000e+02,3.094600524902343750e+02,3.090034484863281250e+02,3.098392944335937500e+02,3.096167907714843750e+02,nan,nan,nan,nan,nan,nan,nan,nan,nan,nan,nan,nan,nan,nan,nan,nan,nan,nan,nan,nan,nan,nan,nan,nan,nan,nan,nan,nan,nan,nan,nan,nan,nan,nan,nan,nan,nan,nan,nan,nan,nan,nan,nan,nan,nan,nan,nan,nan,nan,nan,nan,nan,nan,nan,nan,nan,nan,nan,nan,nan,nan,nan
3.071422119140625000e+02,3.071420898437500000e+02,3.071371459960937500e+02,3.071802368164062500e+02,3.073789367675781250e+02,3.075515441894531250e+02,3.076108703613281250e+02,3.075670776367187500e+02,3.074149780273437500e+02,3.071152954101562500e+02,3.066111145019531250e+02,3.059441223144531250e+02,3.049593505859375000e+02,3.041018676757812500e+02,3.033838500976562500e+02,3.026431274414062500e+02,3.019324645996093750e+02,3.011464233398437500e+02,3.009120483398437500e+02,3.012735900878906250e+02,3.018251037597656250e+02,3.028156127929687500e+02,3.037982482910156250e+02,3.046177368164062500e+02,3.053591918945312500e+02,3.060356445312500000e+02,3.067246704101562500e+02,3.074035949707031250e+02,3.080797119140625000e+02,3.086980895996093750e+02,3.090552673339843750e+02,3.091699829101562500e+02,3.090780334472656250e+02,3.088528747558593750e+02,3.087285156250000000e+02,3.086315002441406250e+02,3.086681213378906250e+02,3.086106567382812500e+02,3.082270202636718750e+02,3.083877868652343750e+02,3.088775939941406250e+02,3.086911926269531250e+02,3.085046997070312500e+02,3.085198364257812500e+02,3.083276367187500000e+02,3.079302978515625000e+02,3.075210571289062500e+02,3.071464843750000000e+02,3.069824218750000000e+02,3.069939575195312500e+02,3.071817016601562500e+02,3.077306213378906250e+02,3.082541198730468750e+02,3.086561889648437500e+02,3.089186706542968750e+02,3.092668457031250000e+02,3.097694702148437500e+02,3.102164916992187500e+02,3.103706970214843750e+02,3.101611938476562500e+02,3.098562927246093750e+02,3.095065917968750000e+02,3.091570434570312500e+02,3.088459167480468750e+02,3.086898803710937500e+02,3.086754150390625000e+02,3.087027893066406250e+02,3.087584838867187500e+02,3.087789306640625000e+02,3.087733459472656250e+02,3.087765502929687500e+02,3.088132324218750000e+02,3.089499511718750000e+02,3.091074218750000000e+02,3.091824645996093750e+02,3.092788696289062500e+02,3.093439025878906250e+02,3.094238586425781250e+02,3.095199584960937500e+02,3.095706176757812500e+02,3.095751342773437500e+02,3.095756835937500000e+02,3.095621948242187500e+02,3.094920959472656250e+02,3.093882751464843750e+02,3.093477478027343750e+02,3.091904602050781250e+02,3.093854980468750000e+02,3.098710937500000000e+02,3.099134521484375000e+02,3.086068725585937500e+02,3.082040405273437500e+02,3.086109619140625000e+02,3.089903869628906250e+02,3.101132507324218750e+02,3.107582092285156250e+02,3.110756530761718750e+02,3.092458801269531250e+02,nan,nan,nan,nan,nan,nan,nan,nan,nan,nan,nan,nan,nan,nan,nan,nan,nan,nan,nan,nan,nan,nan,nan,nan,nan,nan,nan,nan,nan,nan,nan,nan,nan,nan,nan,nan,nan,nan,nan,nan,nan,nan,nan,nan,nan,nan,nan,nan,nan,nan,nan,nan,nan,nan,nan,nan,nan,nan,nan,nan,nan,nan
3.071145019531250000e+02,3.071184692382812500e+02,3.071509094238281250e+02,3.072451171875000000e+02,3.074104919433593750e+02,3.074237060546875000e+02,3.072908325195312500e+02,3.070331420898437500e+02,3.066014709472656250e+02,3.060434570312500000e+02,3.053761291503906250e+02,3.044998168945312500e+02,3.034170227050781250e+02,3.025559997558593750e+02,3.019363708496093750e+02,3.013888854980468750e+02,3.009096374511718750e+02,3.006153564453125000e+02,3.010026245117187500e+02,3.017416992187500000e+02,3.026741638183593750e+02,3.038209533691406250e+02,3.048402099609375000e+02,3.056586303710937500e+02,3.064630432128906250e+02,3.072758789062500000e+02,3.081329956054687500e+02,3.088984069824218750e+02,3.095889892578125000e+02,3.101346435546875000e+02,3.104070434570312500e+02,3.104014282226562500e+02,3.101675720214843750e+02,3.098626708984375000e+02,3.096172485351562500e+02,3.096239624023437500e+02,3.098688354492187500e+02,3.098647460937500000e+02,3.097964172363281250e+02,3.105213928222656250e+02,3.108769531250000000e+02,3.102799987792968750e+02,3.099405822753906250e+02,3.097632446289062500e+02,3.091685485839843750e+02,3.086097717285156250e+02,3.080846252441406250e+02,3.075919494628906250e+02,3.074014892578125000e+02,3.074283752441406250e+02,3.078609924316406250e+02,3.085187988281250000e+02,3.090725097656250000e+02,3.093896484375000000e+02,3.096232299804687500e+02,3.100644531250000000e+02,3.106429443359375000e+02,3.111377563476562500e+02,3.111602783203125000e+02,3.107853393554687500e+02,3.103905029296875000e+02,3.099358215332031250e+02,3.094717407226562500e+02,3.091494140625000000e+02,3.090154418945312500e+02,3.089949645996093750e+02,3.090017089843750000e+02,3.089977722167968750e+02,3.089407043457031250e+02,3.088835754394531250e+02,3.088674011230468750e+02,3.088967895507812500e+02,3.090172119140625000e+02,3.091219787597656250e+02,3.091716918945312500e+02,3.092218322753906250e+02,3.092547607421875000e+02,3.093173828125000000e+02,3.093752746582031250e+02,3.093695068359375000e+02,3.093186645507812500e+02,3.092617187500000000e+02,3.091710815429687500e+02,3.090231628417968750e+02,3.088799438476562500e+02,3.088076171875000000e+02,3.087467651367187500e+02,3.087390136718750000e+02,3.087568969726562500e+02,3.082669372558593750e+02,3.073331909179687500e+02,3.082311706542968750e+02,3.087713623046875000e+02,3.091791992187500000e+02,3.103069458007812500e+02,3.115579223632812500e+02,3.073167114257812500e+02,3.062897949218750000e+02,nan,nan,nan,nan,nan,nan,nan,nan,nan,nan,nan,nan,nan,nan,nan,nan,nan,nan,nan,nan,nan,nan,nan,nan,nan,nan,nan,nan,nan,nan,nan,nan,nan,nan,nan,nan,nan,nan,nan,nan,nan,nan,nan,nan,nan,nan,nan,nan,nan,nan,nan,nan,nan,nan,nan,nan,nan,nan,nan,nan,nan,nan
3.070394897460937500e+02,3.070253906250000000e+02,3.070468444824218750e+02,3.071036987304687500e+02,3.071047973632812500e+02,3.069460754394531250e+02,3.065837707519531250e+02,3.061561889648437500e+02,3.055791320800781250e+02,3.049253540039062500e+02,3.042059020996093750e+02,3.032673645019531250e+02,3.024024963378906250e+02,3.018618774414062500e+02,3.016893005371093750e+02,3.015184020996093750e+02,3.014127197265625000e+02,3.017836608886718750e+02,3.026734619140625000e+02,3.035644226074218750e+02,3.047166442871093750e+02,3.058837280273437500e+02,3.068138122558593750e+02,3.076254882812500000e+02,3.085076904296875000e+02,3.094040527343750000e+02,3.103198242187500000e+02,3.110293273925781250e+02,3.115381469726562500e+02,3.118496398925781250e+02,3.119299316406250000e+02,3.117328491210937500e+02,3.113201293945312500e+02,3.110082702636718750e+02,3.108869018554687500e+02,3.112291870117187500e+02,3.116482543945312500e+02,3.117023925781250000e+02,3.119145812988281250e+02,3.126181335449218750e+02,3.123063049316406250e+02,3.115889892578125000e+02,3.114566345214843750e+02,3.111798400878906250e+02,3.106849060058593750e+02,3.103821716308593750e+02,3.099696960449218750e+02,3.096395263671875000e+02,3.096636352539062500e+02,3.099183959960937500e+02,3.105064086914062500e+02,3.108981933593750000e+02,3.111603698730468750e+02,3.111929321289062500e+02,3.112058715820312500e+02,3.114595336914062500e+02,3.119126892089843750e+02,3.123494262695312500e+02,3.121937561035156250e+02,3.116183776855468750e+02,3.110243530273437500e+02,3.104012756347656250e+02,3.098084106445312500e+02,3.094621276855468750e+02,3.093229370117187500e+02,3.092774963378906250e+02,3.092328796386718750e+02,3.091505737304687500e+02,3.090240783691406250e+02,3.089406127929687500e+02,3.089042358398437500e+02,3.089100952148437500e+02,3.089918212890625000e+02,3.090568542480468750e+02,3.090975341796875000e+02,3.091108093261718750e+02,3.091177978515625000e+02,3.091630249023437500e+02,3.091730651855468750e+02,3.091072998046875000e+02,3.090337219238281250e+02,3.089185180664062500e+02,3.087540893554687500e+02,3.085693054199218750e+02,3.083989868164062500e+02,3.082862548828125000e+02,3.081756286621093750e+02,3.080112304687500000e+02,3.078703918457031250e+02,3.073489074707031250e+02,3.075694274902343750e+02,3.083255615234375000e+02,3.084749450683593750e+02,3.087644042968750000e+02,3.103429565429687500e+02,3.117328186035156250e+02,3.067430725097656250e+02,3.048373107910156250e+02,nan,nan,nan,nan,nan,nan,nan,nan,nan,nan,nan,nan,nan,nan,nan,nan,nan,nan,nan,nan,nan,nan,nan,nan,nan,nan,nan,nan,nan,nan,nan,nan,nan,nan,nan,nan,nan,nan,nan,nan,nan,nan,nan,nan,nan,nan,nan,nan,nan,nan,nan,nan,nan,nan,nan,nan,nan,nan,nan,nan,nan,nan
3.069597167968750000e+02,3.069236145019531250e+02,3.069067687988281250e+02,3.068613281250000000e+02,3.067085876464843750e+02,3.063652954101562500e+02,3.058861389160156250e+02,3.053756713867187500e+02,3.047381286621093750e+02,3.040541076660156250e+02,3.033550109863281250e+02,3.026381835937500000e+02,3.022487182617187500e+02,3.022582397460937500e+02,3.025358581542968750e+02,3.028461914062500000e+02,3.033060913085937500e+02,3.042048950195312500e+02,3.052958068847656250e+02,3.063554382324218750e+02,3.075088500976562500e+02,3.085207519531250000e+02,3.092869262695312500e+02,3.100769958496093750e+02,3.109041137695312500e+02,3.117317504882812500e+02,3.125283203125000000e+02,3.129635620117187500e+02,3.130756225585937500e+02,3.131136169433593750e+02,3.129895019531250000e+02,3.125420227050781250e+02,3.121519775390625000e+02,3.120796813964843750e+02,3.123081970214843750e+02,3.128793640136718750e+02,3.133611450195312500e+02,3.133400878906250000e+02,3.135563354492187500e+02,3.138196105957031250e+02,3.133279113769531250e+02,3.129028625488281250e+02,3.130199279785156250e+02,3.129320068359375000e+02,3.129047851562500000e+02,3.128893432617187500e+02,3.127000732421875000e+02,3.126997985839843750e+02,3.129400024414062500e+02,3.133146972656250000e+02,3.135664062500000000e+02,3.135228271484375000e+02,3.135135498046875000e+02,3.132153930664062500e+02,3.128126831054687500e+02,3.128628234863281250e+02,3.133244323730468750e+02,3.139016418457031250e+02,3.134518432617187500e+02,3.124722595214843750e+02,3.115884399414062500e+02,3.107451171875000000e+02,3.100195007324218750e+02,3.096612548828125000e+02,3.095435485839843750e+02,3.094699096679687500e+02,3.093776245117187500e+02,3.092271728515625000e+02,3.090635070800781250e+02,3.089630737304687500e+02,3.088972167968750000e+02,3.088829345703125000e+02,3.089266967773437500e+02,3.089692077636718750e+02,3.089811401367187500e+02,3.089556884765625000e+02,3.089448547363281250e+02,3.089595336914062500e+02,3.088934326171875000e+02,3.088101501464843750e+02,3.087213745117187500e+02,3.085209350585937500e+02,3.083148193359375000e+02,3.081096801757812500e+02,3.079060974121093750e+02,3.077449035644531250e+02,3.075908813476562500e+02,3.074018859863281250e+02,3.072315063476562500e+02,3.070500183105468750e+02,3.073869934082031250e+02,3.072969055175781250e+02,3.072487792968750000e+02,3.081865844726562500e+02,3.100177307128906250e+02,3.103969116210937500e+02,3.060287170410156250e+02,3.026290893554687500e+02,3.047449645996093750e+02,nan,nan,nan,nan,nan,nan,nan,3.396330261230468750e+02,3.319245605468750000e+02,3.255155029296875000e+02,3.187886657714843750e+02,nan,nan,nan,nan,nan,nan,nan,nan,nan,nan,nan,nan,nan,nan,nan,nan,nan,nan,nan,nan,nan,nan,nan,nan,nan,nan,nan,nan,nan,nan,nan,nan,nan,nan,nan,nan,nan,nan,nan,nan,nan,nan,nan,nan,nan,nan,nan,nan,nan,nan
3.069526977539062500e+02,3.069275512695312500e+02,3.068995666503906250e+02,3.067929687500000000e+02,3.065586242675781250e+02,3.061613464355468750e+02,3.057547607421875000e+02,3.052835388183593750e+02,3.047260131835937500e+02,3.041695556640625000e+02,3.036856689453125000e+02,3.034123535156250000e+02,3.035297241210937500e+02,3.039788818359375000e+02,3.045070800781250000e+02,3.051187438964843750e+02,3.059530334472656250e+02,3.069520263671875000e+02,3.080005493164062500e+02,3.090362548828125000e+02,3.100672607421875000e+02,3.108649291992187500e+02,3.114779663085937500e+02,3.121024475097656250e+02,3.126559753417968750e+02,3.132333374023437500e+02,3.136446533203125000e+02,3.136338500976562500e+02,3.134437255859375000e+02,3.133825683593750000e+02,3.130881958007812500e+02,3.126571350097656250e+02,3.125783386230468750e+02,3.127876892089843750e+02,3.131495056152343750e+02,3.137267456054687500e+02,3.140537109375000000e+02,3.138927917480468750e+02,3.141606445312500000e+02,3.144943237304687500e+02,3.142103881835937500e+02,3.141429138183593750e+02,3.145010986328125000e+02,3.146453857421875000e+02,3.147607116699218750e+02,3.147852783203125000e+02,3.147338867187500000e+02,3.148872985839843750e+02,3.151119079589843750e+02,3.153398742675781250e+02,3.152109680175781250e+02,3.151918334960937500e+02,3.151192016601562500e+02,3.144820251464843750e+02,3.140410156250000000e+02,3.143031921386718750e+02,3.151473083496093750e+02,3.155147705078125000e+02,3.142855224609375000e+02,3.127200317382812500e+02,3.115090637207031250e+02,3.104862060546875000e+02,3.097549133300781250e+02,3.095067443847656250e+02,3.094796447753906250e+02,3.094346008300781250e+02,3.093240661621093750e+02,3.091258850097656250e+02,3.089391479492187500e+02,3.088255920410156250e+02,3.087522583007812500e+02,3.087333068847656250e+02,3.087538452148437500e+02,3.087710876464843750e+02,3.087496337890625000e+02,3.087072448730468750e+02,3.086872863769531250e+02,3.086456298828125000e+02,3.085422363281250000e+02,3.084825439453125000e+02,3.083137817382812500e+02,3.080512084960937500e+02,3.078407897949218750e+02,3.076241455078125000e+02,3.073843078613281250e+02,3.072017822265625000e+02,3.070261230468750000e+02,3.068373718261718750e+02,3.066637268066406250e+02,3.065088500976562500e+02,3.064298095703125000e+02,3.063002929687500000e+02,3.061837158203125000e+02,3.073749694824218750e+02,3.083885192871093750e+02,3.068771972656250000e+02,3.047696838378906250e+02,3.050176696777343750e+02,3.075177917480468750e+02,3.141654968261718750e+02,nan,3.213609619140625000e+02,nan,nan,nan,3.297885131835937500e+02,3.380095214843750000e+02,3.302225341796875000e+02,3.234440917968750000e+02,3.163436584472656250e+02,3.100066528320312500e+02,nan,nan,nan,nan,nan,nan,nan,nan,nan,nan,nan,nan,nan,nan,nan,nan,nan,nan,nan,nan,nan,nan,nan,nan,nan,nan,nan,nan,nan,nan,nan,nan,nan,nan,nan,nan,nan,nan,nan,nan,nan,nan,nan,nan,nan,nan,nan,nan,nan
3.070105895996093750e+02,3.070332031250000000e+02,3.070016784667968750e+02,3.068847656250000000e+02,3.066554260253906250e+02,3.063776245117187500e+02,3.061086425781250000e+02,3.058472290039062500e+02,3.055695800781250000e+02,3.053583679199218750e+02,3.052707519531250000e+02,3.054500122070312500e+02,3.059681701660156250e+02,3.065603027343750000e+02,3.071793212890625000e+02,3.079130859375000000e+02,3.087089843750000000e+02,3.095108337402343750e+02,3.103970947265625000e+02,3.112926025390625000e+02,3.121333618164062500e+02,3.126593933105468750e+02,3.130336608886718750e+02,3.133345031738281250e+02,3.135306091308593750e+02,3.137469482421875000e+02,3.137277526855468750e+02,3.134797058105468750e+02,3.132267150878906250e+02,3.131259460449218750e+02,3.128728332519531250e+02,3.127446899414062500e+02,3.129513854980468750e+02,3.132804870605468750e+02,3.136141052246093750e+02,3.140905761718750000e+02,3.141397705078125000e+02,3.141627197265625000e+02,3.148154907226562500e+02,3.152748718261718750e+02,3.152008666992187500e+02,3.155056152343750000e+02,3.159494628906250000e+02,3.160298767089843750e+02,3.160071411132812500e+02,3.159653015136718750e+02,3.159276123046875000e+02,3.160675659179687500e+02,3.162406311035156250e+02,3.163709106445312500e+02,3.163654479980468750e+02,3.165841064453125000e+02,3.162872619628906250e+02,3.156167602539062500e+02,3.155384521484375000e+02,3.161703796386718750e+02,3.168749389648437500e+02,3.163033447265625000e+02,3.142409362792968750e+02,3.120608520507812500e+02,3.107601013183593750e+02,3.098029785156250000e+02,3.092603759765625000e+02,3.092188110351562500e+02,3.093408508300781250e+02,3.093381347656250000e+02,3.091805419921875000e+02,3.089133300781250000e+02,3.086976318359375000e+02,3.085807800292968750e+02,3.085148315429687500e+02,3.084876098632812500e+02,3.084836120605468750e+02,3.084707946777343750e+02,3.084270935058593750e+02,3.083786010742187500e+02,3.083251953125000000e+02,3.082365722656250000e+02,3.081504516601562500e+02,3.080494384765625000e+02,3.077739562988281250e+02,3.075208740234375000e+02,3.073264160156250000e+02,3.070959472656250000e+02,3.068541259765625000e+02,3.066604614257812500e+02,3.064706115722656250e+02,3.062729492187500000e+02,3.060735473632812500e+02,3.059129028320312500e+02,3.057857971191406250e+02,3.056550903320312500e+02,3.055603942871093750e+02,3.061015625000000000e+02,3.058040161132812500e+02,3.042337341308593750e+02,3.050090942382812500e+02,3.061998596191406250e+02,3.085759277343750000e+02,3.201843566894531250e+02,3.171571655273437500e+02,3.196571655273437500e+02,3.151882934570312500e+02,3.166241149902343750e+02,3.176338500976562500e+02,3.267519836425781250e+02,3.235105285644531250e+02,3.174945373535156250e+02,3.117931518554687500e+02,3.054326477050781250e+02,3.015503540039062500e+02,nan,nan,nan,nan,nan,nan,nan,nan,nan,nan,nan,nan,nan,nan,nan,nan,nan,nan,nan,nan,nan,nan,nan,nan,nan,nan,nan,nan,nan,nan,nan,nan,nan,nan,nan,nan,nan,nan,nan,nan,nan,nan,nan,nan,nan,nan,nan,nan,nan
3.071001586914062500e+02,3.071318359375000000e+02,3.071033325195312500e+02,3.069992675781250000e+02,3.068583984375000000e+02,3.067103881835937500e+02,3.065918579101562500e+02,3.065140075683593750e+02,3.064397583007812500e+02,3.064375915527343750e+02,3.066176757812500000e+02,3.071462707519531250e+02,3.078091125488281250e+02,3.084150390625000000e+02,3.090755615234375000e+02,3.097394409179687500e+02,3.102866516113281250e+02,3.109449157714843750e+02,3.116959533691406250e+02,3.124537963867187500e+02,3.129840087890625000e+02,3.131786193847656250e+02,3.132955017089843750e+02,3.133341674804687500e+02,3.133598937988281250e+02,3.133173217773437500e+02,3.132136230468750000e+02,3.129757385253906250e+02,3.128502197265625000e+02,3.129010009765625000e+02,3.128442993164062500e+02,3.129747924804687500e+02,3.133396606445312500e+02,3.136733093261718750e+02,3.140062561035156250e+02,3.143126831054687500e+02,3.144351501464843750e+02,3.150046691894531250e+02,3.157695922851562500e+02,3.161340332031250000e+02,3.162153625488281250e+02,3.165752563476562500e+02,3.168412475585937500e+02,3.168264465332031250e+02,3.168081054687500000e+02,3.167447814941406250e+02,3.167538757324218750e+02,3.168938598632812500e+02,3.171431884765625000e+02,3.173016662597656250e+02,3.174864196777343750e+02,3.174947814941406250e+02,3.169641723632812500e+02,3.165115661621093750e+02,3.167060852050781250e+02,3.172700195312500000e+02,3.172973022460937500e+02,3.158754882812500000e+02,3.130855712890625000e+02,3.109353637695312500e+02,3.099916992187500000e+02,3.092107543945312500e+02,3.088410034179687500e+02,3.090271911621093750e+02,3.092532958984375000e+02,3.092091979980468750e+02,3.089455261230468750e+02,3.085881347656250000e+02,3.083437805175781250e+02,3.082131347656250000e+02,3.081429748535156250e+02,3.081039428710937500e+02,3.080732421875000000e+02,3.080393981933593750e+02,3.079872741699218750e+02,3.079317626953125000e+02,3.078618164062500000e+02,3.077727050781250000e+02,3.076841125488281250e+02,3.074873046875000000e+02,3.072057495117187500e+02,3.070143127441406250e+02,3.068176574707031250e+02,3.065751342773437500e+02,3.063340454101562500e+02,3.061323852539062500e+02,3.059346923828125000e+02,3.057256164550781250e+02,3.055441284179687500e+02,3.053905334472656250e+02,3.052535400390625000e+02,3.051421813964843750e+02,3.050999755859375000e+02,3.050398254394531250e+02,3.044959411621093750e+02,3.046885986328125000e+02,3.063531799316406250e+02,3.070779418945312500e+02,3.077022705078125000e+02,3.111259765625000000e+02,3.147891540527343750e+02,3.105602416992187500e+02,3.115661926269531250e+02,3.174230651855468750e+02,3.181998901367187500e+02,3.178389892578125000e+02,3.144073486328125000e+02,3.097634277343750000e+02,3.057153625488281250e+02,3.006733398437500000e+02,2.952895507812500000e+02,2.950664367675781250e+02,nan,nan,nan,nan,nan,nan,nan,nan,nan,nan,nan,nan,nan,nan,nan,nan,nan,nan,nan,nan,nan,nan,nan,nan,nan,nan,nan,nan,nan,nan,nan,nan,nan,nan,nan,nan,nan,nan,nan,nan,nan,nan,nan,nan,nan,nan,nan,nan
3.071868591308593750e+02,3.072349243164062500e+02,3.072597961425781250e+02,3.072303771972656250e+02,3.072039794921875000e+02,3.071515502929687500e+02,3.071065063476562500e+02,3.070515747070312500e+02,3.070272216796875000e+02,3.071626892089843750e+02,3.076128845214843750e+02,3.083680725097656250e+02,3.090829162597656250e+02,3.096974792480468750e+02,3.102370910644531250e+02,3.106487121582031250e+02,3.110414733886718750e+02,3.115725097656250000e+02,3.121527099609375000e+02,3.126408386230468750e+02,3.127673034667968750e+02,3.127478942871093750e+02,3.127393188476562500e+02,3.127169799804687500e+02,3.126748046875000000e+02,3.125856628417968750e+02,3.125869445800781250e+02,3.125634155273437500e+02,3.127958068847656250e+02,3.130083618164062500e+02,3.130455627441406250e+02,3.133515625000000000e+02,3.137875061035156250e+02,3.140667724609375000e+02,3.143901977539062500e+02,3.147949218750000000e+02,3.153676147460937500e+02,3.161520996093750000e+02,3.166940002441406250e+02,3.168688659667968750e+02,3.169404602050781250e+02,3.171915588378906250e+02,3.174209594726562500e+02,3.175119934082031250e+02,3.175296630859375000e+02,3.174778137207031250e+02,3.175307006835937500e+02,3.176472473144531250e+02,3.178652038574218750e+02,3.179324340820312500e+02,3.179558105468750000e+02,3.176768188476562500e+02,3.172917175292968750e+02,3.170689392089843750e+02,3.172997436523437500e+02,3.176191101074218750e+02,3.169626770019531250e+02,3.146548767089843750e+02,3.118552856445312500e+02,3.105471496582031250e+02,3.097581481933593750e+02,3.088873901367187500e+02,3.084803771972656250e+02,3.089185180664062500e+02,3.091805725097656250e+02,3.090399475097656250e+02,3.086105957031250000e+02,3.081459350585937500e+02,3.078123474121093750e+02,3.076620788574218750e+02,3.076104431152343750e+02,3.075720825195312500e+02,3.075270996093750000e+02,3.074901733398437500e+02,3.074500427246093750e+02,3.074104309082031250e+02,3.073576049804687500e+02,3.072850952148437500e+02,3.071692199707031250e+02,3.069568786621093750e+02,3.067452087402343750e+02,3.065476379394531250e+02,3.063049621582031250e+02,3.060638732910156250e+02,3.058349914550781250e+02,3.056375122070312500e+02,3.054345397949218750e+02,3.052486572265625000e+02,3.050917663574218750e+02,3.049503784179687500e+02,3.048328857421875000e+02,3.047627563476562500e+02,3.047047119140625000e+02,3.045760192871093750e+02,3.044194946289062500e+02,3.048747558593750000e+02,3.051518859863281250e+02,3.051674804687500000e+02,3.056729125976562500e+02,3.068950195312500000e+02,3.077013854980468750e+02,3.061234130859375000e+02,3.077996215820312500e+02,3.088995361328125000e+02,3.091623840332031250e+02,3.092700805664062500e+02,3.074660339355468750e+02,3.049152221679687500e+02,3.021105346679687500e+02,2.982190246582031250e+02,2.948061828613281250e+02,2.945574951171875000e+02,nan,nan,nan,nan,nan,nan,nan,nan,nan,nan,nan,nan,nan,nan,nan,nan,nan,nan,nan,nan,nan,nan,nan,nan,nan,nan,nan,nan,nan,nan,nan,nan,nan,nan,nan,nan,nan,nan,nan,nan,nan,nan,nan,nan,nan,nan,nan,nan
3.072985839843750000e+02,3.073802795410156250e+02,3.074516296386718750e+02,3.074845581054687500e+02,3.074946899414062500e+02,3.074560546875000000e+02,3.074165649414062500e+02,3.073817138671875000e+02,3.074424438476562500e+02,3.076990661621093750e+02,3.082810974121093750e+02,3.089714660644531250e+02,3.095839843750000000e+02,3.100195922851562500e+02,3.103327941894531250e+02,3.105632324218750000e+02,3.109180908203125000e+02,3.113618164062500000e+02,3.117964172363281250e+02,3.120472412109375000e+02,3.120922241210937500e+02,3.121071472167968750e+02,3.121354370117187500e+02,3.121258544921875000e+02,3.120495910644531250e+02,3.120709228515625000e+02,3.122073669433593750e+02,3.125197143554687500e+02,3.130052490234375000e+02,3.131839904785156250e+02,3.133566284179687500e+02,3.138396911621093750e+02,3.142354736328125000e+02,3.145220947265625000e+02,3.150446166992187500e+02,3.156762084960937500e+02,3.163954162597656250e+02,3.170610046386718750e+02,3.173966979980468750e+02,3.174584045410156250e+02,3.175427551269531250e+02,3.177996826171875000e+02,3.180692749023437500e+02,3.181676330566406250e+02,3.181540527343750000e+02,3.180755615234375000e+02,3.179850463867187500e+02,3.180576477050781250e+02,3.182135620117187500e+02,3.182280273437500000e+02,3.181934204101562500e+02,3.179721374511718750e+02,3.177225036621093750e+02,3.174303894042968750e+02,3.175237426757812500e+02,3.174543457031250000e+02,3.159450988769531250e+02,3.132244567871093750e+02,3.112850036621093750e+02,3.103665466308593750e+02,3.091875610351562500e+02,3.082280883789062500e+02,3.081210632324218750e+02,3.088451538085937500e+02,3.091691284179687500e+02,3.088210449218750000e+02,3.081099548339843750e+02,3.073956909179687500e+02,3.069462280273437500e+02,3.068921508789062500e+02,3.069230651855468750e+02,3.069154052734375000e+02,3.068858032226562500e+02,3.068706970214843750e+02,3.068695678710937500e+02,3.068651733398437500e+02,3.068422546386718750e+02,3.067861022949218750e+02,3.066665039062500000e+02,3.064829101562500000e+02,3.062774353027343750e+02,3.060478820800781250e+02,3.058133239746093750e+02,3.056002197265625000e+02,3.053905334472656250e+02,3.051990051269531250e+02,3.050160217285156250e+02,3.048616027832031250e+02,3.047322387695312500e+02,3.046244201660156250e+02,3.045345458984375000e+02,3.044756774902343750e+02,3.043962097167968750e+02,3.042558288574218750e+02,3.041390075683593750e+02,3.039906616210937500e+02,3.036515197753906250e+02,3.033630065917968750e+02,3.032773742675781250e+02,3.032967224121093750e+02,3.033424987792968750e+02,3.034251708984375000e+02,3.037472229003906250e+02,3.039230957031250000e+02,3.038139038085937500e+02,3.041887817382812500e+02,3.036782226562500000e+02,3.020447692871093750e+02,2.997211303710937500e+02,2.968922424316406250e+02,2.944025268554687500e+02,2.941394042968750000e+02,2.942768249511718750e+02,nan,nan,nan,nan,nan,nan,nan,nan,nan,nan,nan,nan,nan,nan,nan,nan,nan,nan,nan,nan,nan,nan,nan,nan,nan,nan,nan,nan,nan,nan,nan,nan,nan,nan,nan,nan,nan,nan,nan,nan,nan,nan,nan,nan,nan,nan,nan
3.074064025878906250e+02,3.074993896484375000e+02,3.075623474121093750e+02,3.075791931152343750e+02,3.075602416992187500e+02,3.075057983398437500e+02,3.074859924316406250e+02,3.074793395996093750e+02,3.075646972656250000e+02,3.078325500488281250e+02,3.083049621582031250e+02,3.087800292968750000e+02,3.091796264648437500e+02,3.093716735839843750e+02,3.095002136230468750e+02,3.097978515625000000e+02,3.102573852539062500e+02,3.107216186523437500e+02,3.111158447265625000e+02,3.113642883300781250e+02,3.115479736328125000e+02,3.116410827636718750e+02,3.117163391113281250e+02,3.117241821289062500e+02,3.117586975097656250e+02,3.119484558105468750e+02,3.123279113769531250e+02,3.129344177246093750e+02,3.133953247070312500e+02,3.135723571777343750e+02,3.139473266601562500e+02,3.144790954589843750e+02,3.148700561523437500e+02,3.153335571289062500e+02,3.159780883789062500e+02,3.166240539550781250e+02,3.172836608886718750e+02,3.178055725097656250e+02,3.179497985839843750e+02,3.179369201660156250e+02,3.180467834472656250e+02,3.183424987792968750e+02,3.186001281738281250e+02,3.186647033691406250e+02,3.185714111328125000e+02,3.183621215820312500e+02,3.181492614746093750e+02,3.183072814941406250e+02,3.185167846679687500e+02,3.185914611816406250e+02,3.185221252441406250e+02,3.182259826660156250e+02,3.178252563476562500e+02,3.173300476074218750e+02,3.171787109375000000e+02,3.164790039062500000e+02,3.141498718261718750e+02,3.118142089843750000e+02,3.105680847167968750e+02,3.094659729003906250e+02,3.083557434082031250e+02,3.079470825195312500e+02,3.083005371093750000e+02,3.091673889160156250e+02,3.093476257324218750e+02,3.084400329589843750e+02,3.070993347167968750e+02,3.060220031738281250e+02,3.056650695800781250e+02,3.059677734375000000e+02,3.061597595214843750e+02,3.062212219238281250e+02,3.062236633300781250e+02,3.062491455078125000e+02,3.063034362792968750e+02,3.063474426269531250e+02,3.063561401367187500e+02,3.063068237304687500e+02,3.061940307617187500e+02,3.060204772949218750e+02,3.058168640136718750e+02,3.056056518554687500e+02,3.053984680175781250e+02,3.052007751464843750e+02,3.050126953125000000e+02,3.048571777343750000e+02,3.047178955078125000e+02,3.046053466796875000e+02,3.045097656250000000e+02,3.044168701171875000e+02,3.043348388671875000e+02,3.042419433593750000e+02,3.041494140625000000e+02,3.040083007812500000e+02,3.038744201660156250e+02,3.036627502441406250e+02,3.033907470703125000e+02,3.031765747070312500e+02,3.031227722167968750e+02,3.030917968750000000e+02,3.031391601562500000e+02,3.031453247070312500e+02,3.031678466796875000e+02,3.029269409179687500e+02,3.031943969726562500e+02,3.038920288085937500e+02,3.035413208007812500e+02,3.019939575195312500e+02,2.997809753417968750e+02,2.972854003906250000e+02,2.946073608398437500e+02,2.943263854980468750e+02,2.950763854980468750e+02,2.949867553710937500e+02,nan,nan,nan,nan,nan,nan,nan,nan,nan,nan,nan,nan,nan,nan,nan,nan,nan,nan,nan,nan,nan,nan,nan,nan,nan,nan,nan,nan,nan,nan,nan,nan,nan,nan,nan,nan,nan,nan,nan,nan,nan,nan,nan,nan,nan,nan
3.075147705078125000e+02,3.075996093750000000e+02,3.076438903808593750e+02,3.076518249511718750e+02,3.076255798339843750e+02,3.075867919921875000e+02,3.075823669433593750e+02,3.076095886230468750e+02,3.077213439941406250e+02,3.079982299804687500e+02,3.083605041503906250e+02,3.087186279296875000e+02,3.089119262695312500e+02,3.089545593261718750e+02,3.091080322265625000e+02,3.095823974609375000e+02,3.100603942871093750e+02,3.104783630371093750e+02,3.108059387207031250e+02,3.110861511230468750e+02,3.113307800292968750e+02,3.114705200195312500e+02,3.115858764648437500e+02,3.116746520996093750e+02,3.119096679687500000e+02,3.123338928222656250e+02,3.129455261230468750e+02,3.135643920898437500e+02,3.139391174316406250e+02,3.142277221679687500e+02,3.146709289550781250e+02,3.151921081542968750e+02,3.156273498535156250e+02,3.161466064453125000e+02,3.167748413085937500e+02,3.173516540527343750e+02,3.178818664550781250e+02,3.182053222656250000e+02,3.181812744140625000e+02,3.181216430664062500e+02,3.182710571289062500e+02,3.186046142578125000e+02,3.188192138671875000e+02,3.187734985351562500e+02,3.185512695312500000e+02,3.181768493652343750e+02,3.179768371582031250e+02,3.182521667480468750e+02,3.184555664062500000e+02,3.184265441894531250e+02,3.181801452636718750e+02,3.177173461914062500e+02,3.171402587890625000e+02,3.164349975585937500e+02,3.158523254394531250e+02,3.143612976074218750e+02,3.120981750488281250e+02,3.106235961914062500e+02,3.096662597656250000e+02,3.086806640625000000e+02,3.080873107910156250e+02,3.079323425292968750e+02,3.083240661621093750e+02,3.090569458007812500e+02,3.087458190917968750e+02,3.071331176757812500e+02,3.054954223632812500e+02,3.044334106445312500e+02,3.047168273925781250e+02,3.053078918457031250e+02,3.055263061523437500e+02,3.055886840820312500e+02,3.055945739746093750e+02,3.056649780273437500e+02,3.057864379882812500e+02,3.058797607421875000e+02,3.059093627929687500e+02,3.058654785156250000e+02,3.057614746093750000e+02,3.055836181640625000e+02,3.053791809082031250e+02,3.051773071289062500e+02,3.049927978515625000e+02,3.048131408691406250e+02,3.046740417480468750e+02,3.045654296875000000e+02,3.044682617187500000e+02,3.043915405273437500e+02,3.043070373535156250e+02,3.042148132324218750e+02,3.041138000488281250e+02,3.039891662597656250e+02,3.038768310546875000e+02,3.037705078125000000e+02,3.036125488281250000e+02,3.034169311523437500e+02,3.032463378906250000e+02,3.031067504882812500e+02,3.030229492187500000e+02,3.029799804687500000e+02,3.029331054687500000e+02,3.028567504882812500e+02,3.027486267089843750e+02,3.026898803710937500e+02,3.033750305175781250e+02,3.040054321289062500e+02,3.035727233886718750e+02,3.020210266113281250e+02,3.000604248046875000e+02,2.977450561523437500e+02,2.957090454101562500e+02,2.949524841308593750e+02,2.949916992187500000e+02,2.948639221191406250e+02,nan,nan,nan,nan,nan,nan,nan,nan,nan,nan,nan,nan,nan,nan,nan,nan,nan,nan,nan,nan,nan,nan,nan,nan,nan,nan,nan,nan,nan,nan,nan,nan,nan,nan,nan,nan,nan,nan,nan,nan,nan,nan,nan,nan,nan,nan
3.076162109375000000e+02,3.076973876953125000e+02,3.077499084472656250e+02,3.077648010253906250e+02,3.077467346191406250e+02,3.077449645996093750e+02,3.077757873535156250e+02,3.078396606445312500e+02,3.079850769042968750e+02,3.082695007324218750e+02,3.086205749511718750e+02,3.089271850585937500e+02,3.090408935546875000e+02,3.091088256835937500e+02,3.094248962402343750e+02,3.099139709472656250e+02,3.103021240234375000e+02,3.105668640136718750e+02,3.107416992187500000e+02,3.110304870605468750e+02,3.113751831054687500e+02,3.116217651367187500e+02,3.118129577636718750e+02,3.121077270507812500e+02,3.125619812011718750e+02,3.131304321289062500e+02,3.137058105468750000e+02,3.141850585937500000e+02,3.145593872070312500e+02,3.148883361816406250e+02,3.153092041015625000e+02,3.157961425781250000e+02,3.161960754394531250e+02,3.166546630859375000e+02,3.172536926269531250e+02,3.177136230468750000e+02,3.180490417480468750e+02,3.181366271972656250e+02,3.179820861816406250e+02,3.179838867187500000e+02,3.181828002929687500e+02,3.184966735839843750e+02,3.185740966796875000e+02,3.183810424804687500e+02,3.180021057128906250e+02,3.175462036132812500e+02,3.174442443847656250e+02,3.177064514160156250e+02,3.177399597167968750e+02,3.175185241699218750e+02,3.170376892089843750e+02,3.163999633789062500e+02,3.156138916015625000e+02,3.147366333007812500e+02,3.137578430175781250e+02,3.122434082031250000e+02,3.108008728027343750e+02,3.098073120117187500e+02,3.090023193359375000e+02,3.081712036132812500e+02,3.075738525390625000e+02,3.072011718750000000e+02,3.073057556152343750e+02,3.078026123046875000e+02,3.071451110839843750e+02,3.054267578125000000e+02,3.040563964843750000e+02,3.034735412597656250e+02,3.042626647949218750e+02,3.047249450683593750e+02,3.049367370605468750e+02,3.049805603027343750e+02,3.049746093750000000e+02,3.051217041015625000e+02,3.053355712890625000e+02,3.054801635742187500e+02,3.055245666503906250e+02,3.054815979003906250e+02,3.053589172363281250e+02,3.051568908691406250e+02,3.049466552734375000e+02,3.047575683593750000e+02,3.046066589355468750e+02,3.044682617187500000e+02,3.043858947753906250e+02,3.043133850097656250e+02,3.042494812011718750e+02,3.041974792480468750e+02,3.041330566406250000e+02,3.040514526367187500e+02,3.039421386718750000e+02,3.038286743164062500e+02,3.037128906250000000e+02,3.035944519042968750e+02,3.034132385253906250e+02,3.032543640136718750e+02,3.031179504394531250e+02,3.029797058105468750e+02,3.028982849121093750e+02,3.028072509765625000e+02,3.026715087890625000e+02,3.026044616699218750e+02,3.024905700683593750e+02,3.026787719726562500e+02,3.031829833984375000e+02,3.035010375976562500e+02,3.028831481933593750e+02,3.015768737792968750e+02,3.000172729492187500e+02,2.981175842285156250e+02,2.966567382812500000e+02,2.955706481933593750e+02,2.950522766113281250e+02,2.946857910156250000e+02,2.944576721191406250e+02,nan,nan,nan,nan,nan,nan,nan,nan,nan,nan,nan,nan,nan,nan,nan,nan,nan,nan,nan,nan,nan,nan,nan,nan,nan,nan,nan,nan,nan,nan,nan,nan,nan,nan,nan,nan,nan,nan,nan,nan,nan,nan,nan,nan,nan
3.076674194335937500e+02,3.077680664062500000e+02,3.078379211425781250e+02,3.078662719726562500e+02,3.078750000000000000e+02,3.079263610839843750e+02,3.079952392578125000e+02,3.080812377929687500e+02,3.082702026367187500e+02,3.085765991210937500e+02,3.089248657226562500e+02,3.091814880371093750e+02,3.092568359375000000e+02,3.093639526367187500e+02,3.097171936035156250e+02,3.101743164062500000e+02,3.104360656738281250e+02,3.105726318359375000e+02,3.106524047851562500e+02,3.111047973632812500e+02,3.116331481933593750e+02,3.119438476562500000e+02,3.122505187988281250e+02,3.127701416015625000e+02,3.132947692871093750e+02,3.138113403320312500e+02,3.142418518066406250e+02,3.146083984375000000e+02,3.149657287597656250e+02,3.152412414550781250e+02,3.155986022949218750e+02,3.160566101074218750e+02,3.163666992187500000e+02,3.167709350585937500e+02,3.173140258789062500e+02,3.176000671386718750e+02,3.176928710937500000e+02,3.175551757812500000e+02,3.173995361328125000e+02,3.175473937988281250e+02,3.177200927734375000e+02,3.179009399414062500e+02,3.177512817382812500e+02,3.173723449707031250e+02,3.168889465332031250e+02,3.164415893554687500e+02,3.163646240234375000e+02,3.164985961914062500e+02,3.163616027832031250e+02,3.159145202636718750e+02,3.152297973632812500e+02,3.144522399902343750e+02,3.135325012207031250e+02,3.126694335937500000e+02,3.116879882812500000e+02,3.107146606445312500e+02,3.097590637207031250e+02,3.089214477539062500e+02,3.080913391113281250e+02,3.071725769042968750e+02,3.063058166503906250e+02,3.057416076660156250e+02,3.055844116210937500e+02,3.061050109863281250e+02,3.054686279296875000e+02,3.038886413574218750e+02,3.027539062500000000e+02,3.027911376953125000e+02,3.036027221679687500e+02,3.040443115234375000e+02,3.043536682128906250e+02,3.043333129882812500e+02,3.043260498046875000e+02,3.046382751464843750e+02,3.049519348144531250e+02,3.051295471191406250e+02,3.051705932617187500e+02,3.051005249023437500e+02,3.049410095214843750e+02,3.047216186523437500e+02,3.045181274414062500e+02,3.043700256347656250e+02,3.042583618164062500e+02,3.041641845703125000e+02,3.041281738281250000e+02,3.040986633300781250e+02,3.040748291015625000e+02,3.040502014160156250e+02,3.040016174316406250e+02,3.039181518554687500e+02,3.038125610351562500e+02,3.037238464355468750e+02,3.036142578125000000e+02,3.034672546386718750e+02,3.033049621582031250e+02,3.031645507812500000e+02,3.030209960937500000e+02,3.028889465332031250e+02,3.027799682617187500e+02,3.026066284179687500e+02,3.024983520507812500e+02,3.024403686523437500e+02,3.023717346191406250e+02,3.025035095214843750e+02,3.026150207519531250e+02,3.026066894531250000e+02,3.020538940429687500e+02,3.010254211425781250e+02,2.997366943359375000e+02,2.981879882812500000e+02,2.968011169433593750e+02,2.955330505371093750e+02,2.945280456542968750e+02,2.935362854003906250e+02,2.932801818847656250e+02,nan,nan,nan,nan,nan,nan,nan,nan,nan,nan,nan,nan,nan,nan,nan,nan,nan,nan,nan,nan,nan,nan,nan,nan,nan,nan,nan,nan,nan,nan,nan,nan,nan,nan,nan,nan,nan,nan,nan,nan,nan,nan,nan,nan,nan
3.077178649902343750e+02,3.078316345214843750e+02,3.079122619628906250e+02,3.079640808105468750e+02,3.080115966796875000e+02,3.080886840820312500e+02,3.081811218261718750e+02,3.083162841796875000e+02,3.085809631347656250e+02,3.089183959960937500e+02,3.092444152832031250e+02,3.094279479980468750e+02,3.093748779296875000e+02,3.094662780761718750e+02,3.098705749511718750e+02,3.102547607421875000e+02,3.104108276367187500e+02,3.104944763183593750e+02,3.107509765625000000e+02,3.114946594238281250e+02,3.120452880859375000e+02,3.123793029785156250e+02,3.127981872558593750e+02,3.132873229980468750e+02,3.136734619140625000e+02,3.140359191894531250e+02,3.142944946289062500e+02,3.145432434082031250e+02,3.148179931640625000e+02,3.150505065917968750e+02,3.154055786132812500e+02,3.158080444335937500e+02,3.160148315429687500e+02,3.163742980957031250e+02,3.167937622070312500e+02,3.168858642578125000e+02,3.167555541992187500e+02,3.164827575683593750e+02,3.164965820312500000e+02,3.166045227050781250e+02,3.166648559570312500e+02,3.165335693359375000e+02,3.160755004882812500e+02,3.155499572753906250e+02,3.150433349609375000e+02,3.146273193359375000e+02,3.145196228027343750e+02,3.144724731445312500e+02,3.141600646972656250e+02,3.135529174804687500e+02,3.128211975097656250e+02,3.119805908203125000e+02,3.112476806640625000e+02,3.105411376953125000e+02,3.098408203125000000e+02,3.091988220214843750e+02,3.083418884277343750e+02,3.074490051269531250e+02,3.063737182617187500e+02,3.052397155761718750e+02,3.043486328125000000e+02,3.037140502929687500e+02,3.037957458496093750e+02,3.045999755859375000e+02,3.039509887695312500e+02,3.024716186523437500e+02,3.017087097167968750e+02,3.021798095703125000e+02,3.029957885742187500e+02,3.035142211914062500e+02,3.037350463867187500e+02,3.035137634277343750e+02,3.036711730957031250e+02,3.042208862304687500e+02,3.046063842773437500e+02,3.047984313964843750e+02,3.048187866210937500e+02,3.047102050781250000e+02,3.045187072753906250e+02,3.042967834472656250e+02,3.041354675292968750e+02,3.040405578613281250e+02,3.039632568359375000e+02,3.039221496582031250e+02,3.039412536621093750e+02,3.039685363769531250e+02,3.039896545410156250e+02,3.039863281250000000e+02,3.039361877441406250e+02,3.038440551757812500e+02,3.037493896484375000e+02,3.036653442382812500e+02,3.035576171875000000e+02,3.034118957519531250e+02,3.032658691406250000e+02,3.031157226562500000e+02,3.029703979492187500e+02,3.028588867187500000e+02,3.027220458984375000e+02,3.025650024414062500e+02,3.025511169433593750e+02,3.024610595703125000e+02,3.023560791015625000e+02,3.022924804687500000e+02,3.022048034667968750e+02,3.020335388183593750e+02,3.014983825683593750e+02,3.005959167480468750e+02,2.995477905273437500e+02,2.983039855957031250e+02,2.968923950195312500e+02,2.956015014648437500e+02,2.943150024414062500e+02,2.925686950683593750e+02,2.920406799316406250e+02,nan,nan,nan,nan,nan,nan,nan,nan,nan,nan,nan,nan,nan,nan,nan,nan,nan,nan,nan,nan,nan,nan,nan,nan,nan,nan,nan,nan,nan,nan,nan,nan,nan,nan,nan,nan,nan,nan,nan,nan,nan,nan,nan,nan,nan
3.077561035156250000e+02,3.078725891113281250e+02,3.079677124023437500e+02,3.080373229980468750e+02,3.081110839843750000e+02,3.082086791992187500e+02,3.083222656250000000e+02,3.085169372558593750e+02,3.088461608886718750e+02,3.091635131835937500e+02,3.094154663085937500e+02,3.094694213867187500e+02,3.093080749511718750e+02,3.095333862304687500e+02,3.099744262695312500e+02,3.101364746093750000e+02,3.103368225097656250e+02,3.105496215820312500e+02,3.111286926269531250e+02,3.119006958007812500e+02,3.123565979003906250e+02,3.127713623046875000e+02,3.131207275390625000e+02,3.133571472167968750e+02,3.135740356445312500e+02,3.137629699707031250e+02,3.138302001953125000e+02,3.139735107421875000e+02,3.142308349609375000e+02,3.144863891601562500e+02,3.147933959960937500e+02,3.150978393554687500e+02,3.152045593261718750e+02,3.154616088867187500e+02,3.157307434082031250e+02,3.156539916992187500e+02,3.153742065429687500e+02,3.151504211425781250e+02,3.152295837402343750e+02,3.151781005859375000e+02,3.150101928710937500e+02,3.144862060546875000e+02,3.138548583984375000e+02,3.133323974609375000e+02,3.128877563476562500e+02,3.125266113281250000e+02,3.123537902832031250e+02,3.121057128906250000e+02,3.116816101074218750e+02,3.109886169433593750e+02,3.102600097656250000e+02,3.095769348144531250e+02,3.091335754394531250e+02,3.086196594238281250e+02,3.081614379882812500e+02,3.075289306640625000e+02,3.066116333007812500e+02,3.054624023437500000e+02,3.041342163085937500e+02,3.029071350097656250e+02,3.021749267578125000e+02,3.018285827636718750e+02,3.024661254882812500e+02,3.032886047363281250e+02,3.025560607910156250e+02,3.013804931640625000e+02,3.010489501953125000e+02,3.018032531738281250e+02,3.025708923339843750e+02,3.030088500976562500e+02,3.028449707031250000e+02,3.025476379394531250e+02,3.028712158203125000e+02,3.036760559082031250e+02,3.041227416992187500e+02,3.043241882324218750e+02,3.043179931640625000e+02,3.041675415039062500e+02,3.039452514648437500e+02,3.037584228515625000e+02,3.036759338378906250e+02,3.036341552734375000e+02,3.036205139160156250e+02,3.036511840820312500e+02,3.037259521484375000e+02,3.037913513183593750e+02,3.038598327636718750e+02,3.038704528808593750e+02,3.038216552734375000e+02,3.037433776855468750e+02,3.036701660156250000e+02,3.035852050781250000e+02,3.034865722656250000e+02,3.033665771484375000e+02,3.032210693359375000e+02,3.030686950683593750e+02,3.029336547851562500e+02,3.028458557128906250e+02,3.027256164550781250e+02,3.026613769531250000e+02,3.026551513671875000e+02,3.024600524902343750e+02,3.022514648437500000e+02,3.020791320800781250e+02,3.019154052734375000e+02,3.016371765136718750e+02,3.011067504882812500e+02,3.004525451660156250e+02,2.996800231933593750e+02,2.986093139648437500e+02,2.973146057128906250e+02,2.960707397460937500e+02,2.944083251953125000e+02,2.920760803222656250e+02,2.895325012207031250e+02,2.893703613281250000e+02,nan,nan,nan,nan,nan,nan,nan,nan,nan,nan,nan,nan,nan,nan,nan,nan,nan,nan,nan,nan,nan,nan,nan,nan,nan,nan,nan,nan,nan,nan,nan,nan,nan,nan,nan,nan,nan,nan,nan,nan,nan,nan,nan,nan
3.077293395996093750e+02,3.078309020996093750e+02,3.079211120605468750e+02,3.079886474609375000e+02,3.080724792480468750e+02,3.081761474609375000e+02,3.082800292968750000e+02,3.084990539550781250e+02,3.087599792480468750e+02,3.089835205078125000e+02,3.091466674804687500e+02,3.090809020996093750e+02,3.090888366699218750e+02,3.095311584472656250e+02,3.098237304687500000e+02,3.100538635253906250e+02,3.104839782714843750e+02,3.109031372070312500e+02,3.115014648437500000e+02,3.119964904785156250e+02,3.123466186523437500e+02,3.125933837890625000e+02,3.126750488281250000e+02,3.127100830078125000e+02,3.128267517089843750e+02,3.128791503906250000e+02,3.128417663574218750e+02,3.129926757812500000e+02,3.132789306640625000e+02,3.134472961425781250e+02,3.136154785156250000e+02,3.137572631835937500e+02,3.137199707031250000e+02,3.138446044921875000e+02,3.139258422851562500e+02,3.137019958496093750e+02,3.134146118164062500e+02,3.132950439453125000e+02,3.132411804199218750e+02,3.130353393554687500e+02,3.126264343261718750e+02,3.120419311523437500e+02,3.115384826660156250e+02,3.111365356445312500e+02,3.107969360351562500e+02,3.104971923828125000e+02,3.102433166503906250e+02,3.099399414062500000e+02,3.094433288574218750e+02,3.087731018066406250e+02,3.081674194335937500e+02,3.076907043457031250e+02,3.073568420410156250e+02,3.068588256835937500e+02,3.063282470703125000e+02,3.055708007812500000e+02,3.045857238769531250e+02,3.033733520507812500e+02,3.022270507812500000e+02,3.011838989257812500e+02,3.008501586914062500e+02,3.009804382324218750e+02,3.018225708007812500e+02,3.023572082519531250e+02,3.016723327636718750e+02,3.008146362304687500e+02,3.010396728515625000e+02,3.018942260742187500e+02,3.026152648925781250e+02,3.029239807128906250e+02,3.026294555664062500e+02,3.024798278808593750e+02,3.029281616210937500e+02,3.036802368164062500e+02,3.040758666992187500e+02,3.042108154296875000e+02,3.040892028808593750e+02,3.038300781250000000e+02,3.035748901367187500e+02,3.034589843750000000e+02,3.034439697265625000e+02,3.034699096679687500e+02,3.035285034179687500e+02,3.036123352050781250e+02,3.037063598632812500e+02,3.037809753417968750e+02,3.038385314941406250e+02,3.038192749023437500e+02,3.037640991210937500e+02,3.036912231445312500e+02,3.036213378906250000e+02,3.035388488769531250e+02,3.034557495117187500e+02,3.033525085449218750e+02,3.032145385742187500e+02,3.030707397460937500e+02,3.029534912109375000e+02,3.028696899414062500e+02,3.027913513183593750e+02,3.027692871093750000e+02,3.026668090820312500e+02,3.024062805175781250e+02,3.021618957519531250e+02,3.019803161621093750e+02,3.017994995117187500e+02,3.015342712402343750e+02,3.011353759765625000e+02,3.007302551269531250e+02,3.000792541503906250e+02,2.991289062500000000e+02,2.980180664062500000e+02,2.967396850585937500e+02,2.949062805175781250e+02,2.926596069335937500e+02,2.897226562500000000e+02,2.896746826171875000e+02,nan,nan,nan,nan,nan,nan,nan,nan,nan,nan,nan,nan,nan,nan,nan,nan,nan,nan,nan,nan,nan,nan,nan,nan,nan,nan,nan,nan,nan,nan,nan,nan,nan,nan,nan,nan,nan,nan,nan,nan,nan,nan,nan,nan
3.075801391601562500e+02,3.076836547851562500e+02,3.077587280273437500e+02,3.078349304199218750e+02,3.079093017578125000e+02,3.079953918457031250e+02,3.080811462402343750e+02,3.082258911132812500e+02,3.083842773437500000e+02,3.085172119140625000e+02,3.086213073730468750e+02,3.087301025390625000e+02,3.090738830566406250e+02,3.095047912597656250e+02,3.097946166992187500e+02,3.103775024414062500e+02,3.109151916503906250e+02,3.112447814941406250e+02,3.114761047363281250e+02,3.116036682128906250e+02,3.117574157714843750e+02,3.117943725585937500e+02,3.116643676757812500e+02,3.116058349609375000e+02,3.116672973632812500e+02,3.116305847167968750e+02,3.116497192382812500e+02,3.118305053710937500e+02,3.120132446289062500e+02,3.120308532714843750e+02,3.119985656738281250e+02,3.119179687500000000e+02,3.117747802734375000e+02,3.117508544921875000e+02,3.116731567382812500e+02,3.113949584960937500e+02,3.111517333984375000e+02,3.109978637695312500e+02,3.108125610351562500e+02,3.105044555664062500e+02,3.100929565429687500e+02,3.096934204101562500e+02,3.093459167480468750e+02,3.090623474121093750e+02,3.087987060546875000e+02,3.085362854003906250e+02,3.082733154296875000e+02,3.079502868652343750e+02,3.074699707031250000e+02,3.069563598632812500e+02,3.064537963867187500e+02,3.060541381835937500e+02,3.055844421386718750e+02,3.048526916503906250e+02,3.041514892578125000e+02,3.033230895996093750e+02,3.023521118164062500e+02,3.014483032226562500e+02,3.007782287597656250e+02,3.003617858886718750e+02,3.005852966308593750e+02,3.010303955078125000e+02,3.018024291992187500e+02,3.019777832031250000e+02,3.013593444824218750e+02,3.009547424316406250e+02,3.016287841796875000e+02,3.024734191894531250e+02,3.032525634765625000e+02,3.036187744140625000e+02,3.036738891601562500e+02,3.038015136718750000e+02,3.043522949218750000e+02,3.048484802246093750e+02,3.051338195800781250e+02,3.051252136230468750e+02,3.047763061523437500e+02,3.043616943359375000e+02,3.040966796875000000e+02,3.040283508300781250e+02,3.040351867675781250e+02,3.041013793945312500e+02,3.041950073242187500e+02,3.042999267578125000e+02,3.043751220703125000e+02,3.044214782714843750e+02,3.043851318359375000e+02,3.043016357421875000e+02,3.042200622558593750e+02,3.041087646484375000e+02,3.040082397460937500e+02,3.039150085449218750e+02,3.038284301757812500e+02,3.037169799804687500e+02,3.035859375000000000e+02,3.034436340332031250e+02,3.033331298828125000e+02,3.032489318847656250e+02,3.031733703613281250e+02,3.031367187500000000e+02,3.029709777832031250e+02,3.026692810058593750e+02,3.024244689941406250e+02,3.022825317382812500e+02,3.021574096679687500e+02,3.019382934570312500e+02,3.016756896972656250e+02,3.013812561035156250e+02,3.007943115234375000e+02,2.999438781738281250e+02,2.989176025390625000e+02,2.977573242187500000e+02,2.962216796875000000e+02,2.943454284667968750e+02,2.919611206054687500e+02,2.921820373535156250e+02,nan,nan,nan,nan,nan,nan,nan,nan,nan,nan,nan,nan,nan,nan,nan,nan,nan,nan,nan,nan,nan,nan,nan,nan,nan,nan,nan,nan,nan,nan,nan,nan,nan,nan,nan,nan,nan,nan,nan,nan,nan,nan,nan,nan
3.074189758300781250e+02,3.074948425292968750e+02,3.075556030273437500e+02,3.076018066406250000e+02,3.076459350585937500e+02,3.076989746093750000e+02,3.077448425292968750e+02,3.078286743164062500e+02,3.079551391601562500e+02,3.080556030273437500e+02,3.082495117187500000e+02,3.084320983886718750e+02,3.087489624023437500e+02,3.090200805664062500e+02,3.094090881347656250e+02,3.099488830566406250e+02,3.101553039550781250e+02,3.101742248535156250e+02,3.101783142089843750e+02,3.101936645507812500e+02,3.102698364257812500e+02,3.101817626953125000e+02,3.100172119140625000e+02,3.100218811035156250e+02,3.100486450195312500e+02,3.100395507812500000e+02,3.101041564941406250e+02,3.102247314453125000e+02,3.102841186523437500e+02,3.101727294921875000e+02,3.100433654785156250e+02,3.099507446289062500e+02,3.098138122558593750e+02,3.097436523437500000e+02,3.096041259765625000e+02,3.093623046875000000e+02,3.091592102050781250e+02,3.089788818359375000e+02,3.087382202148437500e+02,3.083812866210937500e+02,3.080711975097656250e+02,3.077712707519531250e+02,3.075076599121093750e+02,3.073043518066406250e+02,3.070565490722656250e+02,3.068240966796875000e+02,3.065551147460937500e+02,3.061870422363281250e+02,3.057856445312500000e+02,3.052921142578125000e+02,3.048078613281250000e+02,3.043628540039062500e+02,3.037110900878906250e+02,3.030072326660156250e+02,3.023000183105468750e+02,3.014793701171875000e+02,3.006818237304687500e+02,3.002040710449218750e+02,2.999129028320312500e+02,3.001407165527343750e+02,3.006912231445312500e+02,3.013453369140625000e+02,3.020030517578125000e+02,3.022750244140625000e+02,3.019079589843750000e+02,3.020696411132812500e+02,3.027570190429687500e+02,3.035477905273437500e+02,3.042973937988281250e+02,3.047802734375000000e+02,3.050421447753906250e+02,3.052932739257812500e+02,3.057855834960937500e+02,3.061076049804687500e+02,3.062408752441406250e+02,3.061155700683593750e+02,3.054720458984375000e+02,3.049432678222656250e+02,3.047262573242187500e+02,3.047088928222656250e+02,3.047659606933593750e+02,3.048726501464843750e+02,3.049709167480468750e+02,3.050531311035156250e+02,3.050864257812500000e+02,3.050787963867187500e+02,3.049869384765625000e+02,3.048943786621093750e+02,3.047910156250000000e+02,3.046418457031250000e+02,3.045196838378906250e+02,3.044194030761718750e+02,3.043272094726562500e+02,3.042085266113281250e+02,3.040626220703125000e+02,3.039069824218750000e+02,3.037894592285156250e+02,3.036803588867187500e+02,3.036009521484375000e+02,3.035476379394531250e+02,3.032841491699218750e+02,3.029328308105468750e+02,3.027295227050781250e+02,3.026398315429687500e+02,3.025415344238281250e+02,3.023285827636718750e+02,3.021797180175781250e+02,3.019417114257812500e+02,3.014145507812500000e+02,3.006342468261718750e+02,2.997612915039062500e+02,2.988334350585937500e+02,2.976041870117187500e+02,2.960880126953125000e+02,2.946625366210937500e+02,2.948422546386718750e+02,nan,nan,nan,nan,nan,nan,nan,nan,nan,nan,nan,nan,nan,nan,nan,nan,nan,nan,nan,nan,nan,nan,nan,nan,nan,nan,nan,nan,nan,nan,nan,nan,nan,nan,nan,nan,nan,nan,nan,nan,nan,nan,nan,nan
3.072200317382812500e+02,3.072645568847656250e+02,3.072900085449218750e+02,3.072758178710937500e+02,3.072678833007812500e+02,3.072747802734375000e+02,3.073128356933593750e+02,3.073917236328125000e+02,3.075119018554687500e+02,3.076147460937500000e+02,3.077235717773437500e+02,3.077691345214843750e+02,3.078728637695312500e+02,3.079356689453125000e+02,3.081732788085937500e+02,3.083254089355468750e+02,3.082714843750000000e+02,3.082123107910156250e+02,3.081950683593750000e+02,3.082070617675781250e+02,3.082255249023437500e+02,3.081754150390625000e+02,3.081607055664062500e+02,3.081862792968750000e+02,3.081906127929687500e+02,3.082066040039062500e+02,3.082292480468750000e+02,3.082649536132812500e+02,3.082455749511718750e+02,3.081546020507812500e+02,3.081141357421875000e+02,3.080860595703125000e+02,3.080137939453125000e+02,3.079760131835937500e+02,3.078388061523437500e+02,3.076557617187500000e+02,3.074598693847656250e+02,3.072710876464843750e+02,3.070058898925781250e+02,3.066979675292968750e+02,3.064293823242187500e+02,3.061621704101562500e+02,3.059350891113281250e+02,3.057344055175781250e+02,3.055250549316406250e+02,3.053249206542968750e+02,3.050244750976562500e+02,3.045900268554687500e+02,3.041591186523437500e+02,3.035692443847656250e+02,3.030367431640625000e+02,3.025025939941406250e+02,3.019038085937500000e+02,3.014602355957031250e+02,3.009912414550781250e+02,3.005303955078125000e+02,3.002389831542968750e+02,3.001291809082031250e+02,3.001329345703125000e+02,3.007251281738281250e+02,3.014753112792968750e+02,3.023602905273437500e+02,3.032373962402343750e+02,3.038254089355468750e+02,3.039248046875000000e+02,3.043333129882812500e+02,3.049170532226562500e+02,3.055838317871093750e+02,3.062336425781250000e+02,3.067599792480468750e+02,3.070773010253906250e+02,3.073210449218750000e+02,3.077686157226562500e+02,3.084327697753906250e+02,3.087626037597656250e+02,3.081852722167968750e+02,3.071683349609375000e+02,3.065711669921875000e+02,3.064132995605468750e+02,3.064372558593750000e+02,3.065106506347656250e+02,3.065723266601562500e+02,3.065759277343750000e+02,3.065398254394531250e+02,3.064663391113281250e+02,3.063720092773437500e+02,3.062475585937500000e+02,3.061322937011718750e+02,3.059635009765625000e+02,3.057690124511718750e+02,3.056269531250000000e+02,3.055124206542968750e+02,3.053947143554687500e+02,3.052354736328125000e+02,3.050251159667968750e+02,3.048182678222656250e+02,3.046624145507812500e+02,3.045446777343750000e+02,3.044867858886718750e+02,3.043124694824218750e+02,3.038939208984375000e+02,3.035270996093750000e+02,3.033816223144531250e+02,3.033100585937500000e+02,3.031263427734375000e+02,3.028660583496093750e+02,3.027781677246093750e+02,3.024368896484375000e+02,3.018424682617187500e+02,3.012142333984375000e+02,3.005319824218750000e+02,2.998788452148437500e+02,2.989662475585937500e+02,2.978800354003906250e+02,2.968405456542968750e+02,2.964202880859375000e+02,2.968011779785156250e+02,nan,nan,nan,nan,nan,nan,nan,nan,nan,nan,nan,nan,nan,nan,nan,nan,nan,nan,nan,nan,nan,nan,nan,nan,nan,nan,nan,nan,nan,nan,nan,nan,nan,nan,nan,nan,nan,nan,nan,nan,nan,nan,nan
3.070531616210937500e+02,3.070554199218750000e+02,3.070236511230468750e+02,3.069686584472656250e+02,3.069158935546875000e+02,3.069432373046875000e+02,3.069638977050781250e+02,3.070123291015625000e+02,3.070974121093750000e+02,3.071505432128906250e+02,3.071581420898437500e+02,3.071523437500000000e+02,3.070751037597656250e+02,3.070718994140625000e+02,3.071454772949218750e+02,3.070804443359375000e+02,3.069676208496093750e+02,3.068860473632812500e+02,3.068758850097656250e+02,3.068796691894531250e+02,3.068851623535156250e+02,3.068881225585937500e+02,3.068925476074218750e+02,3.068918762207031250e+02,3.068879089355468750e+02,3.068937683105468750e+02,3.068788146972656250e+02,3.068547973632812500e+02,3.068250732421875000e+02,3.067635498046875000e+02,3.067322082519531250e+02,3.067166137695312500e+02,3.066777343750000000e+02,3.066144409179687500e+02,3.064722595214843750e+02,3.062964477539062500e+02,3.060965881347656250e+02,3.059085998535156250e+02,3.056594848632812500e+02,3.053525695800781250e+02,3.050662841796875000e+02,3.047869567871093750e+02,3.045800170898437500e+02,3.043704833984375000e+02,3.041663818359375000e+02,3.039330139160156250e+02,3.035948181152343750e+02,3.031860961914062500e+02,3.027003173828125000e+02,3.020638122558593750e+02,3.015874328613281250e+02,3.011848144531250000e+02,3.008177795410156250e+02,3.005756835937500000e+02,3.005504760742187500e+02,3.005854187011718750e+02,3.007051696777343750e+02,3.009121704101562500e+02,3.013764343261718750e+02,3.021676330566406250e+02,3.030148925781250000e+02,3.040346069335937500e+02,3.049923400878906250e+02,3.056337890625000000e+02,3.060081787109375000e+02,3.064075012207031250e+02,3.070239562988281250e+02,3.076279296875000000e+02,3.083399658203125000e+02,3.088312683105468750e+02,3.090925903320312500e+02,3.092379760742187500e+02,3.098281250000000000e+02,3.106481933593750000e+02,3.104822082519531250e+02,3.093860778808593750e+02,3.084167480468750000e+02,3.079389953613281250e+02,3.079277343750000000e+02,3.080386657714843750e+02,3.081065673828125000e+02,3.080928649902343750e+02,3.080022583007812500e+02,3.078552551269531250e+02,3.077095031738281250e+02,3.075476684570312500e+02,3.073743591308593750e+02,3.071989440917968750e+02,3.069727172851562500e+02,3.067595825195312500e+02,3.066018066406250000e+02,3.064577331542968750e+02,3.062924499511718750e+02,3.060730590820312500e+02,3.057861022949218750e+02,3.055441284179687500e+02,3.053934020996093750e+02,3.052829589843750000e+02,3.051787109375000000e+02,3.048505554199218750e+02,3.044033203125000000e+02,3.040995483398437500e+02,3.040177612304687500e+02,3.039235229492187500e+02,3.036504821777343750e+02,3.035042724609375000e+02,3.034121704101562500e+02,3.029008178710937500e+02,3.024247741699218750e+02,3.020041809082031250e+02,3.015955200195312500e+02,3.012005004882812500e+02,3.005574340820312500e+02,2.996889648437500000e+02,2.988927612304687500e+02,2.986182861328125000e+02,2.989717407226562500e+02,nan,nan,nan,nan,nan,nan,nan,nan,nan,nan,nan,nan,nan,nan,nan,nan,nan,nan,nan,nan,nan,nan,nan,nan,nan,nan,nan,nan,nan,nan,nan,nan,nan,nan,nan,nan,nan,nan,nan,nan,nan,nan,nan
3.068640441894531250e+02,3.068136291503906250e+02,3.067354431152343750e+02,3.066683044433593750e+02,3.066327514648437500e+02,3.066524353027343750e+02,3.066173706054687500e+02,3.066254272460937500e+02,3.066597900390625000e+02,3.066595764160156250e+02,3.066366882324218750e+02,3.066160888671875000e+02,3.065557556152343750e+02,3.065522766113281250e+02,3.065142517089843750e+02,3.064125976562500000e+02,3.063147888183593750e+02,3.062633666992187500e+02,3.062427673339843750e+02,3.062121276855468750e+02,3.061894836425781250e+02,3.061623229980468750e+02,3.061341247558593750e+02,3.061215820312500000e+02,3.061194458007812500e+02,3.061246948242187500e+02,3.060930175781250000e+02,3.060410766601562500e+02,3.059653320312500000e+02,3.058721618652343750e+02,3.058146057128906250e+02,3.057668762207031250e+02,3.056962280273437500e+02,3.055748901367187500e+02,3.054157104492187500e+02,3.052520446777343750e+02,3.051281738281250000e+02,3.049361267089843750e+02,3.046413269042968750e+02,3.042155761718750000e+02,3.038794250488281250e+02,3.035932006835937500e+02,3.033962402343750000e+02,3.031215209960937500e+02,3.028587036132812500e+02,3.025903320312500000e+02,3.023184814453125000e+02,3.020774536132812500e+02,3.016647033691406250e+02,3.013638305664062500e+02,3.012957458496093750e+02,3.013291625976562500e+02,3.013856201171875000e+02,3.015181274414062500e+02,3.019982299804687500e+02,3.025097961425781250e+02,3.030226135253906250e+02,3.035841674804687500e+02,3.043397827148437500e+02,3.050161437988281250e+02,3.057042846679687500e+02,3.066272583007812500e+02,3.073654174804687500e+02,3.078638916015625000e+02,3.081627197265625000e+02,3.086941528320312500e+02,3.095067138671875000e+02,3.102608032226562500e+02,3.108972473144531250e+02,3.111857604980468750e+02,3.111803283691406250e+02,3.110889587402343750e+02,3.115187377929687500e+02,3.116316833496093750e+02,3.106583862304687500e+02,3.095993041992187500e+02,3.088279418945312500e+02,3.085371398925781250e+02,3.087609863281250000e+02,3.090123596191406250e+02,3.090752258300781250e+02,3.089950866699218750e+02,3.088303222656250000e+02,3.086377868652343750e+02,3.084595642089843750e+02,3.082474975585937500e+02,3.080346374511718750e+02,3.078211364746093750e+02,3.075830078125000000e+02,3.073699035644531250e+02,3.072020874023437500e+02,3.070242004394531250e+02,3.068147583007812500e+02,3.065393371582031250e+02,3.062382507324218750e+02,3.060306701660156250e+02,3.058750000000000000e+02,3.057268676757812500e+02,3.055395202636718750e+02,3.051937255859375000e+02,3.048685913085937500e+02,3.046812133789062500e+02,3.046431579589843750e+02,3.045104675292968750e+02,3.043125305175781250e+02,3.042685546875000000e+02,3.039921569824218750e+02,3.035073242187500000e+02,3.032881164550781250e+02,3.029892578125000000e+02,3.027215576171875000e+02,3.024152832031250000e+02,3.018243713378906250e+02,3.009539794921875000e+02,3.002012329101562500e+02,2.999192504882812500e+02,3.003391113281250000e+02,3.004963073730468750e+02,nan,nan,nan,nan,nan,nan,nan,nan,nan,nan,nan,nan,nan,nan,nan,nan,nan,nan,nan,nan,nan,nan,nan,nan,nan,nan,nan,nan,nan,nan,nan,nan,nan,nan,nan,nan,nan,nan,nan,nan,nan,nan
3.066624755859375000e+02,3.065751037597656250e+02,3.064755554199218750e+02,3.064030761718750000e+02,3.063782653808593750e+02,3.063534240722656250e+02,3.062997436523437500e+02,3.062786254882812500e+02,3.062732543945312500e+02,3.062419738769531250e+02,3.062093200683593750e+02,3.061725463867187500e+02,3.061260070800781250e+02,3.060649719238281250e+02,3.059741210937500000e+02,3.058824157714843750e+02,3.058058471679687500e+02,3.057611083984375000e+02,3.057097473144531250e+02,3.056557312011718750e+02,3.056092529296875000e+02,3.055408325195312500e+02,3.054899597167968750e+02,3.054851379394531250e+02,3.054837341308593750e+02,3.054733581542968750e+02,3.054006042480468750e+02,3.053139038085937500e+02,3.051923828125000000e+02,3.050778808593750000e+02,3.050025634765625000e+02,3.049218139648437500e+02,3.048163757324218750e+02,3.046678466796875000e+02,3.045133056640625000e+02,3.044101562500000000e+02,3.043615722656250000e+02,3.041553649902343750e+02,3.038004150390625000e+02,3.032872924804687500e+02,3.029748535156250000e+02,3.027593078613281250e+02,3.025360107421875000e+02,3.022473754882812500e+02,3.019869384765625000e+02,3.017864990234375000e+02,3.016504516601562500e+02,3.015780639648437500e+02,3.014725646972656250e+02,3.016806640625000000e+02,3.020514221191406250e+02,3.024526367187500000e+02,3.028819580078125000e+02,3.034602355957031250e+02,3.043326416015625000e+02,3.050754089355468750e+02,3.057142944335937500e+02,3.063275146484375000e+02,3.069298400878906250e+02,3.074064331054687500e+02,3.079965515136718750e+02,3.088044433593750000e+02,3.093176879882812500e+02,3.097200927734375000e+02,3.100447998046875000e+02,3.108127746582031250e+02,3.116390991210937500e+02,3.122281188964843750e+02,3.125140075683593750e+02,3.125383300781250000e+02,3.122458496093750000e+02,3.119972229003906250e+02,3.120838012695312500e+02,3.113089904785156250e+02,3.102115173339843750e+02,3.095565490722656250e+02,3.090337524414062500e+02,3.090129699707031250e+02,3.095898437500000000e+02,3.098505859375000000e+02,3.097665710449218750e+02,3.095431823730468750e+02,3.092699584960937500e+02,3.090381469726562500e+02,3.088197021484375000e+02,3.085867614746093750e+02,3.083714599609375000e+02,3.081543579101562500e+02,3.079201660156250000e+02,3.077239990234375000e+02,3.075469665527343750e+02,3.073313293457031250e+02,3.071016235351562500e+02,3.068131713867187500e+02,3.065699157714843750e+02,3.063795166015625000e+02,3.061679687500000000e+02,3.059877929687500000e+02,3.057645263671875000e+02,3.054761962890625000e+02,3.052165832519531250e+02,3.051150817871093750e+02,3.050652160644531250e+02,3.049111328125000000e+02,3.047723083496093750e+02,3.046240844726562500e+02,3.042449035644531250e+02,3.039295959472656250e+02,3.037895812988281250e+02,3.035331115722656250e+02,3.034393310546875000e+02,3.032631835937500000e+02,3.026962280273437500e+02,3.019068603515625000e+02,3.011604919433593750e+02,3.008716125488281250e+02,3.010623474121093750e+02,3.011581726074218750e+02,3.011263732910156250e+02,nan,nan,nan,nan,nan,nan,nan,nan,nan,nan,nan,nan,nan,nan,nan,nan,nan,nan,nan,nan,nan,nan,nan,nan,nan,nan,nan,nan,nan,nan,nan,nan,nan,nan,nan,nan,nan,nan,nan,nan,nan
3.064939880371093750e+02,3.063926696777343750e+02,3.062979431152343750e+02,3.062235717773437500e+02,3.061872253417968750e+02,3.061399536132812500e+02,3.060834045410156250e+02,3.060464172363281250e+02,3.060136413574218750e+02,3.059701538085937500e+02,3.059237060546875000e+02,3.058654785156250000e+02,3.057850036621093750e+02,3.056857299804687500e+02,3.055661621093750000e+02,3.054640502929687500e+02,3.053842468261718750e+02,3.053148193359375000e+02,3.052419128417968750e+02,3.051755065917968750e+02,3.051091918945312500e+02,3.050039672851562500e+02,3.049592895507812500e+02,3.049368591308593750e+02,3.048998413085937500e+02,3.048297729492187500e+02,3.047169799804687500e+02,3.045998229980468750e+02,3.044624938964843750e+02,3.043587951660156250e+02,3.042834777832031250e+02,3.042051391601562500e+02,3.041105957031250000e+02,3.039963684082031250e+02,3.038951721191406250e+02,3.038703308105468750e+02,3.038236389160156250e+02,3.036409912109375000e+02,3.033169860839843750e+02,3.030390625000000000e+02,3.030001220703125000e+02,3.029962158203125000e+02,3.029162597656250000e+02,3.028376770019531250e+02,3.027937927246093750e+02,3.028339843750000000e+02,3.029357299804687500e+02,3.030543518066406250e+02,3.034078674316406250e+02,3.038949279785156250e+02,3.044721679687500000e+02,3.049969482421875000e+02,3.054650878906250000e+02,3.061129455566406250e+02,3.068051757812500000e+02,3.071851501464843750e+02,3.075007019042968750e+02,3.077980651855468750e+02,3.081333923339843750e+02,3.085877990722656250e+02,3.093003540039062500e+02,3.101165466308593750e+02,3.106618957519531250e+02,3.110952148437500000e+02,3.115084533691406250e+02,3.121489257812500000e+02,3.126110839843750000e+02,3.127375183105468750e+02,3.126439819335937500e+02,3.123810119628906250e+02,3.119771118164062500e+02,3.116946411132812500e+02,3.114116210937500000e+02,3.105368957519531250e+02,3.100401000976562500e+02,3.098435363769531250e+02,3.096010437011718750e+02,3.099325866699218750e+02,3.104921569824218750e+02,3.104362792968750000e+02,3.100849304199218750e+02,3.096915893554687500e+02,3.093233032226562500e+02,3.090829162597656250e+02,3.088700561523437500e+02,3.086680908203125000e+02,3.084779663085937500e+02,3.082701721191406250e+02,3.080564575195312500e+02,3.078667907714843750e+02,3.076522827148437500e+02,3.074425659179687500e+02,3.072297058105468750e+02,3.069516906738281250e+02,3.067207031250000000e+02,3.064749755859375000e+02,3.062308959960937500e+02,3.060509643554687500e+02,3.058096618652343750e+02,3.055324707031250000e+02,3.052984619140625000e+02,3.052148742675781250e+02,3.051209411621093750e+02,3.049607238769531250e+02,3.048026733398437500e+02,3.045936889648437500e+02,3.042963867187500000e+02,3.040857238769531250e+02,3.039337158203125000e+02,3.037658386230468750e+02,3.039010009765625000e+02,3.037511596679687500e+02,3.031697692871093750e+02,3.023648986816406250e+02,3.015748291015625000e+02,3.012273864746093750e+02,3.010836791992187500e+02,3.009275817871093750e+02,3.011875915527343750e+02,3.009963989257812500e+02,nan,nan,nan,nan,nan,nan,nan,nan,nan,nan,nan,nan,nan,nan,nan,nan,nan,nan,nan,nan,nan,nan,nan,nan,nan,nan,nan,nan,nan,nan,nan,nan,nan,nan,nan,nan,nan,nan,nan,nan
3.063594360351562500e+02,3.062575073242187500e+02,3.061712341308593750e+02,3.061006469726562500e+02,3.060390014648437500e+02,3.059739379882812500e+02,3.059076232910156250e+02,3.058580322265625000e+02,3.058107299804687500e+02,3.057546691894531250e+02,3.056940307617187500e+02,3.056081542968750000e+02,3.054934997558593750e+02,3.053733215332031250e+02,3.052484741210937500e+02,3.051436462402343750e+02,3.050566406250000000e+02,3.049788818359375000e+02,3.049051513671875000e+02,3.048462524414062500e+02,3.047708129882812500e+02,3.046549682617187500e+02,3.046110534667968750e+02,3.045349426269531250e+02,3.044701232910156250e+02,3.043720703125000000e+02,3.042512207031250000e+02,3.041319274902343750e+02,3.040219726562500000e+02,3.039628601074218750e+02,3.039280090332031250e+02,3.038889770507812500e+02,3.038463134765625000e+02,3.037987060546875000e+02,3.037516174316406250e+02,3.037651977539062500e+02,3.036777343750000000e+02,3.035499267578125000e+02,3.034305419921875000e+02,3.035769653320312500e+02,3.038722534179687500e+02,3.041242675781250000e+02,3.043005371093750000e+02,3.044794311523437500e+02,3.047065124511718750e+02,3.049706726074218750e+02,3.052700805664062500e+02,3.056548767089843750e+02,3.061505737304687500e+02,3.066245117187500000e+02,3.071667480468750000e+02,3.075950012207031250e+02,3.078767700195312500e+02,3.082463989257812500e+02,3.084660644531250000e+02,3.084932250976562500e+02,3.084822387695312500e+02,3.085439758300781250e+02,3.088798217773437500e+02,3.094881286621093750e+02,3.104318542480468750e+02,3.112649230957031250e+02,3.117556457519531250e+02,3.120781250000000000e+02,3.123354187011718750e+02,3.125712585449218750e+02,3.126228027343750000e+02,3.123201904296875000e+02,3.120165710449218750e+02,3.116430664062500000e+02,3.112553405761718750e+02,3.110382690429687500e+02,3.107689819335937500e+02,3.103102416992187500e+02,3.101951293945312500e+02,3.102631530761718750e+02,3.101491699218750000e+02,3.104965515136718750e+02,3.106185913085937500e+02,3.103377380371093750e+02,3.098496093750000000e+02,3.094146118164062500e+02,3.090870971679687500e+02,3.089561157226562500e+02,3.088167419433593750e+02,3.086634521484375000e+02,3.085000915527343750e+02,3.083063354492187500e+02,3.081074523925781250e+02,3.078853454589843750e+02,3.076613159179687500e+02,3.075130920410156250e+02,3.072652893066406250e+02,3.069422302246093750e+02,3.066631469726562500e+02,3.063673400878906250e+02,3.061284484863281250e+02,3.059330139160156250e+02,3.056729736328125000e+02,3.054214172363281250e+02,3.052192993164062500e+02,3.050942993164062500e+02,3.049699096679687500e+02,3.048022766113281250e+02,3.046264038085937500e+02,3.044682617187500000e+02,3.042739868164062500e+02,3.041129150390625000e+02,3.039518432617187500e+02,3.038136291503906250e+02,3.040609741210937500e+02,3.038795471191406250e+02,3.032503051757812500e+02,3.024018859863281250e+02,3.015980529785156250e+02,3.012792663574218750e+02,3.011367797851562500e+02,3.008242797851562500e+02,3.003486022949218750e+02,3.003214416503906250e+02,nan,nan,nan,nan,nan,nan,nan,nan,nan,nan,nan,nan,nan,nan,nan,nan,nan,nan,nan,nan,nan,nan,nan,nan,nan,nan,nan,nan,nan,nan,nan,nan,nan,nan,nan,nan,nan,nan,nan,nan
3.063023986816406250e+02,3.061786804199218750e+02,3.060897521972656250e+02,3.060147094726562500e+02,3.059265441894531250e+02,3.058473815917968750e+02,3.057780761718750000e+02,3.057251281738281250e+02,3.056670227050781250e+02,3.056098022460937500e+02,3.055469970703125000e+02,3.054400634765625000e+02,3.053212890625000000e+02,3.052129211425781250e+02,3.051186523437500000e+02,3.050510253906250000e+02,3.050234985351562500e+02,3.049840698242187500e+02,3.049509887695312500e+02,3.049328613281250000e+02,3.048762207031250000e+02,3.048099365234375000e+02,3.047782592773437500e+02,3.047476806640625000e+02,3.047656860351562500e+02,3.047477416992187500e+02,3.046843261718750000e+02,3.046307983398437500e+02,3.046330871582031250e+02,3.046899719238281250e+02,3.047430114746093750e+02,3.047875671386718750e+02,3.048434143066406250e+02,3.048789062500000000e+02,3.048980712890625000e+02,3.049629516601562500e+02,3.049411315917968750e+02,3.049869384765625000e+02,3.050982360839843750e+02,3.054342041015625000e+02,3.057770690917968750e+02,3.060355224609375000e+02,3.062234191894531250e+02,3.064275207519531250e+02,3.066621704101562500e+02,3.069100646972656250e+02,3.072098083496093750e+02,3.075978698730468750e+02,3.078707275390625000e+02,3.081882934570312500e+02,3.084908142089843750e+02,3.087120666503906250e+02,3.088028869628906250e+02,3.089636230468750000e+02,3.090381164550781250e+02,3.090656433105468750e+02,3.090460815429687500e+02,3.091805725097656250e+02,3.097002563476562500e+02,3.104129943847656250e+02,3.112934265136718750e+02,3.117569580078125000e+02,3.119061889648437500e+02,3.119802246093750000e+02,3.119920654296875000e+02,3.119917907714843750e+02,3.117690124511718750e+02,3.114629211425781250e+02,3.112448730468750000e+02,3.108849792480468750e+02,3.105771484375000000e+02,3.104941101074218750e+02,3.102997741699218750e+02,3.099130859375000000e+02,3.098085327148437500e+02,3.097183532714843750e+02,3.094948425292968750e+02,3.095905151367187500e+02,3.096566772460937500e+02,3.095324096679687500e+02,3.092266540527343750e+02,3.089529418945312500e+02,3.088362426757812500e+02,3.088623657226562500e+02,3.087978515625000000e+02,3.086779785156250000e+02,3.085227966308593750e+02,3.083284912109375000e+02,3.081056518554687500e+02,3.078552246093750000e+02,3.076622924804687500e+02,3.074726257324218750e+02,3.070889892578125000e+02,3.067453308105468750e+02,3.064354858398437500e+02,3.061214294433593750e+02,3.058708801269531250e+02,3.056434936523437500e+02,3.053830566406250000e+02,3.051456909179687500e+02,3.049495849609375000e+02,3.048002319335937500e+02,3.046637268066406250e+02,3.044978942871093750e+02,3.043490295410156250e+02,3.042829895019531250e+02,3.041676330566406250e+02,3.040299682617187500e+02,3.037986145019531250e+02,3.037403869628906250e+02,3.039388732910156250e+02,3.037854919433593750e+02,3.031242370605468750e+02,3.022093811035156250e+02,3.014878234863281250e+02,3.013669128417968750e+02,3.012050170898437500e+02,3.007246398925781250e+02,3.004014587402343750e+02,3.003872070312500000e+02,nan,nan,nan,nan,nan,nan,nan,nan,nan,nan,nan,nan,nan,nan,nan,nan,nan,nan,nan,nan,nan,nan,nan,nan,nan,nan,nan,nan,nan,nan,nan,nan,nan,nan,nan,nan,nan,nan,nan,nan
3.062388916015625000e+02,3.060985717773437500e+02,3.060260009765625000e+02,3.059562988281250000e+02,3.058624877929687500e+02,3.057882385253906250e+02,3.057340087890625000e+02,3.056873168945312500e+02,3.056362609863281250e+02,3.055967407226562500e+02,3.055372314453125000e+02,3.054359130859375000e+02,3.053380737304687500e+02,3.052728881835937500e+02,3.052313842773437500e+02,3.052673034667968750e+02,3.053227233886718750e+02,3.053415222167968750e+02,3.053586425781250000e+02,3.053862915039062500e+02,3.053777770996093750e+02,3.053835754394531250e+02,3.054477539062500000e+02,3.055810852050781250e+02,3.057558898925781250e+02,3.058525390625000000e+02,3.058229980468750000e+02,3.058690795898437500e+02,3.060586853027343750e+02,3.062203674316406250e+02,3.063350524902343750e+02,3.064674987792968750e+02,3.066066894531250000e+02,3.067038879394531250e+02,3.067825927734375000e+02,3.068963012695312500e+02,3.069930725097656250e+02,3.071221923828125000e+02,3.072561035156250000e+02,3.074555358886718750e+02,3.076108093261718750e+02,3.076884155273437500e+02,3.077351684570312500e+02,3.078322143554687500e+02,3.079257202148437500e+02,3.080402832031250000e+02,3.082354736328125000e+02,3.084419250488281250e+02,3.085426940917968750e+02,3.086752624511718750e+02,3.087898559570312500e+02,3.088378295898437500e+02,3.089161682128906250e+02,3.090729064941406250e+02,3.092885131835937500e+02,3.094837646484375000e+02,3.096073303222656250e+02,3.098768310546875000e+02,3.103572998046875000e+02,3.108800964355468750e+02,3.113066101074218750e+02,3.113171997070312500e+02,3.111999511718750000e+02,3.111213989257812500e+02,3.110327453613281250e+02,3.109079284667968750e+02,3.107518310546875000e+02,3.106965332031250000e+02,3.104557495117187500e+02,3.100645751953125000e+02,3.098935852050781250e+02,3.098008117675781250e+02,3.095639038085937500e+02,3.090733032226562500e+02,3.087008056640625000e+02,3.082685546875000000e+02,3.080115661621093750e+02,3.081664733886718750e+02,3.087287292480468750e+02,3.089847717285156250e+02,3.089748229980468750e+02,3.089043579101562500e+02,3.089258422851562500e+02,3.090568237304687500e+02,3.089892578125000000e+02,3.088200073242187500e+02,3.086087951660156250e+02,3.083597106933593750e+02,3.080800781250000000e+02,3.078014221191406250e+02,3.075619812011718750e+02,3.072065429687500000e+02,3.067714843750000000e+02,3.064837341308593750e+02,3.061283874511718750e+02,3.057843627929687500e+02,3.055032043457031250e+02,3.052452392578125000e+02,3.049812011718750000e+02,3.047494506835937500e+02,3.045598449707031250e+02,3.044085083007812500e+02,3.042666625976562500e+02,3.041219482421875000e+02,3.040604553222656250e+02,3.040961608886718750e+02,3.040521850585937500e+02,3.038858032226562500e+02,3.036382141113281250e+02,3.036279296875000000e+02,3.038616027832031250e+02,3.036906127929687500e+02,3.029086914062500000e+02,3.019296875000000000e+02,3.012612915039062500e+02,3.012696838378906250e+02,3.011728210449218750e+02,3.010337219238281250e+02,3.006819458007812500e+02,3.005126647949218750e+02,nan,nan,nan,nan,nan,nan,nan,nan,nan,nan,nan,nan,nan,nan,nan,nan,nan,nan,nan,nan,nan,nan,nan,nan,nan,nan,nan,nan,nan,nan,nan,nan,nan,nan,nan,nan,nan,nan,nan,nan
3.061770019531250000e+02,3.060908203125000000e+02,3.060825195312500000e+02,3.060382080078125000e+02,3.059886474609375000e+02,3.059743652343750000e+02,3.059683837890625000e+02,3.059584960937500000e+02,3.059493103027343750e+02,3.059390563964843750e+02,3.059002685546875000e+02,3.058212890625000000e+02,3.057601318359375000e+02,3.057381286621093750e+02,3.057750549316406250e+02,3.058733520507812500e+02,3.059175415039062500e+02,3.059398193359375000e+02,3.059556274414062500e+02,3.059900817871093750e+02,3.060059509277343750e+02,3.060673522949218750e+02,3.061907653808593750e+02,3.063738708496093750e+02,3.065388183593750000e+02,3.065683593750000000e+02,3.064702758789062500e+02,3.066004638671875000e+02,3.068396911621093750e+02,3.069326782226562500e+02,3.069975891113281250e+02,3.071005554199218750e+02,3.071898193359375000e+02,3.072369384765625000e+02,3.072799987792968750e+02,3.073519287109375000e+02,3.074252319335937500e+02,3.074967041015625000e+02,3.075721435546875000e+02,3.076656799316406250e+02,3.077280883789062500e+02,3.077367553710937500e+02,3.077587585449218750e+02,3.078268737792968750e+02,3.079017944335937500e+02,3.080464782714843750e+02,3.082498474121093750e+02,3.084124755859375000e+02,3.085411071777343750e+02,3.086422424316406250e+02,3.086936950683593750e+02,3.087495727539062500e+02,3.088985900878906250e+02,3.091434631347656250e+02,3.094331665039062500e+02,3.096072082519531250e+02,3.097225036621093750e+02,3.099400634765625000e+02,3.102165527343750000e+02,3.104919738769531250e+02,3.105941467285156250e+02,3.104350280761718750e+02,3.102015686035156250e+02,3.100351562500000000e+02,3.098342590332031250e+02,3.096799316406250000e+02,3.096329345703125000e+02,3.094823913574218750e+02,3.090289306640625000e+02,3.087232360839843750e+02,3.086911621093750000e+02,3.088230285644531250e+02,3.086572570800781250e+02,3.081926574707031250e+02,3.079699707031250000e+02,3.076951599121093750e+02,3.078481750488281250e+02,3.085606079101562500e+02,3.095598754882812500e+02,3.098393554687500000e+02,3.098171081542968750e+02,3.096291198730468750e+02,3.095658569335937500e+02,3.095559692382812500e+02,3.092621154785156250e+02,3.089258728027343750e+02,3.085955810546875000e+02,3.082595520019531250e+02,3.079215393066406250e+02,3.075923767089843750e+02,3.072629699707031250e+02,3.068284301757812500e+02,3.064833068847656250e+02,3.061622314453125000e+02,3.057301635742187500e+02,3.053630371093750000e+02,3.050680236816406250e+02,3.048052368164062500e+02,3.045579528808593750e+02,3.043496704101562500e+02,3.041618041992187500e+02,3.040117492675781250e+02,3.038944396972656250e+02,3.038178710937500000e+02,3.038418579101562500e+02,3.038929443359375000e+02,3.038495178222656250e+02,3.036771850585937500e+02,3.034477539062500000e+02,3.035283203125000000e+02,3.038994140625000000e+02,3.035825195312500000e+02,3.027281799316406250e+02,3.017307128906250000e+02,3.011184387207031250e+02,3.011370544433593750e+02,3.012934875488281250e+02,3.013014831542968750e+02,3.008070373535156250e+02,3.002178344726562500e+02,3.002398681640625000e+02,nan,nan,nan,nan,nan,nan,nan,nan,nan,nan,nan,nan,nan,nan,nan,nan,nan,nan,nan,nan,nan,nan,nan,nan,nan,nan,nan,nan,nan,nan,nan,nan,nan,nan,nan,nan,nan,nan,nan
3.062278442382812500e+02,3.062903137207031250e+02,3.063607788085937500e+02,3.064004516601562500e+02,3.064498901367187500e+02,3.065167846679687500e+02,3.065719909667968750e+02,3.066168518066406250e+02,3.066481323242187500e+02,3.066660156250000000e+02,3.066491699218750000e+02,3.066001586914062500e+02,3.065801696777343750e+02,3.065942993164062500e+02,3.066411132812500000e+02,3.066749572753906250e+02,3.066577453613281250e+02,3.066310729980468750e+02,3.066275634765625000e+02,3.066420593261718750e+02,3.066500854492187500e+02,3.066846923828125000e+02,3.067493591308593750e+02,3.068403625488281250e+02,3.068540344238281250e+02,3.067223205566406250e+02,3.066341552734375000e+02,3.068620910644531250e+02,3.069144592285156250e+02,3.068243408203125000e+02,3.067809448242187500e+02,3.067846069335937500e+02,3.067769470214843750e+02,3.067120666503906250e+02,3.066773681640625000e+02,3.066822204589843750e+02,3.067059936523437500e+02,3.067508544921875000e+02,3.068275146484375000e+02,3.069253234863281250e+02,3.069863891601562500e+02,3.070149536132812500e+02,3.070971374511718750e+02,3.072442321777343750e+02,3.074619140625000000e+02,3.077243957519531250e+02,3.080297851562500000e+02,3.083142395019531250e+02,3.085406494140625000e+02,3.086298828125000000e+02,3.086832275390625000e+02,3.088117370605468750e+02,3.090037231445312500e+02,3.092399902343750000e+02,3.093521423339843750e+02,3.093743286132812500e+02,3.093909301757812500e+02,3.095007629394531250e+02,3.096324768066406250e+02,3.097277832031250000e+02,3.096549072265625000e+02,3.094170532226562500e+02,3.090195007324218750e+02,3.086529235839843750e+02,3.083541564941406250e+02,3.082155761718750000e+02,3.081193847656250000e+02,3.076499023437500000e+02,3.071240844726562500e+02,3.070509033203125000e+02,3.073641967773437500e+02,3.079046936035156250e+02,3.080245056152343750e+02,3.081975097656250000e+02,3.087038879394531250e+02,3.092684936523437500e+02,3.102204589843750000e+02,3.112974548339843750e+02,3.119529418945312500e+02,3.117968750000000000e+02,3.114556274414062500e+02,3.107977600097656250e+02,3.102735290527343750e+02,3.098423461914062500e+02,3.092955932617187500e+02,3.088053894042968750e+02,3.083952941894531250e+02,3.080076599121093750e+02,3.076336975097656250e+02,3.072598876953125000e+02,3.068650207519531250e+02,3.064534301757812500e+02,3.060846557617187500e+02,3.056384887695312500e+02,3.051988830566406250e+02,3.048708801269531250e+02,3.045979003906250000e+02,3.043633422851562500e+02,3.041522521972656250e+02,3.039485473632812500e+02,3.037613220214843750e+02,3.036239013671875000e+02,3.035666503906250000e+02,3.035697937011718750e+02,3.035862426757812500e+02,3.035959472656250000e+02,3.035072326660156250e+02,3.033589477539062500e+02,3.032839660644531250e+02,3.035853881835937500e+02,3.039355468750000000e+02,3.034456787109375000e+02,3.025855407714843750e+02,3.015445861816406250e+02,3.008754882812500000e+02,3.009969482421875000e+02,3.014421997070312500e+02,3.013118896484375000e+02,3.008247070312500000e+02,3.005156250000000000e+02,3.005577392578125000e+02,3.004982299804687500e+02,nan,nan,nan,nan,nan,nan,nan,nan,nan,nan,nan,nan,nan,nan,nan,nan,nan,nan,nan,nan,nan,nan,nan,nan,nan,nan,nan,nan,nan,nan,nan,nan,nan,nan,nan,nan,nan,nan
3.063671264648437500e+02,3.064877014160156250e+02,3.065704345703125000e+02,3.066305541992187500e+02,3.066958312988281250e+02,3.067626342773437500e+02,3.068142089843750000e+02,3.068486938476562500e+02,3.068674011230468750e+02,3.068728027343750000e+02,3.068453979492187500e+02,3.068015136718750000e+02,3.067868652343750000e+02,3.067847595214843750e+02,3.067978515625000000e+02,3.067967834472656250e+02,3.067565917968750000e+02,3.067189025878906250e+02,3.067171325683593750e+02,3.067276611328125000e+02,3.067229614257812500e+02,3.067367858886718750e+02,3.067799377441406250e+02,3.067914428710937500e+02,3.067599792480468750e+02,3.066140747070312500e+02,3.066999206542968750e+02,3.068216552734375000e+02,3.066662597656250000e+02,3.065513305664062500e+02,3.065160522460937500e+02,3.065051269531250000e+02,3.064424438476562500e+02,3.063493652343750000e+02,3.063283081054687500e+02,3.063445129394531250e+02,3.063772888183593750e+02,3.064570617675781250e+02,3.065747680664062500e+02,3.067008666992187500e+02,3.067718811035156250e+02,3.068288574218750000e+02,3.069660949707031250e+02,3.071823425292968750e+02,3.074663085937500000e+02,3.077763671875000000e+02,3.081141662597656250e+02,3.084059448242187500e+02,3.085571289062500000e+02,3.085763549804687500e+02,3.086620788574218750e+02,3.088240051269531250e+02,3.090257263183593750e+02,3.091089172363281250e+02,3.090470581054687500e+02,3.089230651855468750e+02,3.088153381347656250e+02,3.088004150390625000e+02,3.087813415527343750e+02,3.086960754394531250e+02,3.085591430664062500e+02,3.082580566406250000e+02,3.077927551269531250e+02,3.075621948242187500e+02,3.074449157714843750e+02,3.074719543457031250e+02,3.072818908691406250e+02,3.067648315429687500e+02,3.065709228515625000e+02,3.069051208496093750e+02,3.076886596679687500e+02,3.083785400390625000e+02,3.088373413085937500e+02,3.095302124023437500e+02,3.102487182617187500e+02,3.111291198730468750e+02,3.117831420898437500e+02,3.123195800781250000e+02,3.123603820800781250e+02,3.119459838867187500e+02,3.112299499511718750e+02,3.100491333007812500e+02,3.093803710937500000e+02,3.089740295410156250e+02,3.084967956542968750e+02,3.081058349609375000e+02,3.077803955078125000e+02,3.074509582519531250e+02,3.070977172851562500e+02,3.067058105468750000e+02,3.062932434082031250e+02,3.058764648437500000e+02,3.054689941406250000e+02,3.050201416015625000e+02,3.046646728515625000e+02,3.043920593261718750e+02,3.041314392089843750e+02,3.039292602539062500e+02,3.037465209960937500e+02,3.035531005859375000e+02,3.033947753906250000e+02,3.032991027832031250e+02,3.033378295898437500e+02,3.033715209960937500e+02,3.033492431640625000e+02,3.033266906738281250e+02,3.032187500000000000e+02,3.032169189453125000e+02,3.032630920410156250e+02,3.035831298828125000e+02,3.036145324707031250e+02,3.031067810058593750e+02,3.023778686523437500e+02,3.013223266601562500e+02,3.008139038085937500e+02,3.014801940917968750e+02,3.017923278808593750e+02,3.013364868164062500e+02,3.008128356933593750e+02,3.005568542480468750e+02,3.004548645019531250e+02,3.003559875488281250e+02,nan,nan,nan,nan,nan,nan,nan,nan,nan,nan,nan,nan,nan,nan,nan,nan,nan,nan,nan,nan,nan,nan,nan,nan,nan,nan,nan,nan,nan,nan,nan,nan,nan,nan,nan,nan,nan,nan
3.064116821289062500e+02,3.064808349609375000e+02,3.065157165527343750e+02,3.065311889648437500e+02,3.065558776855468750e+02,3.065640869140625000e+02,3.065634460449218750e+02,3.065571594238281250e+02,3.065425415039062500e+02,3.065110473632812500e+02,3.064592590332031250e+02,3.064099426269531250e+02,3.063857421875000000e+02,3.063882751464843750e+02,3.064156188964843750e+02,3.064187622070312500e+02,3.063827209472656250e+02,3.063682556152343750e+02,3.063717346191406250e+02,3.063833007812500000e+02,3.064007568359375000e+02,3.064404602050781250e+02,3.064841613769531250e+02,3.064901428222656250e+02,3.064751892089843750e+02,3.064306030273437500e+02,3.065355224609375000e+02,3.065114746093750000e+02,3.064446716308593750e+02,3.064514465332031250e+02,3.064818725585937500e+02,3.064962463378906250e+02,3.064586486816406250e+02,3.064595642089843750e+02,3.065202941894531250e+02,3.065899047851562500e+02,3.066693115234375000e+02,3.068103637695312500e+02,3.069627075195312500e+02,3.070745239257812500e+02,3.071267395019531250e+02,3.072043151855468750e+02,3.073437194824218750e+02,3.075544433593750000e+02,3.077832946777343750e+02,3.080134887695312500e+02,3.082112121582031250e+02,3.083701477050781250e+02,3.084175415039062500e+02,3.084550170898437500e+02,3.085886535644531250e+02,3.087597045898437500e+02,3.088753967285156250e+02,3.087800292968750000e+02,3.084810180664062500e+02,3.082115783691406250e+02,3.079653015136718750e+02,3.077800292968750000e+02,3.076324462890625000e+02,3.074199218750000000e+02,3.073827209472656250e+02,3.072667236328125000e+02,3.072018127441406250e+02,3.074310913085937500e+02,3.076309814453125000e+02,3.078901062011718750e+02,3.079684448242187500e+02,3.079810791015625000e+02,3.083555908203125000e+02,3.092424316406250000e+02,3.102052917480468750e+02,3.107441711425781250e+02,3.110354614257812500e+02,3.113651428222656250e+02,3.115973510742187500e+02,3.117451171875000000e+02,3.116064453125000000e+02,3.115636291503906250e+02,3.112116394042968750e+02,3.105900268554687500e+02,3.095221557617187500e+02,3.084078063964843750e+02,3.081679077148437500e+02,3.078555603027343750e+02,3.076056823730468750e+02,3.074126586914062500e+02,3.071812744140625000e+02,3.069074707031250000e+02,3.065617675781250000e+02,3.061286621093750000e+02,3.057022705078125000e+02,3.052896423339843750e+02,3.049130249023437500e+02,3.045308837890625000e+02,3.042465515136718750e+02,3.039692382812500000e+02,3.037241821289062500e+02,3.035520935058593750e+02,3.033896484375000000e+02,3.032459716796875000e+02,3.031384277343750000e+02,3.031148376464843750e+02,3.031979064941406250e+02,3.031990051269531250e+02,3.031342468261718750e+02,3.030899047851562500e+02,3.030608520507812500e+02,3.031041259765625000e+02,3.030877380371093750e+02,3.032583007812500000e+02,3.031741638183593750e+02,3.029105834960937500e+02,3.022461853027343750e+02,3.012695007324218750e+02,3.013110656738281250e+02,3.017725524902343750e+02,3.014260253906250000e+02,3.005873718261718750e+02,2.998426513671875000e+02,2.996775512695312500e+02,2.996895141601562500e+02,3.001747741699218750e+02,2.999860839843750000e+02,nan,nan,nan,nan,nan,nan,nan,nan,nan,nan,nan,nan,nan,nan,nan,nan,nan,nan,nan,nan,nan,nan,nan,nan,nan,nan,nan,nan,nan,nan,nan,nan,nan,nan,nan,nan,nan
3.063842163085937500e+02,3.064136352539062500e+02,3.064088134765625000e+02,3.063996887207031250e+02,3.063845214843750000e+02,3.063546752929687500e+02,3.063292846679687500e+02,3.063050231933593750e+02,3.062720031738281250e+02,3.062253112792968750e+02,3.061707153320312500e+02,3.061314697265625000e+02,3.061173706054687500e+02,3.061393737792968750e+02,3.061709899902343750e+02,3.061730041503906250e+02,3.061473083496093750e+02,3.061481018066406250e+02,3.061560668945312500e+02,3.061765747070312500e+02,3.062238159179687500e+02,3.062712097167968750e+02,3.063043823242187500e+02,3.062958984375000000e+02,3.062760620117187500e+02,3.063006286621093750e+02,3.063622741699218750e+02,3.063636779785156250e+02,3.063998107910156250e+02,3.064503173828125000e+02,3.064958190917968750e+02,3.065207214355468750e+02,3.065369873046875000e+02,3.066103210449218750e+02,3.067177734375000000e+02,3.068027038574218750e+02,3.069182434082031250e+02,3.070923767089843750e+02,3.072340393066406250e+02,3.072895507812500000e+02,3.073274536132812500e+02,3.074372863769531250e+02,3.075693054199218750e+02,3.077267150878906250e+02,3.078767395019531250e+02,3.079791564941406250e+02,3.080557556152343750e+02,3.081292419433593750e+02,3.081464843750000000e+02,3.082177429199218750e+02,3.083294677734375000e+02,3.084356079101562500e+02,3.083862609863281250e+02,3.081277465820312500e+02,3.077477416992187500e+02,3.075304260253906250e+02,3.072941284179687500e+02,3.070661621093750000e+02,3.069005737304687500e+02,3.067830505371093750e+02,3.070445861816406250e+02,3.072233276367187500e+02,3.075503234863281250e+02,3.079746704101562500e+02,3.083479003906250000e+02,3.087830200195312500e+02,3.090379333496093750e+02,3.092934570312500000e+02,3.099520874023437500e+02,3.107644653320312500e+02,3.113439941406250000e+02,3.114370727539062500e+02,3.112926025390625000e+02,3.112738647460937500e+02,3.111282348632812500e+02,3.107388000488281250e+02,3.103420715332031250e+02,3.100840148925781250e+02,3.095551452636718750e+02,3.089043579101562500e+02,3.078763427734375000e+02,3.073214416503906250e+02,3.071860046386718750e+02,3.068680419921875000e+02,3.068782043457031250e+02,3.068471984863281250e+02,3.066582946777343750e+02,3.063958740234375000e+02,3.060231323242187500e+02,3.055660400390625000e+02,3.051437072753906250e+02,3.047528991699218750e+02,3.043939819335937500e+02,3.040753784179687500e+02,3.037995300292968750e+02,3.035274353027343750e+02,3.033056030273437500e+02,3.031430053710937500e+02,3.029979553222656250e+02,3.028945922851562500e+02,3.028191223144531250e+02,3.028295288085937500e+02,3.029052124023437500e+02,3.028977661132812500e+02,3.028181152343750000e+02,3.028088378906250000e+02,3.028363952636718750e+02,3.028638305664062500e+02,3.028753051757812500e+02,3.029798278808593750e+02,3.029671936035156250e+02,3.027218322753906250e+02,3.019943237304687500e+02,3.013511047363281250e+02,3.015693969726562500e+02,3.013178100585937500e+02,3.005271606445312500e+02,2.995878906250000000e+02,2.991122741699218750e+02,2.991178588867187500e+02,2.991286926269531250e+02,2.992395629882812500e+02,2.995244140625000000e+02,2.992712707519531250e+02,nan,nan,nan,nan,nan,nan,nan,nan,nan,nan,nan,nan,nan,nan,nan,nan,nan,nan,nan,nan,nan,nan,nan,nan,nan,nan,nan,nan,nan,nan,nan,nan,nan,nan,nan,nan
3.063238830566406250e+02,3.063075561523437500e+02,3.062833557128906250e+02,3.062623291015625000e+02,3.062354125976562500e+02,3.062053222656250000e+02,3.061896057128906250e+02,3.061729431152343750e+02,3.061450500488281250e+02,3.061034240722656250e+02,3.060701904296875000e+02,3.060545654296875000e+02,3.060549621582031250e+02,3.060786437988281250e+02,3.061047363281250000e+02,3.060989990234375000e+02,3.060828857421875000e+02,3.061006469726562500e+02,3.061257019042968750e+02,3.061581420898437500e+02,3.061971435546875000e+02,3.062272644042968750e+02,3.062305297851562500e+02,3.062081604003906250e+02,3.061984252929687500e+02,3.062676696777343750e+02,3.063320922851562500e+02,3.063571166992187500e+02,3.063978881835937500e+02,3.064366760253906250e+02,3.064807128906250000e+02,3.065221252441406250e+02,3.065814208984375000e+02,3.066816101074218750e+02,3.067975463867187500e+02,3.068843078613281250e+02,3.070548095703125000e+02,3.072550354003906250e+02,3.073334960937500000e+02,3.073507080078125000e+02,3.074069824218750000e+02,3.074976501464843750e+02,3.075655822753906250e+02,3.076548461914062500e+02,3.077069396972656250e+02,3.076896057128906250e+02,3.076805419921875000e+02,3.077141418457031250e+02,3.077188720703125000e+02,3.077407226562500000e+02,3.077647094726562500e+02,3.077565917968750000e+02,3.076696472167968750e+02,3.074793395996093750e+02,3.073670959472656250e+02,3.073555297851562500e+02,3.072039794921875000e+02,3.072290039062500000e+02,3.073628845214843750e+02,3.076613769531250000e+02,3.081817626953125000e+02,3.085191345214843750e+02,3.088590087890625000e+02,3.090790710449218750e+02,3.092752685546875000e+02,3.094844360351562500e+02,3.095291137695312500e+02,3.096410217285156250e+02,3.099530334472656250e+02,3.101957702636718750e+02,3.102937011718750000e+02,3.100472106933593750e+02,3.098417968750000000e+02,3.096945495605468750e+02,3.093685607910156250e+02,3.089649353027343750e+02,3.086521301269531250e+02,3.083898620605468750e+02,3.080012512207031250e+02,3.075029296875000000e+02,3.067103881835937500e+02,3.064581909179687500e+02,3.061537475585937500e+02,3.061455078125000000e+02,3.064562988281250000e+02,3.064477844238281250e+02,3.062186279296875000e+02,3.059163818359375000e+02,3.055179748535156250e+02,3.050790710449218750e+02,3.046758422851562500e+02,3.043131713867187500e+02,3.039633789062500000e+02,3.036492919921875000e+02,3.033549804687500000e+02,3.030897216796875000e+02,3.028736877441406250e+02,3.026819458007812500e+02,3.025301208496093750e+02,3.024181518554687500e+02,3.023587341308593750e+02,3.023884277343750000e+02,3.024830627441406250e+02,3.025320434570312500e+02,3.025413513183593750e+02,3.025848999023437500e+02,3.026365051269531250e+02,3.026593322753906250e+02,3.027126770019531250e+02,3.027733154296875000e+02,3.027259216308593750e+02,3.024049072265625000e+02,3.017713012695312500e+02,3.014377441406250000e+02,3.013757629394531250e+02,3.007592163085937500e+02,2.998455505371093750e+02,2.990597839355468750e+02,2.987449035644531250e+02,2.985846862792968750e+02,2.982390441894531250e+02,2.978628540039062500e+02,2.980093383789062500e+02,2.985430297851562500e+02,2.982105102539062500e+02,nan,nan,nan,nan,nan,nan,nan,nan,nan,nan,nan,nan,nan,nan,nan,nan,nan,nan,nan,nan,nan,nan,nan,nan,nan,nan,nan,nan,nan,nan,nan,nan,nan,nan,nan
3.062625732421875000e+02,3.062202758789062500e+02,3.061964111328125000e+02,3.061763000488281250e+02,3.061537780761718750e+02,3.061452026367187500e+02,3.061432800292968750e+02,3.061375427246093750e+02,3.061132202148437500e+02,3.060826721191406250e+02,3.060801391601562500e+02,3.060756530761718750e+02,3.060759582519531250e+02,3.061002197265625000e+02,3.061153869628906250e+02,3.061008605957031250e+02,3.060942687988281250e+02,3.061243591308593750e+02,3.061499328613281250e+02,3.061736450195312500e+02,3.061899414062500000e+02,3.061940307617187500e+02,3.061795959472656250e+02,3.061615600585937500e+02,3.062037658691406250e+02,3.063120727539062500e+02,3.063620300292968750e+02,3.063809204101562500e+02,3.064002990722656250e+02,3.064318237304687500e+02,3.064821472167968750e+02,3.065501708984375000e+02,3.066222534179687500e+02,3.067305603027343750e+02,3.068439331054687500e+02,3.069570922851562500e+02,3.072011718750000000e+02,3.073464355468750000e+02,3.073424377441406250e+02,3.073608093261718750e+02,3.074142761230468750e+02,3.074309387207031250e+02,3.074389343261718750e+02,3.074642028808593750e+02,3.074026794433593750e+02,3.073439331054687500e+02,3.073281860351562500e+02,3.073832702636718750e+02,3.073788757324218750e+02,3.073329467773437500e+02,3.073180541992187500e+02,3.072882080078125000e+02,3.073120727539062500e+02,3.072744750976562500e+02,3.074058837890625000e+02,3.074164428710937500e+02,3.073724670410156250e+02,3.078230285644531250e+02,3.082175598144531250e+02,3.087205810546875000e+02,3.092352294921875000e+02,3.094407653808593750e+02,3.094631958007812500e+02,3.093822937011718750e+02,3.093029785156250000e+02,3.092956542968750000e+02,3.091688537597656250e+02,3.090005187988281250e+02,3.089393615722656250e+02,3.089273986816406250e+02,3.088044128417968750e+02,3.085307617187500000e+02,3.083467102050781250e+02,3.080936279296875000e+02,3.077484741210937500e+02,3.074357604980468750e+02,3.072039184570312500e+02,3.069955444335937500e+02,3.067499694824218750e+02,3.062604370117187500e+02,3.056960754394531250e+02,3.055713806152343750e+02,3.055126342773437500e+02,3.059987487792968750e+02,3.063034362792968750e+02,3.061228027343750000e+02,3.058511352539062500e+02,3.055200195312500000e+02,3.050990905761718750e+02,3.046605529785156250e+02,3.042839965820312500e+02,3.039205932617187500e+02,3.035450744628906250e+02,3.031907653808593750e+02,3.028617553710937500e+02,3.025725708007812500e+02,3.023410644531250000e+02,3.021193847656250000e+02,3.019647216796875000e+02,3.018635253906250000e+02,3.018307189941406250e+02,3.018934631347656250e+02,3.020457763671875000e+02,3.021420898437500000e+02,3.022611389160156250e+02,3.023186035156250000e+02,3.023619995117187500e+02,3.023701782226562500e+02,3.023942565917968750e+02,3.024101867675781250e+02,3.023174743652343750e+02,3.019786071777343750e+02,3.014593200683593750e+02,3.011901245117187500e+02,3.008837585449218750e+02,3.000119628906250000e+02,2.992118530273437500e+02,2.985132141113281250e+02,2.981512451171875000e+02,2.977746887207031250e+02,2.970045776367187500e+02,2.963203735351562500e+02,2.963803405761718750e+02,2.970729980468750000e+02,2.969405517578125000e+02,nan,nan,nan,nan,nan,nan,nan,nan,nan,nan,nan,nan,nan,nan,nan,nan,nan,nan,nan,nan,nan,nan,nan,nan,nan,nan,nan,nan,nan,nan,nan,nan,nan,nan,nan
3.062510070800781250e+02,3.062207641601562500e+02,3.062107543945312500e+02,3.062123413085937500e+02,3.062096557617187500e+02,3.062172241210937500e+02,3.062185974121093750e+02,3.062071228027343750e+02,3.061793823242187500e+02,3.061630249023437500e+02,3.061652526855468750e+02,3.061526794433593750e+02,3.061574096679687500e+02,3.061818237304687500e+02,3.061764831542968750e+02,3.061519775390625000e+02,3.061429138183593750e+02,3.061527404785156250e+02,3.061623229980468750e+02,3.061758422851562500e+02,3.061839599609375000e+02,3.061860351562500000e+02,3.061826782226562500e+02,3.061966857910156250e+02,3.062973937988281250e+02,3.063715820312500000e+02,3.063852539062500000e+02,3.063840637207031250e+02,3.063947753906250000e+02,3.064301757812500000e+02,3.065015869140625000e+02,3.065760192871093750e+02,3.066440734863281250e+02,3.067632751464843750e+02,3.068681640625000000e+02,3.070246887207031250e+02,3.072128601074218750e+02,3.072300415039062500e+02,3.072008361816406250e+02,3.072290039062500000e+02,3.072550659179687500e+02,3.072405700683593750e+02,3.072405395507812500e+02,3.072289123535156250e+02,3.071984863281250000e+02,3.072395935058593750e+02,3.073202209472656250e+02,3.073684082031250000e+02,3.073441467285156250e+02,3.073314819335937500e+02,3.073496398925781250e+02,3.073672180175781250e+02,3.074049072265625000e+02,3.074163208007812500e+02,3.075250549316406250e+02,3.074196777343750000e+02,3.075695190429687500e+02,3.080205383300781250e+02,3.082688598632812500e+02,3.086228637695312500e+02,3.088792419433593750e+02,3.087812194824218750e+02,3.086007995605468750e+02,3.083953247070312500e+02,3.083023986816406250e+02,3.082759094238281250e+02,3.080863952636718750e+02,3.079075317382812500e+02,3.078638305664062500e+02,3.078843078613281250e+02,3.077488098144531250e+02,3.075156860351562500e+02,3.073005981445312500e+02,3.070124816894531250e+02,3.067144775390625000e+02,3.064622192382812500e+02,3.062496337890625000e+02,3.060217285156250000e+02,3.057487182617187500e+02,3.052986755371093750e+02,3.050247192382812500e+02,3.051656188964843750e+02,3.055385131835937500e+02,3.060239257812500000e+02,3.060481262207031250e+02,3.058244628906250000e+02,3.055605163574218750e+02,3.052041015625000000e+02,3.047453613281250000e+02,3.043286437988281250e+02,3.039530639648437500e+02,3.035386962890625000e+02,3.030505371093750000e+02,3.026092834472656250e+02,3.022161254882812500e+02,3.018854675292968750e+02,3.016299743652343750e+02,3.014250793457031250e+02,3.013221130371093750e+02,3.012912902832031250e+02,3.013059692382812500e+02,3.014223327636718750e+02,3.015928955078125000e+02,3.016987304687500000e+02,3.018025512695312500e+02,3.018045959472656250e+02,3.018135986328125000e+02,3.018215942382812500e+02,3.018157653808593750e+02,3.018312683105468750e+02,3.017124633789062500e+02,3.013707580566406250e+02,3.009315185546875000e+02,3.007532348632812500e+02,3.001990051269531250e+02,2.994739074707031250e+02,2.988981933593750000e+02,2.981895751953125000e+02,2.975164794921875000e+02,2.966366577148437500e+02,2.954356079101562500e+02,2.944882507324218750e+02,2.944657897949218750e+02,2.951309204101562500e+02,2.964266967773437500e+02,2.964831237792968750e+02,nan,nan,nan,nan,nan,nan,nan,nan,nan,nan,nan,nan,nan,nan,nan,nan,nan,nan,nan,nan,nan,nan,nan,nan,nan,nan,nan,nan,nan,nan,nan,nan,nan,nan
3.062766723632812500e+02,3.062711486816406250e+02,3.062861938476562500e+02,3.063065185546875000e+02,3.063157348632812500e+02,3.063139648437500000e+02,3.063031005859375000e+02,3.062762451171875000e+02,3.062471313476562500e+02,3.062325439453125000e+02,3.062202453613281250e+02,3.062055358886718750e+02,3.062174987792968750e+02,3.062232055664062500e+02,3.061976928710937500e+02,3.061599731445312500e+02,3.061267089843750000e+02,3.061140747070312500e+02,3.061286315917968750e+02,3.061490783691406250e+02,3.061704406738281250e+02,3.061935729980468750e+02,3.062152099609375000e+02,3.062719116210937500e+02,3.063555908203125000e+02,3.063626708984375000e+02,3.063511962890625000e+02,3.063467712402343750e+02,3.063732910156250000e+02,3.064394531250000000e+02,3.065281372070312500e+02,3.065888366699218750e+02,3.066586303710937500e+02,3.067813720703125000e+02,3.068632812500000000e+02,3.069696655273437500e+02,3.070195007324218750e+02,3.069945983886718750e+02,3.069855651855468750e+02,3.070221862792968750e+02,3.070318603515625000e+02,3.070141296386718750e+02,3.070437011718750000e+02,3.070901794433593750e+02,3.072180175781250000e+02,3.073703002929687500e+02,3.074939270019531250e+02,3.074614562988281250e+02,3.074690551757812500e+02,3.075639953613281250e+02,3.075927734375000000e+02,3.075947875976562500e+02,3.075602416992187500e+02,3.075319213867187500e+02,3.074737548828125000e+02,3.073258361816406250e+02,3.074567565917968750e+02,3.075888366699218750e+02,3.076701965332031250e+02,3.078258972167968750e+02,3.077739562988281250e+02,3.075241699218750000e+02,3.073361816406250000e+02,3.072005004882812500e+02,3.072074890136718750e+02,3.071770629882812500e+02,3.070466003417968750e+02,3.070044250488281250e+02,3.070836791992187500e+02,3.071182250976562500e+02,3.069395751953125000e+02,3.067048034667968750e+02,3.064891662597656250e+02,3.062062072753906250e+02,3.059661865234375000e+02,3.057482910156250000e+02,3.055019531250000000e+02,3.052605285644531250e+02,3.050337219238281250e+02,3.047559204101562500e+02,3.048012390136718750e+02,3.052171630859375000e+02,3.056445312500000000e+02,3.057532958984375000e+02,3.056527709960937500e+02,3.054599609375000000e+02,3.051331787109375000e+02,3.047004699707031250e+02,3.042256164550781250e+02,3.038477478027343750e+02,3.034776306152343750e+02,3.028970642089843750e+02,3.022516479492187500e+02,3.017219543457031250e+02,3.012930908203125000e+02,3.009787597656250000e+02,3.007313537597656250e+02,3.006279907226562500e+02,3.006728515625000000e+02,3.007417602539062500e+02,3.008377990722656250e+02,3.009955139160156250e+02,3.011537475585937500e+02,3.012537841796875000e+02,3.012370605468750000e+02,3.011799621582031250e+02,3.011995849609375000e+02,3.012244262695312500e+02,3.012364196777343750e+02,3.012354125976562500e+02,3.010752258300781250e+02,3.007232971191406250e+02,3.004289245605468750e+02,3.001884155273437500e+02,2.994051208496093750e+02,2.990784301757812500e+02,2.986043395996093750e+02,2.972523803710937500e+02,2.959669799804687500e+02,2.945028076171875000e+02,2.931995239257812500e+02,2.922510070800781250e+02,2.924979858398437500e+02,2.933904724121093750e+02,2.948652954101562500e+02,2.964443664550781250e+02,2.966443786621093750e+02,nan,nan,nan,nan,nan,nan,nan,nan,nan,nan,nan,nan,nan,nan,nan,nan,nan,nan,nan,nan,nan,nan,nan,nan,nan,nan,nan,nan,nan,nan,nan,nan,nan
3.062949218750000000e+02,3.063066406250000000e+02,3.063292541503906250e+02,3.063320312500000000e+02,3.063247375488281250e+02,3.062985839843750000e+02,3.062710571289062500e+02,3.062347717285156250e+02,3.062016296386718750e+02,3.061725158691406250e+02,3.061482238769531250e+02,3.061277465820312500e+02,3.061306152343750000e+02,3.061104125976562500e+02,3.060768432617187500e+02,3.060335388183593750e+02,3.060054321289062500e+02,3.060141601562500000e+02,3.060551452636718750e+02,3.060913391113281250e+02,3.061245727539062500e+02,3.061669616699218750e+02,3.062051391601562500e+02,3.062623901367187500e+02,3.062921752929687500e+02,3.062947998046875000e+02,3.063050537109375000e+02,3.063381347656250000e+02,3.064042053222656250e+02,3.065063781738281250e+02,3.065722045898437500e+02,3.066051940917968750e+02,3.066773071289062500e+02,3.067602844238281250e+02,3.067751464843750000e+02,3.068000183105468750e+02,3.068093566894531250e+02,3.067853698730468750e+02,3.067930603027343750e+02,3.068091430664062500e+02,3.067815551757812500e+02,3.067711486816406250e+02,3.068575439453125000e+02,3.069750366210937500e+02,3.071398010253906250e+02,3.072622985839843750e+02,3.072939147949218750e+02,3.072789611816406250e+02,3.074045410156250000e+02,3.075116577148437500e+02,3.074910888671875000e+02,3.074367370605468750e+02,3.073515625000000000e+02,3.072634277343750000e+02,3.071065979003906250e+02,3.069270324707031250e+02,3.069514160156250000e+02,3.070170898437500000e+02,3.070834350585937500e+02,3.071072082519531250e+02,3.069091491699218750e+02,3.067383422851562500e+02,3.066372070312500000e+02,3.065811767578125000e+02,3.065715026855468750e+02,3.065232238769531250e+02,3.064212646484375000e+02,3.064068603515625000e+02,3.064487915039062500e+02,3.063577270507812500e+02,3.061416931152343750e+02,3.059472351074218750e+02,3.057308349609375000e+02,3.054939575195312500e+02,3.053353881835937500e+02,3.051600952148437500e+02,3.049618225097656250e+02,3.048040161132812500e+02,3.046906127929687500e+02,3.045310058593750000e+02,3.046961364746093750e+02,3.050881652832031250e+02,3.051959533691406250e+02,3.050552062988281250e+02,3.048797607421875000e+02,3.045757141113281250e+02,3.041270141601562500e+02,3.036261291503906250e+02,3.031243591308593750e+02,3.027091064453125000e+02,3.021749267578125000e+02,3.014259948730468750e+02,3.008552856445312500e+02,3.004056396484375000e+02,3.001089172363281250e+02,2.999244079589843750e+02,2.998300170898437500e+02,2.999499511718750000e+02,3.001440734863281250e+02,3.003040161132812500e+02,3.004860229492187500e+02,3.006835937500000000e+02,3.008486633300781250e+02,3.009458618164062500e+02,3.009090576171875000e+02,3.008991394042968750e+02,3.009377136230468750e+02,3.009370422363281250e+02,3.009494628906250000e+02,3.008907470703125000e+02,3.006655273437500000e+02,3.003665771484375000e+02,3.000822448730468750e+02,2.995003662109375000e+02,2.987104187011718750e+02,2.982893981933593750e+02,2.973064575195312500e+02,2.955807800292968750e+02,2.944010009765625000e+02,2.930512390136718750e+02,2.919577026367187500e+02,2.915940246582031250e+02,2.920774536132812500e+02,2.930921936035156250e+02,2.944609375000000000e+02,2.958971252441406250e+02,2.971630249023437500e+02,2.968210754394531250e+02,nan,nan,nan,nan,nan,nan,nan,nan,nan,nan,nan,nan,nan,nan,nan,nan,nan,nan,nan,nan,nan,nan,nan,nan,nan,nan,nan,nan,nan,nan,nan,nan
3.063175354003906250e+02,3.063201293945312500e+02,3.063143310546875000e+02,3.062886962890625000e+02,3.062445068359375000e+02,3.061946105957031250e+02,3.061567687988281250e+02,3.061153564453125000e+02,3.060683288574218750e+02,3.060178833007812500e+02,3.059821166992187500e+02,3.059556274414062500e+02,3.059417114257812500e+02,3.059100036621093750e+02,3.058796081542968750e+02,3.058583984375000000e+02,3.058640136718750000e+02,3.059166870117187500e+02,3.059794006347656250e+02,3.060223999023437500e+02,3.060594787597656250e+02,3.061202087402343750e+02,3.061614990234375000e+02,3.061892089843750000e+02,3.062243041992187500e+02,3.062702026367187500e+02,3.063334960937500000e+02,3.064052124023437500e+02,3.065020751953125000e+02,3.065788879394531250e+02,3.065772094726562500e+02,3.065861511230468750e+02,3.066181945800781250e+02,3.066341857910156250e+02,3.066089782714843750e+02,3.066076660156250000e+02,3.066204833984375000e+02,3.066122741699218750e+02,3.066188659667968750e+02,3.065841064453125000e+02,3.065292663574218750e+02,3.065533447265625000e+02,3.066546325683593750e+02,3.067478027343750000e+02,3.068209533691406250e+02,3.068621215820312500e+02,3.068377685546875000e+02,3.069303283691406250e+02,3.071362915039062500e+02,3.071577758789062500e+02,3.071035156250000000e+02,3.070060119628906250e+02,3.068758239746093750e+02,3.067209472656250000e+02,3.065141601562500000e+02,3.063629150390625000e+02,3.064269409179687500e+02,3.065766296386718750e+02,3.066788940429687500e+02,3.066119079589843750e+02,3.064750976562500000e+02,3.064499206542968750e+02,3.063985290527343750e+02,3.062495117187500000e+02,3.061464233398437500e+02,3.060759887695312500e+02,3.059464111328125000e+02,3.058423156738281250e+02,3.057742309570312500e+02,3.056252441406250000e+02,3.054815673828125000e+02,3.052410278320312500e+02,3.050078125000000000e+02,3.048608703613281250e+02,3.048195190429687500e+02,3.047498779296875000e+02,3.046563415527343750e+02,3.045958557128906250e+02,3.044959411621093750e+02,3.043126220703125000e+02,3.043697204589843750e+02,3.043742370605468750e+02,3.041469116210937500e+02,3.039043579101562500e+02,3.036163024902343750e+02,3.031474304199218750e+02,3.026067199707031250e+02,3.020400695800781250e+02,3.014477844238281250e+02,3.007074890136718750e+02,2.999122314453125000e+02,2.993469848632812500e+02,2.990792846679687500e+02,2.990450439453125000e+02,2.990247497558593750e+02,2.990775451660156250e+02,2.992431640625000000e+02,2.995383605957031250e+02,2.997911376953125000e+02,3.000489807128906250e+02,3.003157958984375000e+02,3.005811767578125000e+02,3.007900085449218750e+02,3.009245910644531250e+02,3.009633483886718750e+02,3.009838562011718750e+02,3.009655761718750000e+02,3.009206848144531250e+02,3.008662719726562500e+02,3.006943359375000000e+02,3.004402465820312500e+02,3.001643981933593750e+02,2.996877441406250000e+02,2.989494628906250000e+02,2.982301635742187500e+02,2.974148254394531250e+02,2.961007080078125000e+02,2.952617797851562500e+02,2.946133422851562500e+02,2.937984924316406250e+02,2.930801391601562500e+02,2.929488830566406250e+02,2.931857299804687500e+02,2.938258056640625000e+02,2.946687316894531250e+02,2.954240112304687500e+02,2.958273010253906250e+02,2.955830688476562500e+02,nan,nan,nan,nan,nan,nan,nan,nan,nan,nan,nan,nan,nan,nan,nan,nan,nan,nan,nan,nan,nan,nan,nan,nan,nan,nan,nan,nan,nan,nan,nan,nan
3.063406982421875000e+02,3.063244323730468750e+02,3.062972106933593750e+02,3.062491149902343750e+02,3.061826782226562500e+02,3.061316223144531250e+02,3.060892333984375000e+02,3.060389709472656250e+02,3.059745788574218750e+02,3.059204711914062500e+02,3.058883056640625000e+02,3.058684997558593750e+02,3.058431396484375000e+02,3.058096618652343750e+02,3.057897338867187500e+02,3.057887268066406250e+02,3.058238830566406250e+02,3.058895874023437500e+02,3.059423522949218750e+02,3.059747009277343750e+02,3.060174865722656250e+02,3.060693969726562500e+02,3.060887451171875000e+02,3.061011047363281250e+02,3.061458740234375000e+02,3.062136535644531250e+02,3.062797851562500000e+02,3.063408813476562500e+02,3.064069519042968750e+02,3.063996582031250000e+02,3.063775939941406250e+02,3.063859558105468750e+02,3.064170532226562500e+02,3.064454345703125000e+02,3.064382324218750000e+02,3.064788818359375000e+02,3.065406188964843750e+02,3.065710449218750000e+02,3.065739440917968750e+02,3.065305786132812500e+02,3.065056762695312500e+02,3.065859985351562500e+02,3.067045898437500000e+02,3.067766418457031250e+02,3.068074340820312500e+02,3.068234863281250000e+02,3.068038330078125000e+02,3.069935607910156250e+02,3.071112060546875000e+02,3.069857482910156250e+02,3.068464660644531250e+02,3.066757202148437500e+02,3.064423828125000000e+02,3.062615356445312500e+02,3.060807495117187500e+02,3.060527648925781250e+02,3.061762084960937500e+02,3.063530273437500000e+02,3.063786621093750000e+02,3.062614746093750000e+02,3.062322387695312500e+02,3.061928100585937500e+02,3.060261230468750000e+02,3.057980957031250000e+02,3.056772766113281250e+02,3.056159973144531250e+02,3.054415283203125000e+02,3.052913513183593750e+02,3.052381896972656250e+02,3.050939636230468750e+02,3.048844604492187500e+02,3.045852966308593750e+02,3.043810119628906250e+02,3.043448181152343750e+02,3.043510131835937500e+02,3.042982788085937500e+02,3.042302246093750000e+02,3.041617431640625000e+02,3.039736328125000000e+02,3.037003173828125000e+02,3.035214233398437500e+02,3.032982788085937500e+02,3.030072937011718750e+02,3.027583312988281250e+02,3.022994995117187500e+02,3.016955871582031250e+02,3.011236877441406250e+02,3.005184936523437500e+02,2.998177490234375000e+02,2.990384216308593750e+02,2.983848266601562500e+02,2.981631469726562500e+02,2.982512817382812500e+02,2.984340209960937500e+02,2.985178833007812500e+02,2.987624206542968750e+02,2.990944824218750000e+02,2.994590454101562500e+02,2.997699584960937500e+02,3.001017150878906250e+02,3.004302673339843750e+02,3.007309875488281250e+02,3.009571228027343750e+02,3.010965576171875000e+02,3.011332092285156250e+02,3.011063232421875000e+02,3.010401000976562500e+02,3.009371337890625000e+02,3.007907714843750000e+02,3.005487365722656250e+02,3.003383178710937500e+02,2.999829406738281250e+02,2.993651733398437500e+02,2.986208801269531250e+02,2.979204406738281250e+02,2.971001892089843750e+02,2.962033081054687500e+02,2.958830566406250000e+02,2.955231018066406250e+02,2.949290161132812500e+02,2.944119567871093750e+02,2.941495056152343750e+02,2.942480163574218750e+02,2.945576477050781250e+02,2.949744262695312500e+02,2.949433288574218750e+02,2.943519897460937500e+02,2.947047729492187500e+02,nan,nan,nan,nan,nan,nan,nan,nan,nan,nan,nan,nan,nan,nan,nan,nan,nan,nan,nan,nan,nan,nan,nan,nan,nan,nan,nan,nan,nan,nan,nan,nan
3.063633117675781250e+02,3.063344116210937500e+02,3.062940673828125000e+02,3.062366943359375000e+02,3.061775817871093750e+02,3.061234130859375000e+02,3.060708618164062500e+02,3.060121765136718750e+02,3.059549560546875000e+02,3.059173583984375000e+02,3.058967590332031250e+02,3.058782043457031250e+02,3.058372802734375000e+02,3.058040161132812500e+02,3.057931823730468750e+02,3.058008117675781250e+02,3.058344726562500000e+02,3.058731689453125000e+02,3.059097290039062500e+02,3.059328613281250000e+02,3.059649353027343750e+02,3.059869995117187500e+02,3.059749450683593750e+02,3.059754638671875000e+02,3.060039978027343750e+02,3.060481262207031250e+02,3.060559387207031250e+02,3.060593566894531250e+02,3.060559082031250000e+02,3.060415649414062500e+02,3.060687561035156250e+02,3.061131896972656250e+02,3.061997985839843750e+02,3.063325805664062500e+02,3.064425354003906250e+02,3.065765075683593750e+02,3.066811218261718750e+02,3.067281494140625000e+02,3.067404785156250000e+02,3.067304992675781250e+02,3.067826232910156250e+02,3.069718322753906250e+02,3.071366882324218750e+02,3.072072448730468750e+02,3.072313232421875000e+02,3.072239379882812500e+02,3.072130737304687500e+02,3.072166137695312500e+02,3.070465393066406250e+02,3.068282470703125000e+02,3.066301574707031250e+02,3.063443298339843750e+02,3.060675659179687500e+02,3.059465637207031250e+02,3.058841247558593750e+02,3.059515075683593750e+02,3.060761718750000000e+02,3.061527709960937500e+02,3.060849914550781250e+02,3.059918823242187500e+02,3.058913879394531250e+02,3.056937255859375000e+02,3.054313964843750000e+02,3.052173767089843750e+02,3.051965026855468750e+02,3.051691894531250000e+02,3.049972534179687500e+02,3.049080810546875000e+02,3.048014831542968750e+02,3.044574279785156250e+02,3.040643005371093750e+02,3.037664794921875000e+02,3.038045654296875000e+02,3.038534240722656250e+02,3.037833557128906250e+02,3.036499633789062500e+02,3.035218811035156250e+02,3.033278808593750000e+02,3.029582214355468750e+02,3.025692138671875000e+02,3.023321533203125000e+02,3.021634216308593750e+02,3.018898925781250000e+02,3.015480957031250000e+02,3.008851013183593750e+02,3.002225341796875000e+02,2.996504516601562500e+02,2.992105102539062500e+02,2.987129211425781250e+02,2.985429382324218750e+02,2.983787841796875000e+02,2.983861083984375000e+02,2.984673156738281250e+02,2.982781677246093750e+02,2.983826599121093750e+02,2.988656921386718750e+02,2.993742675781250000e+02,2.998349609375000000e+02,3.001798706054687500e+02,3.005252380371093750e+02,3.008464050292968750e+02,3.011128845214843750e+02,3.012944030761718750e+02,3.013795471191406250e+02,3.013667907714843750e+02,3.012843017578125000e+02,3.011500854492187500e+02,3.009743957519531250e+02,3.007592468261718750e+02,3.005241088867187500e+02,3.002805786132812500e+02,2.997624511718750000e+02,2.990905151367187500e+02,2.984263916015625000e+02,2.978497619628906250e+02,2.972009887695312500e+02,2.964875488281250000e+02,2.960136718750000000e+02,2.957958068847656250e+02,2.954263916015625000e+02,2.952764282226562500e+02,2.952186279296875000e+02,2.952832641601562500e+02,2.955009155273437500e+02,2.957647094726562500e+02,2.958758850097656250e+02,2.958752136230468750e+02,2.964172058105468750e+02,nan,nan,nan,nan,nan,nan,nan,nan,nan,nan,nan,nan,nan,nan,nan,nan,nan,nan,nan,nan,nan,nan,nan,nan,nan,nan,nan,nan,nan,nan,nan,nan
3.063794555664062500e+02,3.063402709960937500e+02,3.062894897460937500e+02,3.062329711914062500e+02,3.061732788085937500e+02,3.061136779785156250e+02,3.060606689453125000e+02,3.060087890625000000e+02,3.059657287597656250e+02,3.059389038085937500e+02,3.059221801757812500e+02,3.058906555175781250e+02,3.058482666015625000e+02,3.058346252441406250e+02,3.058357543945312500e+02,3.058512573242187500e+02,3.058744506835937500e+02,3.059043579101562500e+02,3.059375000000000000e+02,3.059548950195312500e+02,3.059725646972656250e+02,3.059707641601562500e+02,3.059439697265625000e+02,3.059467468261718750e+02,3.059717102050781250e+02,3.059790039062500000e+02,3.059408264160156250e+02,3.059157714843750000e+02,3.059176025390625000e+02,3.059487609863281250e+02,3.060148925781250000e+02,3.060914001464843750e+02,3.062727966308593750e+02,3.064845275878906250e+02,3.066037597656250000e+02,3.067091064453125000e+02,3.067684936523437500e+02,3.067941894531250000e+02,3.068003540039062500e+02,3.068196411132812500e+02,3.069650573730468750e+02,3.071882629394531250e+02,3.072796936035156250e+02,3.072785339355468750e+02,3.072446899414062500e+02,3.071555786132812500e+02,3.070349121093750000e+02,3.068626403808593750e+02,3.066316528320312500e+02,3.064570007324218750e+02,3.061984863281250000e+02,3.058814086914062500e+02,3.056995544433593750e+02,3.056589355468750000e+02,3.057029724121093750e+02,3.057854919433593750e+02,3.058578796386718750e+02,3.058343200683593750e+02,3.057164001464843750e+02,3.055562438964843750e+02,3.053042297363281250e+02,3.050502929687500000e+02,3.047987976074218750e+02,3.047131347656250000e+02,3.047687072753906250e+02,3.046789855957031250e+02,3.045083312988281250e+02,3.044025573730468750e+02,3.040426635742187500e+02,3.035964965820312500e+02,3.032426147460937500e+02,3.032740478515625000e+02,3.035345458984375000e+02,3.034619445800781250e+02,3.033150024414062500e+02,3.030816345214843750e+02,3.028746337890625000e+02,3.025285034179687500e+02,3.019768981933593750e+02,3.015657653808593750e+02,3.013886413574218750e+02,3.012540283203125000e+02,3.010939331054687500e+02,3.007142944335937500e+02,3.000686035156250000e+02,2.994331359863281250e+02,2.990380249023437500e+02,2.986555786132812500e+02,2.984157714843750000e+02,2.985140686035156250e+02,2.986349487304687500e+02,2.985731811523437500e+02,2.983289794921875000e+02,2.980273742675781250e+02,2.985659484863281250e+02,2.992767333984375000e+02,2.998476257324218750e+02,3.002707519531250000e+02,3.006101074218750000e+02,3.009622802734375000e+02,3.012604980468750000e+02,3.014816284179687500e+02,3.015985107421875000e+02,3.016146240234375000e+02,3.015335083007812500e+02,3.013812561035156250e+02,3.011830749511718750e+02,3.009416198730468750e+02,3.006818847656250000e+02,3.004304809570312500e+02,3.000188598632812500e+02,2.994147338867187500e+02,2.988157348632812500e+02,2.982360534667968750e+02,2.977679138183593750e+02,2.971042785644531250e+02,2.963786926269531250e+02,2.959315185546875000e+02,2.957149353027343750e+02,2.958030395507812500e+02,2.958275756835937500e+02,2.958276367187500000e+02,2.959107055664062500e+02,2.961241149902343750e+02,2.964696960449218750e+02,2.968783264160156250e+02,2.975678100585937500e+02,2.980354919433593750e+02,2.990897216796875000e+02,nan,nan,nan,nan,nan,nan,nan,nan,nan,nan,nan,nan,nan,nan,nan,nan,nan,nan,nan,nan,nan,nan,nan,nan,nan,nan,nan,nan,nan,nan,nan
3.063793029785156250e+02,3.063321533203125000e+02,3.062804870605468750e+02,3.062283935546875000e+02,3.061723327636718750e+02,3.061222534179687500e+02,3.060797424316406250e+02,3.060389709472656250e+02,3.060016174316406250e+02,3.059800415039062500e+02,3.059620971679687500e+02,3.059364929199218750e+02,3.059233093261718750e+02,3.059354553222656250e+02,3.059512023925781250e+02,3.059779052734375000e+02,3.060032653808593750e+02,3.060334777832031250e+02,3.060603027343750000e+02,3.060678710937500000e+02,3.060704040527343750e+02,3.060605773925781250e+02,3.060501098632812500e+02,3.060586853027343750e+02,3.060833435058593750e+02,3.060753479003906250e+02,3.060569152832031250e+02,3.060766906738281250e+02,3.061217346191406250e+02,3.061916503906250000e+02,3.062945861816406250e+02,3.063977355957031250e+02,3.065869750976562500e+02,3.066608886718750000e+02,3.066512451171875000e+02,3.066496887207031250e+02,3.066325988769531250e+02,3.066325378417968750e+02,3.066355285644531250e+02,3.067033996582031250e+02,3.068778076171875000e+02,3.069597778320312500e+02,3.069120178222656250e+02,3.068226013183593750e+02,3.067291870117187500e+02,3.066054992675781250e+02,3.064699096679687500e+02,3.063339843750000000e+02,3.061600952148437500e+02,3.059928283691406250e+02,3.057321166992187500e+02,3.055403442382812500e+02,3.054700012207031250e+02,3.055071411132812500e+02,3.055709228515625000e+02,3.055497436523437500e+02,3.054991149902343750e+02,3.053718566894531250e+02,3.051603393554687500e+02,3.048842163085937500e+02,3.046513671875000000e+02,3.044819335937500000e+02,3.043356323242187500e+02,3.042962646484375000e+02,3.041862487792968750e+02,3.040401000976562500e+02,3.038754577636718750e+02,3.036728210449218750e+02,3.033106384277343750e+02,3.031037902832031250e+02,3.030898437500000000e+02,3.033207702636718750e+02,3.033473205566406250e+02,3.031214904785156250e+02,3.029096679687500000e+02,3.026342773437500000e+02,3.023689880371093750e+02,3.018415222167968750e+02,3.013533935546875000e+02,3.010907592773437500e+02,3.010471496582031250e+02,3.011488342285156250e+02,3.013119812011718750e+02,3.011908569335937500e+02,3.008730468750000000e+02,3.006104125976562500e+02,3.003889465332031250e+02,2.998609008789062500e+02,2.996005554199218750e+02,2.994201660156250000e+02,2.993349609375000000e+02,2.990172424316406250e+02,2.986767272949218750e+02,2.988236999511718750e+02,2.996646118164062500e+02,3.002250671386718750e+02,3.006395568847656250e+02,3.009461364746093750e+02,3.012830505371093750e+02,3.016108093261718750e+02,3.018554382324218750e+02,3.019952087402343750e+02,3.020205993652343750e+02,3.019400024414062500e+02,3.017767944335937500e+02,3.015598449707031250e+02,3.013074645996093750e+02,3.010248413085937500e+02,3.007252502441406250e+02,3.003972473144531250e+02,2.999170532226562500e+02,2.993710937500000000e+02,2.988026123046875000e+02,2.982153930664062500e+02,2.977260131835937500e+02,2.971183166503906250e+02,2.965874023437500000e+02,2.961860046386718750e+02,2.959231872558593750e+02,2.961666564941406250e+02,2.961999206542968750e+02,2.963001403808593750e+02,2.964387207031250000e+02,2.966963500976562500e+02,2.971657409667968750e+02,2.978072204589843750e+02,2.990845947265625000e+02,3.001101074218750000e+02,3.020144653320312500e+02,3.032322692871093750e+02,nan,nan,nan,nan,nan,nan,nan,nan,nan,nan,nan,nan,nan,nan,nan,nan,nan,nan,nan,nan,nan,nan,nan,nan,nan,nan,nan,nan,nan,nan
3.063805847167968750e+02,3.063294067382812500e+02,3.062819519042968750e+02,3.062332763671875000e+02,3.061867065429687500e+02,3.061482543945312500e+02,3.061132507324218750e+02,3.060780639648437500e+02,3.060458068847656250e+02,3.060233154296875000e+02,3.060106811523437500e+02,3.059978942871093750e+02,3.060057983398437500e+02,3.060259704589843750e+02,3.060475158691406250e+02,3.060777587890625000e+02,3.060966796875000000e+02,3.061159667968750000e+02,3.061279907226562500e+02,3.061242980957031250e+02,3.061171569824218750e+02,3.061145019531250000e+02,3.061145629882812500e+02,3.061264953613281250e+02,3.061465454101562500e+02,3.061513671875000000e+02,3.061775817871093750e+02,3.062291564941406250e+02,3.063056030273437500e+02,3.064184570312500000e+02,3.065137023925781250e+02,3.065895690917968750e+02,3.066591491699218750e+02,3.066017761230468750e+02,3.065351562500000000e+02,3.064857177734375000e+02,3.064525756835937500e+02,3.064554748535156250e+02,3.064878845214843750e+02,3.065913696289062500e+02,3.066784057617187500e+02,3.066178283691406250e+02,3.065067138671875000e+02,3.063833007812500000e+02,3.062854003906250000e+02,3.061584777832031250e+02,3.060230102539062500e+02,3.059021911621093750e+02,3.057802734375000000e+02,3.056085815429687500e+02,3.054280395507812500e+02,3.053183898925781250e+02,3.053104858398437500e+02,3.053497009277343750e+02,3.053066711425781250e+02,3.051566772460937500e+02,3.050258178710937500e+02,3.048270874023437500e+02,3.045405578613281250e+02,3.042861328125000000e+02,3.042134094238281250e+02,3.041067504882812500e+02,3.040034179687500000e+02,3.038436889648437500e+02,3.036602783203125000e+02,3.035717163085937500e+02,3.034052429199218750e+02,3.031652832031250000e+02,3.029742736816406250e+02,3.029449768066406250e+02,3.031088562011718750e+02,3.031767578125000000e+02,3.029740295410156250e+02,3.026703796386718750e+02,3.024160461425781250e+02,3.021690673828125000e+02,3.017913513183593750e+02,3.012873840332031250e+02,3.011476440429687500e+02,3.011142272949218750e+02,3.012540588378906250e+02,3.016832580566406250e+02,3.020177612304687500e+02,3.021401672363281250e+02,3.020658264160156250e+02,3.020482177734375000e+02,3.016530456542968750e+02,3.011037597656250000e+02,3.005822753906250000e+02,3.002188415527343750e+02,2.998186340332031250e+02,2.993255310058593750e+02,2.991450195312500000e+02,2.996703186035156250e+02,3.004424438476562500e+02,3.008645019531250000e+02,3.011797485351562500e+02,3.014830932617187500e+02,3.018201904296875000e+02,3.021057128906250000e+02,3.022865295410156250e+02,3.023446350097656250e+02,3.022783203125000000e+02,3.021147766113281250e+02,3.018825988769531250e+02,3.016130371093750000e+02,3.013196105957031250e+02,3.009974365234375000e+02,3.006660461425781250e+02,3.002963256835937500e+02,2.998573608398437500e+02,2.993739624023437500e+02,2.988282165527343750e+02,2.982932128906250000e+02,2.977983093261718750e+02,2.973709411621093750e+02,2.969618835449218750e+02,2.965375366210937500e+02,2.965881042480468750e+02,2.969579467773437500e+02,2.969743957519531250e+02,2.970609436035156250e+02,2.971613159179687500e+02,2.973878784179687500e+02,2.977781982421875000e+02,2.985829772949218750e+02,2.999673156738281250e+02,3.013825683593750000e+02,3.039572448730468750e+02,3.054806823730468750e+02,3.058366088867187500e+02,nan,nan,nan,nan,nan,nan,nan,nan,nan,nan,nan,nan,nan,nan,nan,nan,nan,nan,nan,nan,nan,nan,nan,nan,nan,nan,nan,nan,nan
3.063947753906250000e+02,3.063480834960937500e+02,3.063047790527343750e+02,3.062605285644531250e+02,3.062217712402343750e+02,3.061855163574218750e+02,3.061494140625000000e+02,3.061134338378906250e+02,3.060817871093750000e+02,3.060596313476562500e+02,3.060465393066406250e+02,3.060345764160156250e+02,3.060431823730468750e+02,3.060533142089843750e+02,3.060720214843750000e+02,3.060870971679687500e+02,3.060871582031250000e+02,3.060908203125000000e+02,3.060909729003906250e+02,3.060789184570312500e+02,3.060708007812500000e+02,3.060727844238281250e+02,3.060804443359375000e+02,3.060992431640625000e+02,3.061260986328125000e+02,3.061543273925781250e+02,3.061982116699218750e+02,3.062600708007812500e+02,3.063496093750000000e+02,3.064597473144531250e+02,3.064929199218750000e+02,3.065108947753906250e+02,3.064871826171875000e+02,3.064332275390625000e+02,3.064052124023437500e+02,3.063795471191406250e+02,3.063789062500000000e+02,3.064103393554687500e+02,3.064691772460937500e+02,3.065334472656250000e+02,3.065158691406250000e+02,3.064289855957031250e+02,3.063129272460937500e+02,3.061957397460937500e+02,3.060658874511718750e+02,3.058914184570312500e+02,3.057228088378906250e+02,3.055867004394531250e+02,3.054703674316406250e+02,3.053017578125000000e+02,3.051502380371093750e+02,3.050445251464843750e+02,3.049912109375000000e+02,3.049413757324218750e+02,3.048167114257812500e+02,3.046651611328125000e+02,3.045310058593750000e+02,3.043584594726562500e+02,3.041231079101562500e+02,3.041186828613281250e+02,3.041476135253906250e+02,3.040136718750000000e+02,3.038390502929687500e+02,3.036014099121093750e+02,3.035063171386718750e+02,3.034466247558593750e+02,3.032016906738281250e+02,3.029427490234375000e+02,3.027868041992187500e+02,3.028339843750000000e+02,3.028816833496093750e+02,3.027695007324218750e+02,3.024896850585937500e+02,3.021749267578125000e+02,3.020009765625000000e+02,3.018682861328125000e+02,3.015993957519531250e+02,3.015731201171875000e+02,3.017763061523437500e+02,3.020005493164062500e+02,3.023893432617187500e+02,3.028041381835937500e+02,3.030616455078125000e+02,3.029898681640625000e+02,3.026748046875000000e+02,3.023076782226562500e+02,3.017389831542968750e+02,3.011361999511718750e+02,3.005934143066406250e+02,3.003479003906250000e+02,2.998831787109375000e+02,2.994323120117187500e+02,2.995003051757812500e+02,3.002725524902343750e+02,3.008948364257812500e+02,3.011924743652343750e+02,3.015198974609375000e+02,3.018511047363281250e+02,3.021899108886718750e+02,3.024355773925781250e+02,3.025498962402343750e+02,3.025128784179687500e+02,3.023632202148437500e+02,3.021306762695312500e+02,3.018417968750000000e+02,3.015292358398437500e+02,3.011952209472656250e+02,3.008420715332031250e+02,3.004960632324218750e+02,3.001270446777343750e+02,2.997355346679687500e+02,2.993044738769531250e+02,2.988233032226562500e+02,2.983663024902343750e+02,2.979941406250000000e+02,2.976501159667968750e+02,2.973276977539062500e+02,2.971542358398437500e+02,2.976037597656250000e+02,2.978893127441406250e+02,2.978905334472656250e+02,2.979495239257812500e+02,2.979086303710937500e+02,2.979400024414062500e+02,2.981009826660156250e+02,2.987656860351562500e+02,2.999512634277343750e+02,3.019032592773437500e+02,3.048598937988281250e+02,3.067104492187500000e+02,3.060395812988281250e+02,nan,nan,nan,nan,nan,nan,nan,nan,nan,nan,nan,nan,nan,nan,nan,nan,nan,nan,nan,nan,nan,nan,nan,nan,nan,nan,nan,nan,nan
3.064169311523437500e+02,3.063775939941406250e+02,3.063382873535156250e+02,3.062991333007812500e+02,3.062622070312500000e+02,3.062201538085937500e+02,3.061798706054687500e+02,3.061401672363281250e+02,3.061091918945312500e+02,3.060880737304687500e+02,3.060706787109375000e+02,3.060582275390625000e+02,3.060552368164062500e+02,3.060555725097656250e+02,3.060614929199218750e+02,3.060541381835937500e+02,3.060433044433593750e+02,3.060400390625000000e+02,3.060329284667968750e+02,3.060217590332031250e+02,3.060218811035156250e+02,3.060321655273437500e+02,3.060507812500000000e+02,3.060834960937500000e+02,3.061271667480468750e+02,3.061717224121093750e+02,3.062212219238281250e+02,3.062829589843750000e+02,3.063606872558593750e+02,3.064126586914062500e+02,3.063925781250000000e+02,3.063839721679687500e+02,3.063634033203125000e+02,3.063645935058593750e+02,3.063865356445312500e+02,3.063966064453125000e+02,3.064380798339843750e+02,3.064850769042968750e+02,3.065233459472656250e+02,3.065156250000000000e+02,3.064623107910156250e+02,3.063790893554687500e+02,3.062437438964843750e+02,3.060936279296875000e+02,3.058768920898437500e+02,3.056635742187500000e+02,3.054779052734375000e+02,3.053576965332031250e+02,3.052304687500000000e+02,3.050319519042968750e+02,3.048567199707031250e+02,3.047131652832031250e+02,3.045631408691406250e+02,3.044578857421875000e+02,3.043266601562500000e+02,3.042193908691406250e+02,3.041640625000000000e+02,3.040758666992187500e+02,3.040511169433593750e+02,3.042758789062500000e+02,3.042219848632812500e+02,3.039824218750000000e+02,3.036933593750000000e+02,3.034994201660156250e+02,3.034831237792968750e+02,3.033345947265625000e+02,3.030202941894531250e+02,3.027719421386718750e+02,3.026556396484375000e+02,3.026398010253906250e+02,3.024418334960937500e+02,3.022686767578125000e+02,3.020790100097656250e+02,3.018004455566406250e+02,3.017970581054687500e+02,3.019415283203125000e+02,3.021301574707031250e+02,3.025799255371093750e+02,3.029651794433593750e+02,3.033125305175781250e+02,3.037628479003906250e+02,3.039342956542968750e+02,3.038917541503906250e+02,3.032145996093750000e+02,3.024231567382812500e+02,3.016712951660156250e+02,3.010189514160156250e+02,3.003920593261718750e+02,3.001821594238281250e+02,3.001101989746093750e+02,2.998090209960937500e+02,2.996176452636718750e+02,3.000334777832031250e+02,3.008954467773437500e+02,3.010741577148437500e+02,3.012224731445312500e+02,3.017332153320312500e+02,3.021417846679687500e+02,3.024960937500000000e+02,3.026835632324218750e+02,3.027258300781250000e+02,3.025904235839843750e+02,3.023722534179687500e+02,3.020727844238281250e+02,3.017398376464843750e+02,3.013876953125000000e+02,3.010229797363281250e+02,3.006517639160156250e+02,3.003072204589843750e+02,2.999759826660156250e+02,2.996329956054687500e+02,2.992571105957031250e+02,2.988577880859375000e+02,2.985162658691406250e+02,2.982924194335937500e+02,2.980316772460937500e+02,2.978200073242187500e+02,2.980446166992187500e+02,2.984862060546875000e+02,2.985532531738281250e+02,2.986297302246093750e+02,2.986131286621093750e+02,2.983650817871093750e+02,2.981685485839843750e+02,2.981331481933593750e+02,2.986109008789062500e+02,2.997062377929687500e+02,3.013613586425781250e+02,3.039831848144531250e+02,3.053371887207031250e+02,3.049889221191406250e+02,3.044884948730468750e+02,nan,nan,nan,nan,nan,nan,nan,nan,nan,nan,nan,nan,nan,nan,nan,nan,nan,nan,nan,nan,nan,nan,nan,nan,nan,nan,nan,nan
3.064375000000000000e+02,3.064042968750000000e+02,3.063681640625000000e+02,3.063317565917968750e+02,3.062881164550781250e+02,3.062401123046875000e+02,3.061951599121093750e+02,3.061559448242187500e+02,3.061278686523437500e+02,3.061083068847656250e+02,3.060923461914062500e+02,3.060812988281250000e+02,3.060747375488281250e+02,3.060711975097656250e+02,3.060667114257812500e+02,3.060559082031250000e+02,3.060480041503906250e+02,3.060462951660156250e+02,3.060430603027343750e+02,3.060461120605468750e+02,3.060598144531250000e+02,3.060830383300781250e+02,3.061195678710937500e+02,3.061675720214843750e+02,3.062147216796875000e+02,3.062633056640625000e+02,3.063070373535156250e+02,3.063579101562500000e+02,3.064121704101562500e+02,3.064179687500000000e+02,3.064148864746093750e+02,3.064300537109375000e+02,3.064423522949218750e+02,3.064830017089843750e+02,3.065233764648437500e+02,3.065550537109375000e+02,3.065948486328125000e+02,3.066089782714843750e+02,3.065927734375000000e+02,3.065431823730468750e+02,3.064829711914062500e+02,3.063629150390625000e+02,3.061979675292968750e+02,3.059803771972656250e+02,3.057369079589843750e+02,3.055390014648437500e+02,3.053671569824218750e+02,3.052505187988281250e+02,3.050485839843750000e+02,3.048025207519531250e+02,3.046137084960937500e+02,3.044311523437500000e+02,3.042518615722656250e+02,3.041500244140625000e+02,3.040491333007812500e+02,3.039965209960937500e+02,3.039996948242187500e+02,3.039807128906250000e+02,3.041411132812500000e+02,3.042581176757812500e+02,3.040025329589843750e+02,3.036634216308593750e+02,3.033796081542968750e+02,3.033271789550781250e+02,3.033226318359375000e+02,3.031260375976562500e+02,3.028489990234375000e+02,3.027124633789062500e+02,3.026754150390625000e+02,3.025353393554687500e+02,3.023024291992187500e+02,3.022675476074218750e+02,3.021197814941406250e+02,3.019307250976562500e+02,3.020888977050781250e+02,3.024292602539062500e+02,3.028336181640625000e+02,3.032395629882812500e+02,3.034764709472656250e+02,3.036789550781250000e+02,3.038776245117187500e+02,3.038595581054687500e+02,3.033465576171875000e+02,3.024128417968750000e+02,3.015913085937500000e+02,3.008327941894531250e+02,3.002043762207031250e+02,2.997974243164062500e+02,2.997611694335937500e+02,2.998281555175781250e+02,2.997566223144531250e+02,2.998436279296875000e+02,3.005942993164062500e+02,3.011470336914062500e+02,3.010163879394531250e+02,3.014034729003906250e+02,3.021243591308593750e+02,3.025321655273437500e+02,3.028263854980468750e+02,3.029620361328125000e+02,3.029479980468750000e+02,3.027156066894531250e+02,3.024141845703125000e+02,3.020457763671875000e+02,3.016662597656250000e+02,3.012842102050781250e+02,3.008993225097656250e+02,3.005301208496093750e+02,3.002184753417968750e+02,2.999221496582031250e+02,2.996071777343750000e+02,2.992914123535156250e+02,2.989711303710937500e+02,2.987546691894531250e+02,2.986365661621093750e+02,2.985239257812500000e+02,2.985688476562500000e+02,2.988909606933593750e+02,2.991332397460937500e+02,2.991159362792968750e+02,2.991776733398437500e+02,2.989316711425781250e+02,2.984773254394531250e+02,2.981257324218750000e+02,2.979155273437500000e+02,2.982463378906250000e+02,2.989559631347656250e+02,3.003471069335937500e+02,3.026246032714843750e+02,3.029664001464843750e+02,3.032729797363281250e+02,3.035026550292968750e+02,3.037207336425781250e+02,nan,nan,nan,nan,nan,nan,nan,nan,nan,nan,nan,nan,nan,nan,nan,nan,nan,nan,nan,nan,nan,nan,nan,nan,nan,nan,nan
3.064598083496093750e+02,3.064303283691406250e+02,3.063928527832031250e+02,3.063506469726562500e+02,3.062966308593750000e+02,3.062461547851562500e+02,3.062018432617187500e+02,3.061675415039062500e+02,3.061443176269531250e+02,3.061284179687500000e+02,3.061177978515625000e+02,3.061113281250000000e+02,3.061072387695312500e+02,3.061053771972656250e+02,3.061032409667968750e+02,3.060989990234375000e+02,3.060996398925781250e+02,3.061037597656250000e+02,3.061163635253906250e+02,3.061351318359375000e+02,3.061606750488281250e+02,3.061986694335937500e+02,3.062481689453125000e+02,3.062967834472656250e+02,3.063398132324218750e+02,3.063760070800781250e+02,3.064063720703125000e+02,3.064489135742187500e+02,3.064842529296875000e+02,3.065039367675781250e+02,3.065444946289062500e+02,3.065834045410156250e+02,3.066130065917968750e+02,3.066776733398437500e+02,3.067097167968750000e+02,3.067164306640625000e+02,3.067039489746093750e+02,3.066631164550781250e+02,3.065900268554687500e+02,3.065269470214843750e+02,3.064412536621093750e+02,3.062569580078125000e+02,3.060530090332031250e+02,3.058172607421875000e+02,3.056188659667968750e+02,3.054346923828125000e+02,3.052406616210937500e+02,3.050353393554687500e+02,3.047437744140625000e+02,3.045272827148437500e+02,3.043489685058593750e+02,3.041683349609375000e+02,3.040214538574218750e+02,3.039601745605468750e+02,3.039188537597656250e+02,3.039002380371093750e+02,3.039097595214843750e+02,3.039696655273437500e+02,3.040303344726562500e+02,3.038583984375000000e+02,3.034769287109375000e+02,3.031238403320312500e+02,3.030434265136718750e+02,3.031199645996093750e+02,3.031323242187500000e+02,3.029306945800781250e+02,3.027406311035156250e+02,3.028240966796875000e+02,3.028407897949218750e+02,3.026985778808593750e+02,3.025931701660156250e+02,3.025931091308593750e+02,3.023775024414062500e+02,3.023329162597656250e+02,3.026237792968750000e+02,3.028367004394531250e+02,3.030167236328125000e+02,3.030682067871093750e+02,3.029749450683593750e+02,3.029112548828125000e+02,3.028542785644531250e+02,3.026513366699218750e+02,3.020477294921875000e+02,3.013752746582031250e+02,3.007912597656250000e+02,3.002409667968750000e+02,2.997394104003906250e+02,2.993959655761718750e+02,2.993089294433593750e+02,2.995337524414062500e+02,2.997152099609375000e+02,3.001096496582031250e+02,3.008846130371093750e+02,3.010743408203125000e+02,3.014539184570312500e+02,3.023622436523437500e+02,3.029338378906250000e+02,3.032349548339843750e+02,3.034577941894531250e+02,3.036069335937500000e+02,3.035119323730468750e+02,3.031098327636718750e+02,3.026687622070312500e+02,3.021891174316406250e+02,3.017500305175781250e+02,3.013285217285156250e+02,3.009248352050781250e+02,3.005812072753906250e+02,3.002936706542968750e+02,2.999965209960937500e+02,2.996903991699218750e+02,2.994066772460937500e+02,2.991684265136718750e+02,2.990143737792968750e+02,2.989382934570312500e+02,2.990689392089843750e+02,2.992453002929687500e+02,2.993648376464843750e+02,2.994813842773437500e+02,2.995302734375000000e+02,2.996549682617187500e+02,2.992527160644531250e+02,2.985172424316406250e+02,2.978342895507812500e+02,2.973902893066406250e+02,2.974731445312500000e+02,2.978456726074218750e+02,2.986921997070312500e+02,2.999901733398437500e+02,3.002026367187500000e+02,3.024097290039062500e+02,3.036053466796875000e+02,3.040932617187500000e+02,3.040161743164062500e+02,nan,nan,nan,nan,nan,nan,nan,nan,nan,nan,nan,nan,nan,nan,nan,nan,nan,nan,nan,nan,nan,nan,nan,nan,nan,nan
3.064791259765625000e+02,3.064473266601562500e+02,3.064049072265625000e+02,3.063538513183593750e+02,3.062977600097656250e+02,3.062507934570312500e+02,3.062110595703125000e+02,3.061818237304687500e+02,3.061651611328125000e+02,3.061539001464843750e+02,3.061481933593750000e+02,3.061452941894531250e+02,3.061443481445312500e+02,3.061479492187500000e+02,3.061487426757812500e+02,3.061502075195312500e+02,3.061558837890625000e+02,3.061673583984375000e+02,3.061883544921875000e+02,3.062107238769531250e+02,3.062406005859375000e+02,3.062853393554687500e+02,3.063281555175781250e+02,3.063644409179687500e+02,3.063977661132812500e+02,3.064218444824218750e+02,3.064507446289062500e+02,3.064912719726562500e+02,3.065244140625000000e+02,3.065675048828125000e+02,3.066169738769531250e+02,3.066462097167968750e+02,3.066774291992187500e+02,3.067095031738281250e+02,3.066844177246093750e+02,3.066319274902343750e+02,3.065685424804687500e+02,3.064741516113281250e+02,3.063608093261718750e+02,3.062658081054687500e+02,3.060876159667968750e+02,3.058409423828125000e+02,3.056029357910156250e+02,3.053731384277343750e+02,3.051835327148437500e+02,3.049486694335937500e+02,3.047405395507812500e+02,3.045065612792968750e+02,3.042949218750000000e+02,3.041636047363281250e+02,3.040431518554687500e+02,3.039058837890625000e+02,3.038194580078125000e+02,3.038302307128906250e+02,3.038432617187500000e+02,3.038582153320312500e+02,3.039044494628906250e+02,3.039256286621093750e+02,3.038170471191406250e+02,3.034960937500000000e+02,3.030763549804687500e+02,3.028271179199218750e+02,3.028463134765625000e+02,3.029027099609375000e+02,3.028564758300781250e+02,3.026271972656250000e+02,3.026505737304687500e+02,3.027925720214843750e+02,3.026935424804687500e+02,3.025022888183593750e+02,3.023704833984375000e+02,3.022889404296875000e+02,3.020595397949218750e+02,3.021023864746093750e+02,3.022856750488281250e+02,3.023244018554687500e+02,3.023107299804687500e+02,3.021694641113281250e+02,3.018894653320312500e+02,3.016936645507812500e+02,3.015205078125000000e+02,3.012147827148437500e+02,3.007919616699218750e+02,3.002804565429687500e+02,2.998419494628906250e+02,2.994704284667968750e+02,2.990541992187500000e+02,2.987913208007812500e+02,2.988465270996093750e+02,2.993489990234375000e+02,2.997150878906250000e+02,3.002524719238281250e+02,3.007856445312500000e+02,3.010987243652343750e+02,3.019052124023437500e+02,3.027755126953125000e+02,3.032089843750000000e+02,3.035859985351562500e+02,3.039161682128906250e+02,3.040527038574218750e+02,3.037037658691406250e+02,3.031284790039062500e+02,3.025683288574218750e+02,3.020218505859375000e+02,3.015617065429687500e+02,3.011212768554687500e+02,3.007362670898437500e+02,3.004276123046875000e+02,3.001450805664062500e+02,2.998516845703125000e+02,2.995691833496093750e+02,2.993242797851562500e+02,2.991419067382812500e+02,2.990180969238281250e+02,2.990410461425781250e+02,2.992029113769531250e+02,2.992730102539062500e+02,2.992720336914062500e+02,2.993399353027343750e+02,2.995864562988281250e+02,2.998549194335937500e+02,2.993838500976562500e+02,2.981625366210937500e+02,2.972521362304687500e+02,2.967986755371093750e+02,2.969846191406250000e+02,2.970074157714843750e+02,2.979019470214843750e+02,2.991950378417968750e+02,3.014527587890625000e+02,3.039873046875000000e+02,3.036727600097656250e+02,3.036057739257812500e+02,3.037347412109375000e+02,nan,nan,nan,nan,nan,nan,nan,nan,nan,nan,nan,nan,nan,nan,nan,nan,nan,nan,nan,nan,nan,nan,nan,nan,nan,nan
3.064946289062500000e+02,3.064587402343750000e+02,3.064108886718750000e+02,3.063566894531250000e+02,3.063014526367187500e+02,3.062564697265625000e+02,3.062193908691406250e+02,3.061990356445312500e+02,3.061899108886718750e+02,3.061842956542968750e+02,3.061842041015625000e+02,3.061854858398437500e+02,3.061885986328125000e+02,3.061953735351562500e+02,3.061979675292968750e+02,3.062052917480468750e+02,3.062154846191406250e+02,3.062297363281250000e+02,3.062453002929687500e+02,3.062622375488281250e+02,3.062894287109375000e+02,3.063179626464843750e+02,3.063405761718750000e+02,3.063624267578125000e+02,3.063867492675781250e+02,3.064158935546875000e+02,3.064510192871093750e+02,3.064973449707031250e+02,3.065347290039062500e+02,3.065765380859375000e+02,3.066084899902343750e+02,3.065999145507812500e+02,3.065647277832031250e+02,3.065064086914062500e+02,3.064212951660156250e+02,3.063244628906250000e+02,3.062168273925781250e+02,3.060759887695312500e+02,3.058976135253906250e+02,3.056845092773437500e+02,3.054186706542968750e+02,3.051485595703125000e+02,3.048807678222656250e+02,3.046255798339843750e+02,3.044161682128906250e+02,3.041985778808593750e+02,3.041017456054687500e+02,3.040081787109375000e+02,3.039393310546875000e+02,3.038646545410156250e+02,3.038132019042968750e+02,3.037500610351562500e+02,3.037656860351562500e+02,3.038408203125000000e+02,3.038901977539062500e+02,3.039180603027343750e+02,3.039229125976562500e+02,3.038100280761718750e+02,3.035953369140625000e+02,3.032270202636718750e+02,3.028321533203125000e+02,3.025542907714843750e+02,3.024181823730468750e+02,3.024533996582031250e+02,3.023816528320312500e+02,3.022872314453125000e+02,3.023646850585937500e+02,3.022383422851562500e+02,3.019587097167968750e+02,3.016297302246093750e+02,3.014173278808593750e+02,3.012769165039062500e+02,3.009540100097656250e+02,3.008551635742187500e+02,3.008928833007812500e+02,3.009737548828125000e+02,3.009011230468750000e+02,3.006126708984375000e+02,3.002331542968750000e+02,2.998635864257812500e+02,2.995275878906250000e+02,2.991091308593750000e+02,2.986277160644531250e+02,2.981229248046875000e+02,2.977226257324218750e+02,2.974591674804687500e+02,2.971124572753906250e+02,2.971101989746093750e+02,2.974569702148437500e+02,2.979407958984375000e+02,2.981834106445312500e+02,2.987160034179687500e+02,2.992390441894531250e+02,2.997453918457031250e+02,3.003989868164062500e+02,3.011156005859375000e+02,3.016813659667968750e+02,3.021691589355468750e+02,3.025459289550781250e+02,3.023749389648437500e+02,3.017645874023437500e+02,3.011319580078125000e+02,3.004916992187500000e+02,2.999531860351562500e+02,2.995053710937500000e+02,2.991035766601562500e+02,2.987895202636718750e+02,2.985133056640625000e+02,2.982746276855468750e+02,2.980485534667968750e+02,2.978502502441406250e+02,2.977223205566406250e+02,2.976133422851562500e+02,2.975463256835937500e+02,2.976594848632812500e+02,2.977571716308593750e+02,2.978887023925781250e+02,2.980311279296875000e+02,2.982744750976562500e+02,2.987874450683593750e+02,2.992333679199218750e+02,2.987316894531250000e+02,2.969595642089843750e+02,2.962399291992187500e+02,2.963721313476562500e+02,2.972959899902343750e+02,2.983548583984375000e+02,3.012181091308593750e+02,3.035111999511718750e+02,3.059212951660156250e+02,3.052005004882812500e+02,3.031491394042968750e+02,3.037203979492187500e+02,3.041641540527343750e+02,3.044678649902343750e+02,nan,nan,nan,nan,nan,nan,nan,nan,nan,nan,nan,nan,nan,nan,nan,nan,nan,nan,nan,nan,nan,nan,nan,nan,nan
3.065082702636718750e+02,3.064662780761718750e+02,3.064113769531250000e+02,3.063507080078125000e+02,3.062965393066406250e+02,3.062575683593750000e+02,3.062320556640625000e+02,3.062248229980468750e+02,3.062231750488281250e+02,3.062247924804687500e+02,3.062311706542968750e+02,3.062348327636718750e+02,3.062403259277343750e+02,3.062481384277343750e+02,3.062556152343750000e+02,3.062679443359375000e+02,3.062782897949218750e+02,3.062886657714843750e+02,3.062979125976562500e+02,3.063108520507812500e+02,3.063267517089843750e+02,3.063366088867187500e+02,3.063475952148437500e+02,3.063608703613281250e+02,3.063873291015625000e+02,3.064171142578125000e+02,3.064547119140625000e+02,3.064879455566406250e+02,3.065108032226562500e+02,3.065297546386718750e+02,3.065270996093750000e+02,3.064595947265625000e+02,3.063814697265625000e+02,3.062994079589843750e+02,3.061976928710937500e+02,3.060890808105468750e+02,3.059652709960937500e+02,3.057730407714843750e+02,3.055438842773437500e+02,3.053002929687500000e+02,3.050502014160156250e+02,3.047966003417968750e+02,3.045133666992187500e+02,3.042732543945312500e+02,3.041091308593750000e+02,3.040139770507812500e+02,3.040038146972656250e+02,3.039629516601562500e+02,3.038863220214843750e+02,3.038025207519531250e+02,3.037521667480468750e+02,3.037489013671875000e+02,3.038064575195312500e+02,3.038716430664062500e+02,3.038801879882812500e+02,3.038374023437500000e+02,3.037286071777343750e+02,3.034840087890625000e+02,3.031473693847656250e+02,3.027543945312500000e+02,3.022625122070312500e+02,3.018627014160156250e+02,3.017175903320312500e+02,3.017520751953125000e+02,3.017095947265625000e+02,3.016306457519531250e+02,3.014779968261718750e+02,3.011761169433593750e+02,3.008008422851562500e+02,3.004684753417968750e+02,3.002890625000000000e+02,3.000294799804687500e+02,2.997040405273437500e+02,2.996406250000000000e+02,2.997863464355468750e+02,2.999154663085937500e+02,2.997173156738281250e+02,2.992716064453125000e+02,2.987782287597656250e+02,2.983126220703125000e+02,2.978474426269531250e+02,2.973490600585937500e+02,2.968359375000000000e+02,2.964416809082031250e+02,2.963070678710937500e+02,2.961535644531250000e+02,2.959337463378906250e+02,2.961127014160156250e+02,2.967144165039062500e+02,2.971687011718750000e+02,2.976012878417968750e+02,2.984093627929687500e+02,2.990708312988281250e+02,2.996412963867187500e+02,3.003330688476562500e+02,3.010462341308593750e+02,3.017025756835937500e+02,3.023169860839843750e+02,3.024803161621093750e+02,3.019892883300781250e+02,3.013044738769531250e+02,3.006104125976562500e+02,2.999637145996093750e+02,2.994653015136718750e+02,2.990697326660156250e+02,2.987537841796875000e+02,2.985045166015625000e+02,2.982568359375000000e+02,2.980497741699218750e+02,2.978701782226562500e+02,2.977394409179687500e+02,2.976432495117187500e+02,2.975174560546875000e+02,2.974755249023437500e+02,2.975667114257812500e+02,2.975863342285156250e+02,2.975845336914062500e+02,2.977508850097656250e+02,2.980104980468750000e+02,2.985500488281250000e+02,2.989853515625000000e+02,2.976867980957031250e+02,2.955662231445312500e+02,2.953031616210937500e+02,2.961557006835937500e+02,2.978256530761718750e+02,3.003513793945312500e+02,3.032125549316406250e+02,3.046682739257812500e+02,3.048905029296875000e+02,3.028656311035156250e+02,3.023885498046875000e+02,3.039232788085937500e+02,3.051273193359375000e+02,3.049577941894531250e+02,3.051437072753906250e+02,nan,nan,nan,nan,nan,nan,nan,nan,nan,nan,nan,nan,nan,nan,nan,nan,nan,nan,nan,nan,nan,nan,nan,nan
3.065149230957031250e+02,3.064625854492187500e+02,3.063955993652343750e+02,3.063338623046875000e+02,3.062923278808593750e+02,3.062697448730468750e+02,3.062612304687500000e+02,3.062662963867187500e+02,3.062729492187500000e+02,3.062813720703125000e+02,3.062894592285156250e+02,3.062935485839843750e+02,3.063008422851562500e+02,3.063093261718750000e+02,3.063183288574218750e+02,3.063272399902343750e+02,3.063340148925781250e+02,3.063394470214843750e+02,3.063419799804687500e+02,3.063492736816406250e+02,3.063518066406250000e+02,3.063543090820312500e+02,3.063599853515625000e+02,3.063700256347656250e+02,3.063884887695312500e+02,3.064028320312500000e+02,3.064189758300781250e+02,3.064185180664062500e+02,3.064125976562500000e+02,3.064049987792968750e+02,3.063716430664062500e+02,3.063067016601562500e+02,3.062532348632812500e+02,3.061927490234375000e+02,3.061029663085937500e+02,3.060064697265625000e+02,3.058876037597656250e+02,3.057069091796875000e+02,3.055334777832031250e+02,3.053773803710937500e+02,3.052073669433593750e+02,3.050006408691406250e+02,3.047677307128906250e+02,3.046229248046875000e+02,3.045019531250000000e+02,3.044171142578125000e+02,3.043289184570312500e+02,3.041821899414062500e+02,3.039957580566406250e+02,3.038423461914062500e+02,3.037551269531250000e+02,3.037495422363281250e+02,3.037344970703125000e+02,3.037125244140625000e+02,3.036392822265625000e+02,3.035132446289062500e+02,3.033175354003906250e+02,3.029685668945312500e+02,3.024483947753906250e+02,3.018977355957031250e+02,3.012552185058593750e+02,3.007945251464843750e+02,3.007314758300781250e+02,3.006580200195312500e+02,3.005103454589843750e+02,3.001760253906250000e+02,2.997623596191406250e+02,2.993558654785156250e+02,2.990287170410156250e+02,2.988545532226562500e+02,2.987518615722656250e+02,2.985698547363281250e+02,2.985845336914062500e+02,2.988254394531250000e+02,2.992478027343750000e+02,2.995269470214843750e+02,2.993914184570312500e+02,2.991454772949218750e+02,2.988857727050781250e+02,2.987399597167968750e+02,2.986855468750000000e+02,2.986148071289062500e+02,2.985510253906250000e+02,2.987055664062500000e+02,2.988021545410156250e+02,2.985460205078125000e+02,2.982973327636718750e+02,2.984481811523437500e+02,2.989591674804687500e+02,2.992773132324218750e+02,2.996550292968750000e+02,3.001434936523437500e+02,3.004718627929687500e+02,3.008322143554687500e+02,3.013152160644531250e+02,3.017723388671875000e+02,3.021580200195312500e+02,3.024020385742187500e+02,3.019879760742187500e+02,3.012361755371093750e+02,3.004587097167968750e+02,2.996742553710937500e+02,2.990402832031250000e+02,2.986272888183593750e+02,2.983569030761718750e+02,2.981618957519531250e+02,2.980045166015625000e+02,2.978372192382812500e+02,2.976894531250000000e+02,2.975687255859375000e+02,2.974538574218750000e+02,2.973225402832031250e+02,2.971887817382812500e+02,2.971549987792968750e+02,2.971305847167968750e+02,2.970763549804687500e+02,2.970163574218750000e+02,2.970770263671875000e+02,2.972470092773437500e+02,2.977155151367187500e+02,2.976833190917968750e+02,2.956665649414062500e+02,2.940519714355468750e+02,2.943567810058593750e+02,2.958080444335937500e+02,2.975842895507812500e+02,2.997332763671875000e+02,3.009211120605468750e+02,3.015069274902343750e+02,3.015184936523437500e+02,3.012543640136718750e+02,3.023551025390625000e+02,3.036651000976562500e+02,3.045719909667968750e+02,3.048733215332031250e+02,3.051284179687500000e+02,nan,nan,nan,nan,nan,nan,nan,nan,nan,nan,nan,nan,nan,nan,nan,nan,nan,nan,nan,nan,nan,nan,nan,nan
3.065178833007812500e+02,3.064541015625000000e+02,3.063811035156250000e+02,3.063331604003906250e+02,3.063109436035156250e+02,3.063060913085937500e+02,3.063119506835937500e+02,3.063266906738281250e+02,3.063361511230468750e+02,3.063446044921875000e+02,3.063500366210937500e+02,3.063534545898437500e+02,3.063606262207031250e+02,3.063659057617187500e+02,3.063711547851562500e+02,3.063771057128906250e+02,3.063796997070312500e+02,3.063789978027343750e+02,3.063741149902343750e+02,3.063731079101562500e+02,3.063683776855468750e+02,3.063672485351562500e+02,3.063693542480468750e+02,3.063714599609375000e+02,3.063750305175781250e+02,3.063743896484375000e+02,3.063674926757812500e+02,3.063507995605468750e+02,3.063295593261718750e+02,3.063093261718750000e+02,3.062690429687500000e+02,3.062178344726562500e+02,3.061675720214843750e+02,3.061108398437500000e+02,3.060124206542968750e+02,3.059183959960937500e+02,3.058099060058593750e+02,3.056629638671875000e+02,3.055335693359375000e+02,3.054339904785156250e+02,3.053088989257812500e+02,3.051278076171875000e+02,3.049660034179687500e+02,3.048489685058593750e+02,3.046810607910156250e+02,3.045368652343750000e+02,3.043805541992187500e+02,3.041356201171875000e+02,3.038915100097656250e+02,3.037352600097656250e+02,3.036843261718750000e+02,3.036664428710937500e+02,3.035867614746093750e+02,3.035253295898437500e+02,3.034351196289062500e+02,3.033010253906250000e+02,3.030766601562500000e+02,3.026151123046875000e+02,3.020550537109375000e+02,3.014040222167968750e+02,3.006478881835937500e+02,3.002743835449218750e+02,3.003575744628906250e+02,3.002368469238281250e+02,2.998968200683593750e+02,2.992765502929687500e+02,2.986891479492187500e+02,2.982147827148437500e+02,2.979776306152343750e+02,2.978607788085937500e+02,2.978740539550781250e+02,2.980301208496093750e+02,2.983834838867187500e+02,2.990007629394531250e+02,2.996846923828125000e+02,3.000738220214843750e+02,3.000825195312500000e+02,3.000421752929687500e+02,3.000643310546875000e+02,3.003055114746093750e+02,3.007391357421875000e+02,3.010794372558593750e+02,3.015417480468750000e+02,3.021112976074218750e+02,3.021458129882812500e+02,3.017485351562500000e+02,3.014853820800781250e+02,3.016354064941406250e+02,3.018282165527343750e+02,3.018578186035156250e+02,3.019273071289062500e+02,3.019233398437500000e+02,3.019486083984375000e+02,3.020682678222656250e+02,3.022308959960937500e+02,3.023114624023437500e+02,3.022209167480468750e+02,3.018810424804687500e+02,3.010106506347656250e+02,3.001208190917968750e+02,2.991801757812500000e+02,2.983189086914062500e+02,2.977630004882812500e+02,2.974930114746093750e+02,2.973474121093750000e+02,2.972640686035156250e+02,2.971889343261718750e+02,2.970874938964843750e+02,2.970014648437500000e+02,2.969099731445312500e+02,2.967851257324218750e+02,2.966513061523437500e+02,2.965223388671875000e+02,2.964463500976562500e+02,2.963739013671875000e+02,2.963182678222656250e+02,2.962765197753906250e+02,2.962333984375000000e+02,2.962987670898437500e+02,2.965849914550781250e+02,2.960598754882812500e+02,2.941989135742187500e+02,2.934082031250000000e+02,2.945823974609375000e+02,2.962185363769531250e+02,2.974905090332031250e+02,2.983503417968750000e+02,2.984679260253906250e+02,2.989046325683593750e+02,2.995176086425781250e+02,3.004993591308593750e+02,3.018290710449218750e+02,3.031020202636718750e+02,3.038716735839843750e+02,3.047495727539062500e+02,3.054302673339843750e+02,3.041727600097656250e+02,nan,nan,nan,nan,nan,nan,nan,nan,nan,nan,nan,nan,nan,nan,nan,nan,nan,nan,nan,nan,nan,nan,nan
3.065161743164062500e+02,3.064448852539062500e+02,3.063879699707031250e+02,3.063669433593750000e+02,3.063648376464843750e+02,3.063708190917968750e+02,3.063854980468750000e+02,3.063979797363281250e+02,3.064019775390625000e+02,3.064053955078125000e+02,3.064066467285156250e+02,3.064079895019531250e+02,3.064118041992187500e+02,3.064139404296875000e+02,3.064180297851562500e+02,3.064181213378906250e+02,3.064137573242187500e+02,3.064079895019531250e+02,3.064008789062500000e+02,3.063969726562500000e+02,3.063917846679687500e+02,3.063872070312500000e+02,3.063842163085937500e+02,3.063807983398437500e+02,3.063752746582031250e+02,3.063656311035156250e+02,3.063506164550781250e+02,3.063335876464843750e+02,3.063128356933593750e+02,3.062814941406250000e+02,3.062369384765625000e+02,3.061607055664062500e+02,3.060803833007812500e+02,3.059830322265625000e+02,3.058676757812500000e+02,3.057717895507812500e+02,3.056601257324218750e+02,3.055228881835937500e+02,3.054182128906250000e+02,3.053201293945312500e+02,3.051870727539062500e+02,3.050124816894531250e+02,3.048641662597656250e+02,3.046831970214843750e+02,3.044809875488281250e+02,3.043344421386718750e+02,3.041451721191406250e+02,3.038934020996093750e+02,3.037045593261718750e+02,3.036223449707031250e+02,3.036231689453125000e+02,3.036062316894531250e+02,3.035651245117187500e+02,3.035727539062500000e+02,3.035859985351562500e+02,3.035424804687500000e+02,3.033411865234375000e+02,3.029891052246093750e+02,3.026555175781250000e+02,3.021345825195312500e+02,3.016868591308593750e+02,3.018287658691406250e+02,3.021228942871093750e+02,3.021864929199218750e+02,3.020160522460937500e+02,3.016632080078125000e+02,3.014184570312500000e+02,3.012892150878906250e+02,3.013040161132812500e+02,3.013958435058593750e+02,3.015691833496093750e+02,3.021151428222656250e+02,3.027079467773437500e+02,3.033751525878906250e+02,3.039226684570312500e+02,3.040329284667968750e+02,3.039001159667968750e+02,3.038155822753906250e+02,3.038563232421875000e+02,3.041054077148437500e+02,3.043808898925781250e+02,3.046537780761718750e+02,3.052823791503906250e+02,3.056717834472656250e+02,3.054355468750000000e+02,3.049060058593750000e+02,3.047227172851562500e+02,3.048996276855468750e+02,3.049124755859375000e+02,3.047974853515625000e+02,3.046594848632812500e+02,3.044894409179687500e+02,3.043329772949218750e+02,3.042298278808593750e+02,3.040282592773437500e+02,3.037905273437500000e+02,3.033839416503906250e+02,3.025272216796875000e+02,3.011713562011718750e+02,2.998476562500000000e+02,2.984998779296875000e+02,2.975197448730468750e+02,2.969673461914062500e+02,2.967348937988281250e+02,2.966120300292968750e+02,2.965240783691406250e+02,2.964252319335937500e+02,2.963274841308593750e+02,2.962366027832031250e+02,2.961340332031250000e+02,2.960110778808593750e+02,2.958951416015625000e+02,2.957965087890625000e+02,2.957259826660156250e+02,2.956620788574218750e+02,2.956073608398437500e+02,2.955699157714843750e+02,2.955229797363281250e+02,2.955045166015625000e+02,2.956541442871093750e+02,2.950789184570312500e+02,2.937728271484375000e+02,2.945970153808593750e+02,2.958554687500000000e+02,2.968697814941406250e+02,2.975488281250000000e+02,2.975806274414062500e+02,2.975654907226562500e+02,2.980790405273437500e+02,2.990087280273437500e+02,3.004259948730468750e+02,3.016933898925781250e+02,3.026869201660156250e+02,3.032877807617187500e+02,3.040252075195312500e+02,3.043471069335937500e+02,3.021173095703125000e+02,3.016932678222656250e+02,nan,nan,nan,nan,nan,nan,nan,nan,nan,nan,nan,nan,nan,nan,nan,nan,nan,nan,nan,nan,nan,nan
3.065170898437500000e+02,3.064541320800781250e+02,3.064291381835937500e+02,3.064296875000000000e+02,3.064383850097656250e+02,3.064500732421875000e+02,3.064625854492187500e+02,3.064648437500000000e+02,3.064632263183593750e+02,3.064615173339843750e+02,3.064580993652343750e+02,3.064567871093750000e+02,3.064560852050781250e+02,3.064570007324218750e+02,3.064559631347656250e+02,3.064448242187500000e+02,3.064385375976562500e+02,3.064304504394531250e+02,3.064255981445312500e+02,3.064210815429687500e+02,3.064127502441406250e+02,3.064042663574218750e+02,3.063968505859375000e+02,3.063887329101562500e+02,3.063771362304687500e+02,3.063611145019531250e+02,3.063447265625000000e+02,3.063267517089843750e+02,3.063052062988281250e+02,3.062652893066406250e+02,3.062054748535156250e+02,3.060819396972656250e+02,3.059755249023437500e+02,3.058604431152343750e+02,3.057487487792968750e+02,3.056599426269531250e+02,3.055503540039062500e+02,3.054365539550781250e+02,3.053550720214843750e+02,3.052449035644531250e+02,3.050984191894531250e+02,3.049205627441406250e+02,3.047469482421875000e+02,3.045459289550781250e+02,3.043492431640625000e+02,3.042155761718750000e+02,3.040371093750000000e+02,3.038550415039062500e+02,3.037548522949218750e+02,3.037642517089843750e+02,3.038124084472656250e+02,3.038554687500000000e+02,3.039533996582031250e+02,3.040973510742187500e+02,3.042412719726562500e+02,3.042494201660156250e+02,3.041348266601562500e+02,3.040126342773437500e+02,3.038673706054687500e+02,3.036882934570312500e+02,3.038418273925781250e+02,3.044072875976562500e+02,3.047649841308593750e+02,3.050588989257812500e+02,3.052255249023437500e+02,3.053051147460937500e+02,3.054509582519531250e+02,3.057126159667968750e+02,3.060185241699218750e+02,3.062810668945312500e+02,3.066040344238281250e+02,3.073402709960937500e+02,3.079046936035156250e+02,3.082629089355468750e+02,3.084429626464843750e+02,3.081696777343750000e+02,3.078804626464843750e+02,3.077187805175781250e+02,3.076581115722656250e+02,3.076327514648437500e+02,3.075465698242187500e+02,3.076884765625000000e+02,3.081060485839843750e+02,3.081307678222656250e+02,3.076769409179687500e+02,3.072001953125000000e+02,3.071581115722656250e+02,3.073380432128906250e+02,3.073263549804687500e+02,3.072545776367187500e+02,3.071463317871093750e+02,3.070832519531250000e+02,3.069754943847656250e+02,3.067168884277343750e+02,3.063287963867187500e+02,3.059821777343750000e+02,3.055067749023437500e+02,3.042680053710937500e+02,3.025891418457031250e+02,3.008908996582031250e+02,2.994119873046875000e+02,2.984190063476562500e+02,2.978580017089843750e+02,2.975584106445312500e+02,2.973102111816406250e+02,2.970682067871093750e+02,2.968310241699218750e+02,2.966490173339843750e+02,2.964663391113281250e+02,2.962700805664062500e+02,2.961003417968750000e+02,2.959564819335937500e+02,2.958422241210937500e+02,2.957418212890625000e+02,2.956328430175781250e+02,2.955242919921875000e+02,2.954436340332031250e+02,2.953540039062500000e+02,2.953274841308593750e+02,2.954280090332031250e+02,2.949637756347656250e+02,2.946688537597656250e+02,2.966829528808593750e+02,2.970344238281250000e+02,2.974173278808593750e+02,2.976012878417968750e+02,2.974344177246093750e+02,2.975177917480468750e+02,2.982690124511718750e+02,2.995058288574218750e+02,3.009471130371093750e+02,3.017479858398437500e+02,3.021933898925781250e+02,3.023442687988281250e+02,3.025827026367187500e+02,3.024179687500000000e+02,3.012676391601562500e+02,3.003976135253906250e+02,nan,nan,nan,nan,nan,nan,nan,nan,nan,nan,nan,nan,nan,nan,nan,nan,nan,nan,nan,nan,nan,nan
3.065470275878906250e+02,3.065076599121093750e+02,3.065019226074218750e+02,3.065069885253906250e+02,3.065159606933593750e+02,3.065232849121093750e+02,3.065249633789062500e+02,3.065187072753906250e+02,3.065129394531250000e+02,3.065055541992187500e+02,3.064979248046875000e+02,3.064935607910156250e+02,3.064874877929687500e+02,3.064828186035156250e+02,3.064720458984375000e+02,3.064599609375000000e+02,3.064585571289062500e+02,3.064502258300781250e+02,3.064432678222656250e+02,3.064333496093750000e+02,3.064201354980468750e+02,3.064116821289062500e+02,3.064026184082031250e+02,3.063915405273437500e+02,3.063764953613281250e+02,3.063554687500000000e+02,3.063373413085937500e+02,3.063163452148437500e+02,3.062875976562500000e+02,3.062424011230468750e+02,3.061657714843750000e+02,3.060528564453125000e+02,3.059786682128906250e+02,3.058883056640625000e+02,3.057968139648437500e+02,3.057231750488281250e+02,3.056231079101562500e+02,3.055309753417968750e+02,3.054404296875000000e+02,3.053190917968750000e+02,3.051600646972656250e+02,3.049962768554687500e+02,3.048400573730468750e+02,3.046692810058593750e+02,3.045333862304687500e+02,3.044642028808593750e+02,3.043743286132812500e+02,3.043019409179687500e+02,3.043307495117187500e+02,3.044454650878906250e+02,3.046204833984375000e+02,3.048583679199218750e+02,3.051007690429687500e+02,3.053414306640625000e+02,3.054944763183593750e+02,3.054738464355468750e+02,3.054170532226562500e+02,3.053663635253906250e+02,3.053139648437500000e+02,3.054425354003906250e+02,3.058915710449218750e+02,3.064442443847656250e+02,3.067494506835937500e+02,3.071153259277343750e+02,3.073206176757812500e+02,3.074110107421875000e+02,3.075896911621093750e+02,3.079131774902343750e+02,3.082742309570312500e+02,3.085149536132812500e+02,3.090210571289062500e+02,3.097023315429687500e+02,3.099555358886718750e+02,3.100068664550781250e+02,3.099034729003906250e+02,3.095971374511718750e+02,3.093813781738281250e+02,3.093344116210937500e+02,3.092485656738281250e+02,3.090895385742187500e+02,3.089684753417968750e+02,3.091012878417968750e+02,3.093491516113281250e+02,3.092592163085937500e+02,3.087735900878906250e+02,3.084278869628906250e+02,3.084659118652343750e+02,3.086204223632812500e+02,3.087505493164062500e+02,3.088444519042968750e+02,3.088547363281250000e+02,3.088854064941406250e+02,3.088545532226562500e+02,3.084194946289062500e+02,3.079341125488281250e+02,3.075643310546875000e+02,3.069083251953125000e+02,3.054060363769531250e+02,3.037827148437500000e+02,3.022447814941406250e+02,3.010599365234375000e+02,3.002430725097656250e+02,2.997280578613281250e+02,2.993093566894531250e+02,2.989046020507812500e+02,2.985058593750000000e+02,2.981235046386718750e+02,2.978016967773437500e+02,2.975053710937500000e+02,2.972034912109375000e+02,2.969625854492187500e+02,2.967341918945312500e+02,2.965397033691406250e+02,2.963550720214843750e+02,2.961824340820312500e+02,2.960231933593750000e+02,2.958876647949218750e+02,2.957754211425781250e+02,2.957680053710937500e+02,2.958246154785156250e+02,2.955539550781250000e+02,2.965004272460937500e+02,2.977087402343750000e+02,2.977629394531250000e+02,2.978762512207031250e+02,2.978773498535156250e+02,2.979445190429687500e+02,2.983410034179687500e+02,2.994410095214843750e+02,3.009007873535156250e+02,3.018479919433593750e+02,3.018851928710937500e+02,3.017770385742187500e+02,3.015878295898437500e+02,3.015584106445312500e+02,3.012049255371093750e+02,2.999355773925781250e+02,2.987548828125000000e+02,2.985908203125000000e+02,nan,nan,nan,nan,nan,nan,nan,nan,nan,nan,nan,nan,nan,nan,nan,nan,nan,nan,nan,nan,nan
3.065960083007812500e+02,3.065802001953125000e+02,3.065801086425781250e+02,3.065822448730468750e+02,3.065809631347656250e+02,3.065768432617187500e+02,3.065682983398437500e+02,3.065552368164062500e+02,3.065454711914062500e+02,3.065336303710937500e+02,3.065242004394531250e+02,3.065153808593750000e+02,3.065029296875000000e+02,3.064930419921875000e+02,3.064801635742187500e+02,3.064763793945312500e+02,3.064736633300781250e+02,3.064596557617187500e+02,3.064465942382812500e+02,3.064318237304687500e+02,3.064196777343750000e+02,3.064132690429687500e+02,3.064049987792968750e+02,3.063923950195312500e+02,3.063731689453125000e+02,3.063493347167968750e+02,3.063281250000000000e+02,3.063047485351562500e+02,3.062624816894531250e+02,3.062181396484375000e+02,3.061558837890625000e+02,3.061120300292968750e+02,3.060793151855468750e+02,3.060096740722656250e+02,3.059356384277343750e+02,3.058632202148437500e+02,3.057457885742187500e+02,3.056471557617187500e+02,3.055433044433593750e+02,3.054235229492187500e+02,3.052851257324218750e+02,3.051676025390625000e+02,3.050459594726562500e+02,3.049290771484375000e+02,3.049255371093750000e+02,3.049667968750000000e+02,3.049922790527343750e+02,3.050351867675781250e+02,3.051825256347656250e+02,3.054188232421875000e+02,3.057800292968750000e+02,3.061941528320312500e+02,3.064280395507812500e+02,3.066152038574218750e+02,3.066552124023437500e+02,3.065676269531250000e+02,3.065059814453125000e+02,3.064564819335937500e+02,3.065064697265625000e+02,3.068030395507812500e+02,3.072448730468750000e+02,3.076221313476562500e+02,3.078241882324218750e+02,3.080952148437500000e+02,3.082058715820312500e+02,3.082133178710937500e+02,3.083729248046875000e+02,3.086626892089843750e+02,3.090122680664062500e+02,3.093175354003906250e+02,3.099975585937500000e+02,3.104393920898437500e+02,3.102568359375000000e+02,3.101710205078125000e+02,3.100418701171875000e+02,3.098622131347656250e+02,3.098007812500000000e+02,3.098317260742187500e+02,3.097040100097656250e+02,3.095629272460937500e+02,3.095714416503906250e+02,3.096944885253906250e+02,3.098919067382812500e+02,3.097262573242187500e+02,3.093374633789062500e+02,3.090598449707031250e+02,3.090916137695312500e+02,3.092832946777343750e+02,3.095660400390625000e+02,3.097368774414062500e+02,3.097800903320312500e+02,3.097294311523437500e+02,3.095036926269531250e+02,3.088470458984375000e+02,3.083239135742187500e+02,3.079010314941406250e+02,3.069139404296875000e+02,3.054929504394531250e+02,3.041973876953125000e+02,3.031005859375000000e+02,3.022543945312500000e+02,3.016501159667968750e+02,3.011691894531250000e+02,3.006899414062500000e+02,3.002138977050781250e+02,2.997350769042968750e+02,2.992870788574218750e+02,2.988710632324218750e+02,2.984955749511718750e+02,2.981559448242187500e+02,2.978480834960937500e+02,2.975355834960937500e+02,2.972676086425781250e+02,2.970311889648437500e+02,2.968309936523437500e+02,2.966422729492187500e+02,2.964821777343750000e+02,2.963706359863281250e+02,2.963415222167968750e+02,2.963439025878906250e+02,2.964081726074218750e+02,2.972279663085937500e+02,2.971153259277343750e+02,2.974940490722656250e+02,2.984032287597656250e+02,2.981613769531250000e+02,2.984346313476562500e+02,2.993156127929687500e+02,3.005820922851562500e+02,3.017132263183593750e+02,3.017431945800781250e+02,3.013351745605468750e+02,3.010019531250000000e+02,3.007673339843750000e+02,3.006654663085937500e+02,3.001467590332031250e+02,2.991392822265625000e+02,2.981950073242187500e+02,2.979148254394531250e+02,nan,nan,nan,nan,nan,nan,nan,nan,nan,nan,nan,nan,nan,nan,nan,nan,nan,nan,nan,nan,nan
3.066281738281250000e+02,3.066238098144531250e+02,3.066244506835937500e+02,3.066187133789062500e+02,3.066097106933593750e+02,3.066006164550781250e+02,3.065857543945312500e+02,3.065716247558593750e+02,3.065616455078125000e+02,3.065481262207031250e+02,3.065371093750000000e+02,3.065226135253906250e+02,3.065097045898437500e+02,3.065013732910156250e+02,3.064913330078125000e+02,3.064880371093750000e+02,3.064759826660156250e+02,3.064601745605468750e+02,3.064479980468750000e+02,3.064344787597656250e+02,3.064258728027343750e+02,3.064202270507812500e+02,3.064108886718750000e+02,3.063945312500000000e+02,3.063690490722656250e+02,3.063425598144531250e+02,3.063169555664062500e+02,3.062894287109375000e+02,3.062429809570312500e+02,3.062113952636718750e+02,3.061733093261718750e+02,3.061481933593750000e+02,3.061038818359375000e+02,3.060356140136718750e+02,3.059660644531250000e+02,3.058635253906250000e+02,3.057509155273437500e+02,3.056710510253906250e+02,3.055894165039062500e+02,3.054978637695312500e+02,3.054004821777343750e+02,3.053141784667968750e+02,3.052346801757812500e+02,3.052026672363281250e+02,3.052765502929687500e+02,3.053746337890625000e+02,3.054439086914062500e+02,3.055600891113281250e+02,3.057968139648437500e+02,3.061085815429687500e+02,3.065740356445312500e+02,3.068392333984375000e+02,3.068772888183593750e+02,3.069258422851562500e+02,3.068793334960937500e+02,3.067717285156250000e+02,3.067536926269531250e+02,3.067966918945312500e+02,3.070291137695312500e+02,3.073761596679687500e+02,3.077200317382812500e+02,3.078898315429687500e+02,3.080689086914062500e+02,3.084045410156250000e+02,3.085578613281250000e+02,3.086577758789062500e+02,3.089135131835937500e+02,3.092502746582031250e+02,3.096470947265625000e+02,3.100584106445312500e+02,3.106295776367187500e+02,3.105549926757812500e+02,3.102885437011718750e+02,3.103658447265625000e+02,3.102982177734375000e+02,3.101802062988281250e+02,3.102239074707031250e+02,3.101948547363281250e+02,3.100274047851562500e+02,3.099575805664062500e+02,3.099569091796875000e+02,3.100007019042968750e+02,3.101017456054687500e+02,3.099700927734375000e+02,3.095998535156250000e+02,3.093569946289062500e+02,3.093245849609375000e+02,3.094654235839843750e+02,3.096993713378906250e+02,3.097992858886718750e+02,3.097216186523437500e+02,3.095280151367187500e+02,3.090771179199218750e+02,3.084944763183593750e+02,3.081242980957031250e+02,3.075800170898437500e+02,3.065726928710937500e+02,3.054347839355468750e+02,3.044342956542968750e+02,3.035916137695312500e+02,3.029595642089843750e+02,3.024444580078125000e+02,3.019591369628906250e+02,3.014655151367187500e+02,3.009678649902343750e+02,3.004711303710937500e+02,3.000176391601562500e+02,2.995881652832031250e+02,2.991823120117187500e+02,2.988411254882812500e+02,2.984847106933593750e+02,2.981563110351562500e+02,2.978795776367187500e+02,2.976443786621093750e+02,2.974292602539062500e+02,2.972195129394531250e+02,2.970630187988281250e+02,2.969620056152343750e+02,2.969129943847656250e+02,2.969126281738281250e+02,2.969855041503906250e+02,2.971447448730468750e+02,2.969284362792968750e+02,2.980207214355468750e+02,2.989500732421875000e+02,2.981928710937500000e+02,2.984997863769531250e+02,2.996866455078125000e+02,3.007481994628906250e+02,3.011819458007812500e+02,3.008985290527343750e+02,3.005397033691406250e+02,3.003402709960937500e+02,3.002375183105468750e+02,3.000793151855468750e+02,2.996650695800781250e+02,2.989505004882812500e+02,2.975408935546875000e+02,2.970942382812500000e+02,nan,nan,nan,nan,nan,nan,nan,nan,nan,nan,nan,nan,nan,nan,nan,nan,nan,nan,nan,nan,nan
3.066464538574218750e+02,3.066437683105468750e+02,3.066396789550781250e+02,3.066285705566406250e+02,3.066184082031250000e+02,3.066078186035156250e+02,3.065929870605468750e+02,3.065834960937500000e+02,3.065728759765625000e+02,3.065561523437500000e+02,3.065421752929687500e+02,3.065285644531250000e+02,3.065209350585937500e+02,3.065127563476562500e+02,3.065018310546875000e+02,3.064911804199218750e+02,3.064783325195312500e+02,3.064680175781250000e+02,3.064573974609375000e+02,3.064474487304687500e+02,3.064403991699218750e+02,3.064325256347656250e+02,3.064188232421875000e+02,3.063957824707031250e+02,3.063658752441406250e+02,3.063370666503906250e+02,3.063063049316406250e+02,3.062737731933593750e+02,3.062341613769531250e+02,3.062023315429687500e+02,3.061571044921875000e+02,3.061092834472656250e+02,3.060545043945312500e+02,3.059905700683593750e+02,3.058984985351562500e+02,3.057927856445312500e+02,3.057529907226562500e+02,3.057020874023437500e+02,3.056441650390625000e+02,3.055861511230468750e+02,3.055150146484375000e+02,3.054525756835937500e+02,3.054108886718750000e+02,3.054275512695312500e+02,3.054891967773437500e+02,3.055859375000000000e+02,3.056914672851562500e+02,3.058909912109375000e+02,3.061696472167968750e+02,3.064743957519531250e+02,3.067492065429687500e+02,3.066456298828125000e+02,3.065570373535156250e+02,3.065655517578125000e+02,3.065419006347656250e+02,3.065217895507812500e+02,3.066289672851562500e+02,3.068716735839843750e+02,3.071980590820312500e+02,3.074831848144531250e+02,3.077360229492187500e+02,3.078849182128906250e+02,3.082602844238281250e+02,3.086367492675781250e+02,3.088542785644531250e+02,3.091413574218750000e+02,3.095167846679687500e+02,3.099019165039062500e+02,3.103173522949218750e+02,3.106842346191406250e+02,3.108329162597656250e+02,3.106052246093750000e+02,3.106360168457031250e+02,3.107183532714843750e+02,3.105988464355468750e+02,3.105607604980468750e+02,3.105378417968750000e+02,3.104151000976562500e+02,3.102799072265625000e+02,3.101993713378906250e+02,3.100767211914062500e+02,3.100732116699218750e+02,3.101417541503906250e+02,3.100314331054687500e+02,3.096843872070312500e+02,3.093671264648437500e+02,3.091348876953125000e+02,3.091246948242187500e+02,3.091999816894531250e+02,3.091809692382812500e+02,3.089812622070312500e+02,3.087392883300781250e+02,3.083689575195312500e+02,3.080927429199218750e+02,3.077850036621093750e+02,3.072039794921875000e+02,3.063718261718750000e+02,3.054376525878906250e+02,3.045861206054687500e+02,3.038260498046875000e+02,3.032544860839843750e+02,3.027155761718750000e+02,3.022343139648437500e+02,3.017360839843750000e+02,3.012371215820312500e+02,3.007581176757812500e+02,3.003352966308593750e+02,2.999458007812500000e+02,2.995719299316406250e+02,2.992156677246093750e+02,2.988866271972656250e+02,2.986096801757812500e+02,2.983555908203125000e+02,2.981292114257812500e+02,2.979067993164062500e+02,2.977033996582031250e+02,2.975740356445312500e+02,2.975081787109375000e+02,2.974870300292968750e+02,2.975123596191406250e+02,2.975619506835937500e+02,2.976493530273437500e+02,2.977745971679687500e+02,2.983973693847656250e+02,2.978073120117187500e+02,2.971041259765625000e+02,2.979352722167968750e+02,2.993366394042968750e+02,3.001834716796875000e+02,3.003655700683593750e+02,3.002063293457031250e+02,3.000486755371093750e+02,3.000670166015625000e+02,3.000700988769531250e+02,2.999888000488281250e+02,2.997474060058593750e+02,2.991724548339843750e+02,2.979356689453125000e+02,2.962646179199218750e+02,2.963184204101562500e+02,nan,nan,nan,nan,nan,nan,nan,nan,nan,nan,nan,nan,nan,nan,nan,nan,nan,nan,nan,nan
3.066637878417968750e+02,3.066588134765625000e+02,3.066505126953125000e+02,3.066387023925781250e+02,3.066272888183593750e+02,3.066162109375000000e+02,3.066037902832031250e+02,3.065942077636718750e+02,3.065765380859375000e+02,3.065586853027343750e+02,3.065469665527343750e+02,3.065373535156250000e+02,3.065310363769531250e+02,3.065187988281250000e+02,3.065063476562500000e+02,3.064967041015625000e+02,3.064885253906250000e+02,3.064806213378906250e+02,3.064721069335937500e+02,3.064644775390625000e+02,3.064566345214843750e+02,3.064449157714843750e+02,3.064247131347656250e+02,3.063963317871093750e+02,3.063652954101562500e+02,3.063342895507812500e+02,3.063020629882812500e+02,3.062656555175781250e+02,3.062271118164062500e+02,3.061877441406250000e+02,3.061429443359375000e+02,3.060966491699218750e+02,3.060351257324218750e+02,3.059609680175781250e+02,3.058436584472656250e+02,3.057861022949218750e+02,3.057941589355468750e+02,3.057577819824218750e+02,3.057080993652343750e+02,3.056608886718750000e+02,3.055980529785156250e+02,3.055390625000000000e+02,3.055143737792968750e+02,3.055370483398437500e+02,3.055940246582031250e+02,3.056987915039062500e+02,3.058660583496093750e+02,3.061231689453125000e+02,3.063524780273437500e+02,3.065412292480468750e+02,3.064899597167968750e+02,3.063338928222656250e+02,3.063574218750000000e+02,3.064587707519531250e+02,3.065466003417968750e+02,3.066772155761718750e+02,3.069275512695312500e+02,3.072604370117187500e+02,3.075166625976562500e+02,3.077441406250000000e+02,3.079493103027343750e+02,3.081923828125000000e+02,3.085309143066406250e+02,3.087810058593750000e+02,3.089946899414062500e+02,3.092905273437500000e+02,3.095809020996093750e+02,3.098964538574218750e+02,3.101711425781250000e+02,3.103143310546875000e+02,3.102506713867187500e+02,3.101507873535156250e+02,3.102135925292968750e+02,3.102347717285156250e+02,3.101651611328125000e+02,3.101093139648437500e+02,3.100228576660156250e+02,3.099244995117187500e+02,3.098551635742187500e+02,3.097284851074218750e+02,3.096474914550781250e+02,3.097016906738281250e+02,3.097797851562500000e+02,3.096683044433593750e+02,3.093463439941406250e+02,3.089234924316406250e+02,3.086445312500000000e+02,3.086027221679687500e+02,3.086033630371093750e+02,3.085128479003906250e+02,3.082615966796875000e+02,3.080090332031250000e+02,3.077373657226562500e+02,3.074460449218750000e+02,3.070389099121093750e+02,3.065127563476562500e+02,3.057644958496093750e+02,3.049847106933593750e+02,3.042007446289062500e+02,3.035088806152343750e+02,3.029543151855468750e+02,3.024922790527343750e+02,3.020895080566406250e+02,3.016307983398437500e+02,3.011817321777343750e+02,3.007664489746093750e+02,3.004080505371093750e+02,3.000708007812500000e+02,2.997348937988281250e+02,2.994164123535156250e+02,2.991611022949218750e+02,2.989344177246093750e+02,2.987034606933593750e+02,2.984937438964843750e+02,2.982878723144531250e+02,2.981151123046875000e+02,2.980216674804687500e+02,2.979968261718750000e+02,2.980077514648437500e+02,2.980516052246093750e+02,2.980988769531250000e+02,2.981788940429687500e+02,2.983009338378906250e+02,2.981113891601562500e+02,2.970188903808593750e+02,2.968925781250000000e+02,2.985457153320312500e+02,3.000402832031250000e+02,3.006184387207031250e+02,3.006272277832031250e+02,3.003652648925781250e+02,3.003412475585937500e+02,3.004543151855468750e+02,3.004843139648437500e+02,3.004983520507812500e+02,3.002847290039062500e+02,2.996106567382812500e+02,2.989231262207031250e+02,2.978373413085937500e+02,2.973615112304687500e+02,2.976346740722656250e+02,nan,nan,nan,nan,nan,nan,nan,nan,nan,nan,nan,nan,nan,nan,nan,nan,nan,nan,nan
3.066770324707031250e+02,3.066687316894531250e+02,3.066579589843750000e+02,3.066462402343750000e+02,3.066351623535156250e+02,3.066241760253906250e+02,3.066096191406250000e+02,3.065946655273437500e+02,3.065758972167968750e+02,3.065632934570312500e+02,3.065533447265625000e+02,3.065442810058593750e+02,3.065356140136718750e+02,3.065236206054687500e+02,3.065165100097656250e+02,3.065135192871093750e+02,3.065073242187500000e+02,3.064995727539062500e+02,3.064924316406250000e+02,3.064863281250000000e+02,3.064732055664062500e+02,3.064548645019531250e+02,3.064285583496093750e+02,3.063987426757812500e+02,3.063698730468750000e+02,3.063406372070312500e+02,3.063087768554687500e+02,3.062687377929687500e+02,3.062303466796875000e+02,3.061919860839843750e+02,3.061481018066406250e+02,3.060920410156250000e+02,3.060207824707031250e+02,3.059296264648437500e+02,3.058587951660156250e+02,3.058737487792968750e+02,3.058674621582031250e+02,3.058030700683593750e+02,3.057454528808593750e+02,3.056840820312500000e+02,3.055921630859375000e+02,3.055214233398437500e+02,3.055078430175781250e+02,3.055372314453125000e+02,3.056183471679687500e+02,3.057560424804687500e+02,3.059770812988281250e+02,3.061770324707031250e+02,3.063017883300781250e+02,3.063764953613281250e+02,3.063442077636718750e+02,3.064695434570312500e+02,3.066882324218750000e+02,3.069023742675781250e+02,3.070874633789062500e+02,3.073198547363281250e+02,3.075896301269531250e+02,3.078142089843750000e+02,3.079590454101562500e+02,3.081048278808593750e+02,3.082424926757812500e+02,3.083811035156250000e+02,3.084630126953125000e+02,3.085625000000000000e+02,3.086941223144531250e+02,3.088542785644531250e+02,3.089612121582031250e+02,3.091039428710937500e+02,3.091575622558593750e+02,3.091247558593750000e+02,3.090707092285156250e+02,3.090625000000000000e+02,3.091424865722656250e+02,3.091597900390625000e+02,3.090818176269531250e+02,3.089802856445312500e+02,3.089583740234375000e+02,3.089549865722656250e+02,3.089772033691406250e+02,3.089462890625000000e+02,3.090408630371093750e+02,3.091271972656250000e+02,3.091367797851562500e+02,3.089988403320312500e+02,3.086905517578125000e+02,3.083119201660156250e+02,3.081000671386718750e+02,3.081080322265625000e+02,3.080866699218750000e+02,3.079161376953125000e+02,3.075508422851562500e+02,3.071542968750000000e+02,3.067463989257812500e+02,3.063214111328125000e+02,3.058450622558593750e+02,3.053158569335937500e+02,3.046752624511718750e+02,3.040227050781250000e+02,3.033324890136718750e+02,3.027373657226562500e+02,3.023565368652343750e+02,3.020970458984375000e+02,3.017811889648437500e+02,3.013190612792968750e+02,3.009445495605468750e+02,3.005975646972656250e+02,3.002922363281250000e+02,3.000146789550781250e+02,2.997432556152343750e+02,2.995233764648437500e+02,2.993333435058593750e+02,2.991447143554687500e+02,2.989421997070312500e+02,2.987496337890625000e+02,2.985577392578125000e+02,2.984143676757812500e+02,2.983608093261718750e+02,2.983612670898437500e+02,2.983941345214843750e+02,2.984683227539062500e+02,2.985819396972656250e+02,2.987151794433593750e+02,2.988735656738281250e+02,2.987182617187500000e+02,2.979357299804687500e+02,2.988357543945312500e+02,3.013114013671875000e+02,3.028457031250000000e+02,3.022505493164062500e+02,3.014907531738281250e+02,3.009265136718750000e+02,3.010357971191406250e+02,3.012395629882812500e+02,3.012918090820312500e+02,3.013348083496093750e+02,3.010220947265625000e+02,3.003984985351562500e+02,3.001709594726562500e+02,2.995519714355468750e+02,2.993250732421875000e+02,2.984291076660156250e+02,nan,nan,nan,nan,nan,nan,nan,nan,nan,nan,nan,nan,nan,nan,nan,nan,nan,nan,nan
3.066873779296875000e+02,3.066763916015625000e+02,3.066657409667968750e+02,3.066533813476562500e+02,3.066430358886718750e+02,3.066271972656250000e+02,3.066115722656250000e+02,3.065973510742187500e+02,3.065830078125000000e+02,3.065721435546875000e+02,3.065611572265625000e+02,3.065539550781250000e+02,3.065465393066406250e+02,3.065397338867187500e+02,3.065374145507812500e+02,3.065363464355468750e+02,3.065304565429687500e+02,3.065209045410156250e+02,3.065167846679687500e+02,3.065061340332031250e+02,3.064850463867187500e+02,3.064635009765625000e+02,3.064362487792968750e+02,3.064085998535156250e+02,3.063809204101562500e+02,3.063507385253906250e+02,3.063135986328125000e+02,3.062725219726562500e+02,3.062325134277343750e+02,3.061918945312500000e+02,3.061426696777343750e+02,3.060782165527343750e+02,3.060117797851562500e+02,3.059439392089843750e+02,3.059238281250000000e+02,3.059304504394531250e+02,3.058652954101562500e+02,3.057786254882812500e+02,3.057348327636718750e+02,3.056427612304687500e+02,3.055555419921875000e+02,3.055286865234375000e+02,3.055584106445312500e+02,3.056437988281250000e+02,3.057797851562500000e+02,3.059743652343750000e+02,3.061777954101562500e+02,3.062881164550781250e+02,3.063596191406250000e+02,3.064422607421875000e+02,3.065947570800781250e+02,3.068446044921875000e+02,3.071008911132812500e+02,3.073079223632812500e+02,3.074920959472656250e+02,3.076737670898437500e+02,3.078309326171875000e+02,3.079201049804687500e+02,3.079715881347656250e+02,3.080406494140625000e+02,3.080720825195312500e+02,3.080598449707031250e+02,3.080182800292968750e+02,3.080579833984375000e+02,3.081534423828125000e+02,3.081747436523437500e+02,3.082144165039062500e+02,3.082716674804687500e+02,3.082174682617187500e+02,3.081799316406250000e+02,3.082348022460937500e+02,3.082884521484375000e+02,3.083645324707031250e+02,3.083412170410156250e+02,3.082612304687500000e+02,3.081971740722656250e+02,3.082575073242187500e+02,3.083687744140625000e+02,3.084619140625000000e+02,3.085815124511718750e+02,3.087191162109375000e+02,3.086864624023437500e+02,3.086260986328125000e+02,3.084512939453125000e+02,3.081480712890625000e+02,3.078218994140625000e+02,3.077072143554687500e+02,3.076586914062500000e+02,3.075250244140625000e+02,3.071552734375000000e+02,3.066670837402343750e+02,3.062098693847656250e+02,3.057151794433593750e+02,3.052451782226562500e+02,3.047638244628906250e+02,3.042587280273437500e+02,3.037424926757812500e+02,3.031723022460937500e+02,3.025412902832031250e+02,3.020990905761718750e+02,3.018409729003906250e+02,3.016511840820312500e+02,3.012269287109375000e+02,3.008018798828125000e+02,3.005711975097656250e+02,3.003175354003906250e+02,3.000801086425781250e+02,2.998786315917968750e+02,2.997083740234375000e+02,2.996014404296875000e+02,2.994756469726562500e+02,2.993102416992187500e+02,2.991278381347656250e+02,2.989488830566406250e+02,2.987572021484375000e+02,2.986575012207031250e+02,2.986420898437500000e+02,2.986582031250000000e+02,2.987272644042968750e+02,2.988509826660156250e+02,2.990273437500000000e+02,2.992026977539062500e+02,2.994012145996093750e+02,2.993945617675781250e+02,2.993829650878906250e+02,3.014042358398437500e+02,3.037095336914062500e+02,3.041533203125000000e+02,3.024968872070312500e+02,3.013151855468750000e+02,3.010273742675781250e+02,3.015490112304687500e+02,3.020092468261718750e+02,3.021530456542968750e+02,3.021107788085937500e+02,3.017905273437500000e+02,3.014495849609375000e+02,3.011672668457031250e+02,3.005135498046875000e+02,2.989624023437500000e+02,2.955120544433593750e+02,2.954258728027343750e+02,nan,nan,nan,nan,nan,nan,nan,nan,nan,nan,nan,nan,nan,nan,nan,nan,nan,nan
3.066991882324218750e+02,3.066880187988281250e+02,3.066762390136718750e+02,3.066625366210937500e+02,3.066478881835937500e+02,3.066307983398437500e+02,3.066195068359375000e+02,3.066069030761718750e+02,3.065935974121093750e+02,3.065818481445312500e+02,3.065728759765625000e+02,3.065701293945312500e+02,3.065660400390625000e+02,3.065619201660156250e+02,3.065605163574218750e+02,3.065570373535156250e+02,3.065497436523437500e+02,3.065418395996093750e+02,3.065354309082031250e+02,3.065174865722656250e+02,3.064968566894531250e+02,3.064764404296875000e+02,3.064501647949218750e+02,3.064243164062500000e+02,3.063930358886718750e+02,3.063572998046875000e+02,3.063147888183593750e+02,3.062705078125000000e+02,3.062292480468750000e+02,3.061887817382812500e+02,3.061374206542968750e+02,3.060774536132812500e+02,3.060192260742187500e+02,3.059663391113281250e+02,3.059162597656250000e+02,3.058669128417968750e+02,3.057824096679687500e+02,3.057151184082031250e+02,3.056853942871093750e+02,3.056447143554687500e+02,3.056514892578125000e+02,3.057048645019531250e+02,3.058135986328125000e+02,3.059965515136718750e+02,3.061776123046875000e+02,3.063688049316406250e+02,3.065119323730468750e+02,3.065741577148437500e+02,3.066173706054687500e+02,3.067376098632812500e+02,3.069250488281250000e+02,3.071222534179687500e+02,3.072891540527343750e+02,3.074018859863281250e+02,3.075004272460937500e+02,3.075569458007812500e+02,3.075938110351562500e+02,3.075903015136718750e+02,3.075753173828125000e+02,3.075644531250000000e+02,3.075062255859375000e+02,3.074327697753906250e+02,3.073852539062500000e+02,3.074249572753906250e+02,3.074614868164062500e+02,3.074651184082031250e+02,3.075591430664062500e+02,3.076241760253906250e+02,3.076152343750000000e+02,3.076909790039062500e+02,3.077951660156250000e+02,3.078823852539062500e+02,3.079520874023437500e+02,3.079259338378906250e+02,3.078740539550781250e+02,3.079213867187500000e+02,3.080863037109375000e+02,3.082409973144531250e+02,3.083740539550781250e+02,3.085097351074218750e+02,3.085010070800781250e+02,3.083435668945312500e+02,3.082249450683593750e+02,3.080332946777343750e+02,3.077702636718750000e+02,3.075207824707031250e+02,3.073299865722656250e+02,3.071054382324218750e+02,3.067570190429687500e+02,3.062761230468750000e+02,3.058362731933593750e+02,3.053585205078125000e+02,3.048261718750000000e+02,3.043495483398437500e+02,3.039215087890625000e+02,3.034731750488281250e+02,3.030019836425781250e+02,3.024707946777343750e+02,3.018724975585937500e+02,3.014888916015625000e+02,3.012097473144531250e+02,3.009383239746093750e+02,3.005328979492187500e+02,3.003533935546875000e+02,3.002310180664062500e+02,3.000315551757812500e+02,2.998446655273437500e+02,2.997405395507812500e+02,2.996915588378906250e+02,2.997361755371093750e+02,2.996140747070312500e+02,2.994477233886718750e+02,2.992702026367187500e+02,2.990901184082031250e+02,2.988724365234375000e+02,2.988048400878906250e+02,2.988123474121093750e+02,2.988858642578125000e+02,2.990235900878906250e+02,2.991979980468750000e+02,2.993847656250000000e+02,2.995852661132812500e+02,2.998662109375000000e+02,3.000512390136718750e+02,3.007084960937500000e+02,3.022055358886718750e+02,3.032232055664062500e+02,3.026212768554687500e+02,3.010137329101562500e+02,3.002603759765625000e+02,3.010405883789062500e+02,3.023106384277343750e+02,3.031181945800781250e+02,3.032778015136718750e+02,3.031221618652343750e+02,3.028311157226562500e+02,3.024852905273437500e+02,3.021870117187500000e+02,3.018971557617187500e+02,3.009466552734375000e+02,2.980958557128906250e+02,2.987181701660156250e+02,nan,nan,nan,nan,nan,nan,nan,nan,nan,nan,nan,nan,nan,nan,nan,nan,nan,nan
3.067143554687500000e+02,3.067019653320312500e+02,3.066875915527343750e+02,3.066722106933593750e+02,3.066553955078125000e+02,3.066417541503906250e+02,3.066318664550781250e+02,3.066190185546875000e+02,3.066064453125000000e+02,3.065964660644531250e+02,3.065917968750000000e+02,3.065917968750000000e+02,3.065897216796875000e+02,3.065873107910156250e+02,3.065849914550781250e+02,3.065776062011718750e+02,3.065684509277343750e+02,3.065606689453125000e+02,3.065491027832031250e+02,3.065303039550781250e+02,3.065117492675781250e+02,3.064907226562500000e+02,3.064652404785156250e+02,3.064399719238281250e+02,3.064047241210937500e+02,3.063616333007812500e+02,3.063147583007812500e+02,3.062686462402343750e+02,3.062290039062500000e+02,3.061861267089843750e+02,3.061352233886718750e+02,3.060818176269531250e+02,3.060285644531250000e+02,3.059744567871093750e+02,3.058931884765625000e+02,3.058135681152343750e+02,3.057481079101562500e+02,3.057200927734375000e+02,3.057285156250000000e+02,3.057641601562500000e+02,3.058251953125000000e+02,3.059248657226562500e+02,3.061202697753906250e+02,3.063258666992187500e+02,3.064626159667968750e+02,3.065936889648437500e+02,3.066700744628906250e+02,3.066736450195312500e+02,3.067263183593750000e+02,3.068895263671875000e+02,3.070296020507812500e+02,3.071446228027343750e+02,3.072150573730468750e+02,3.072489929199218750e+02,3.072667541503906250e+02,3.072504882812500000e+02,3.072118835449218750e+02,3.071635742187500000e+02,3.070994567871093750e+02,3.070167236328125000e+02,3.069203796386718750e+02,3.068381042480468750e+02,3.068318176269531250e+02,3.068800964355468750e+02,3.069122314453125000e+02,3.069683837890625000e+02,3.071196899414062500e+02,3.072417297363281250e+02,3.073093872070312500e+02,3.074432067871093750e+02,3.075647277832031250e+02,3.076849060058593750e+02,3.077360839843750000e+02,3.076965026855468750e+02,3.076771240234375000e+02,3.078335876464843750e+02,3.080126342773437500e+02,3.081209106445312500e+02,3.082286987304687500e+02,3.082296752929687500e+02,3.080515747070312500e+02,3.078111267089843750e+02,3.076401977539062500e+02,3.074588317871093750e+02,3.072150573730468750e+02,3.069500122070312500e+02,3.066106567382812500e+02,3.062803955078125000e+02,3.058314208984375000e+02,3.054275512695312500e+02,3.050271301269531250e+02,3.045082397460937500e+02,3.039932250976562500e+02,3.035634155273437500e+02,3.032194213867187500e+02,3.028350524902343750e+02,3.023738708496093750e+02,3.017830810546875000e+02,3.011962890625000000e+02,3.008726501464843750e+02,3.006129150390625000e+02,3.003164367675781250e+02,3.000991210937500000e+02,3.000179138183593750e+02,2.998676147460937500e+02,2.996708984375000000e+02,2.995480041503906250e+02,2.995440368652343750e+02,2.996225280761718750e+02,2.997483520507812500e+02,2.995724792480468750e+02,2.993745422363281250e+02,2.991892089843750000e+02,2.989608154296875000e+02,2.987407836914062500e+02,2.987373962402343750e+02,2.988300170898437500e+02,2.990161743164062500e+02,2.992355346679687500e+02,2.994666748046875000e+02,2.996696166992187500e+02,2.999332275390625000e+02,3.002914733886718750e+02,3.005986938476562500e+02,3.011275939941406250e+02,3.016740722656250000e+02,3.020226745605468750e+02,3.009933471679687500e+02,2.996211853027343750e+02,2.999623107910156250e+02,3.019082031250000000e+02,3.036741638183593750e+02,3.044945373535156250e+02,3.043533020019531250e+02,3.040761108398437500e+02,3.036074829101562500e+02,3.031456909179687500e+02,3.030918273925781250e+02,3.035744934082031250e+02,3.033269042968750000e+02,3.018911437988281250e+02,3.023460388183593750e+02,nan,nan,nan,nan,nan,nan,nan,nan,nan,nan,nan,nan,nan,nan,nan,nan,nan,nan
3.067280883789062500e+02,3.067130737304687500e+02,3.066972045898437500e+02,3.066815185546875000e+02,3.066657714843750000e+02,3.066540832519531250e+02,3.066445007324218750e+02,3.066322021484375000e+02,3.066223754882812500e+02,3.066162719726562500e+02,3.066152343750000000e+02,3.066167602539062500e+02,3.066143798828125000e+02,3.066116333007812500e+02,3.066060791015625000e+02,3.065968627929687500e+02,3.065865478515625000e+02,3.065767822265625000e+02,3.065641784667968750e+02,3.065459289550781250e+02,3.065266418457031250e+02,3.065033264160156250e+02,3.064791259765625000e+02,3.064506835937500000e+02,3.064098205566406250e+02,3.063611755371093750e+02,3.063159484863281250e+02,3.062727050781250000e+02,3.062325439453125000e+02,3.061877136230468750e+02,3.061417541503906250e+02,3.060944519042968750e+02,3.060450744628906250e+02,3.059842834472656250e+02,3.059022216796875000e+02,3.058475646972656250e+02,3.058115234375000000e+02,3.058138122558593750e+02,3.058359375000000000e+02,3.058645324707031250e+02,3.059340209960937500e+02,3.060468444824218750e+02,3.062417907714843750e+02,3.063586120605468750e+02,3.064196166992187500e+02,3.064931640625000000e+02,3.065263671875000000e+02,3.065368347167968750e+02,3.066450195312500000e+02,3.067887573242187500e+02,3.068453369140625000e+02,3.068754882812500000e+02,3.068935546875000000e+02,3.068958740234375000e+02,3.068848266601562500e+02,3.068496704101562500e+02,3.067903442382812500e+02,3.067165527343750000e+02,3.066289062500000000e+02,3.065453796386718750e+02,3.064812011718750000e+02,3.064461975097656250e+02,3.064820556640625000e+02,3.065664978027343750e+02,3.066530761718750000e+02,3.067810363769531250e+02,3.070035095214843750e+02,3.071495361328125000e+02,3.072522888183593750e+02,3.074175720214843750e+02,3.075737304687500000e+02,3.077036437988281250e+02,3.077281799316406250e+02,3.076398620605468750e+02,3.076229553222656250e+02,3.077275695800781250e+02,3.077894592285156250e+02,3.077860107421875000e+02,3.077359619140625000e+02,3.075455932617187500e+02,3.072514648437500000e+02,3.069767150878906250e+02,3.067855224609375000e+02,3.065762329101562500e+02,3.063078613281250000e+02,3.059912719726562500e+02,3.056711730957031250e+02,3.053294067382812500e+02,3.049711303710937500e+02,3.046680297851562500e+02,3.042642211914062500e+02,3.037795410156250000e+02,3.033546142578125000e+02,3.030182800292968750e+02,3.027188110351562500e+02,3.023142089843750000e+02,3.017966003417968750e+02,3.011868591308593750e+02,3.007268981933593750e+02,3.004641723632812500e+02,3.001908874511718750e+02,2.999191589355468750e+02,2.996976928710937500e+02,2.995515136718750000e+02,2.993658142089843750e+02,2.992008056640625000e+02,2.991594848632812500e+02,2.992077331542968750e+02,2.993434448242187500e+02,2.993545532226562500e+02,2.991567382812500000e+02,2.989393005371093750e+02,2.987812194824218750e+02,2.985491943359375000e+02,2.984552001953125000e+02,2.985976867675781250e+02,2.988406066894531250e+02,2.991293640136718750e+02,2.994159851074218750e+02,2.996968383789062500e+02,2.999631042480468750e+02,3.003106689453125000e+02,3.006668701171875000e+02,3.009550170898437500e+02,3.012727661132812500e+02,3.016264343261718750e+02,3.018009643554687500e+02,3.007374877929687500e+02,2.998063659667968750e+02,3.015610046386718750e+02,3.040029296875000000e+02,3.055325622558593750e+02,3.057831420898437500e+02,3.051947631835937500e+02,3.047161254882812500e+02,3.037891845703125000e+02,3.031300354003906250e+02,3.034274902343750000e+02,3.042222595214843750e+02,3.041334533691406250e+02,3.039425048828125000e+02,3.038076171875000000e+02,3.040700073242187500e+02,nan,nan,nan,nan,nan,nan,nan,nan,nan,nan,nan,nan,nan,nan,nan,nan,nan
3.067398681640625000e+02,3.067223510742187500e+02,3.067071228027343750e+02,3.066916809082031250e+02,3.066774902343750000e+02,3.066687622070312500e+02,3.066598205566406250e+02,3.066480407714843750e+02,3.066415405273437500e+02,3.066384277343750000e+02,3.066403808593750000e+02,3.066405944824218750e+02,3.066354064941406250e+02,3.066300354003906250e+02,3.066216125488281250e+02,3.066132812500000000e+02,3.066021118164062500e+02,3.065916748046875000e+02,3.065786743164062500e+02,3.065604858398437500e+02,3.065398864746093750e+02,3.065143127441406250e+02,3.064881286621093750e+02,3.064542236328125000e+02,3.064079589843750000e+02,3.063608398437500000e+02,3.063213806152343750e+02,3.062809143066406250e+02,3.062402954101562500e+02,3.061978454589843750e+02,3.061577453613281250e+02,3.061148376464843750e+02,3.060678405761718750e+02,3.060064086914062500e+02,3.059537353515625000e+02,3.059309082031250000e+02,3.059122619628906250e+02,3.059148864746093750e+02,3.059216918945312500e+02,3.059443054199218750e+02,3.059974060058593750e+02,3.060879821777343750e+02,3.061980285644531250e+02,3.062229919433593750e+02,3.062437438964843750e+02,3.062906799316406250e+02,3.063360290527343750e+02,3.063939819335937500e+02,3.065027465820312500e+02,3.065666809082031250e+02,3.065470275878906250e+02,3.065188598632812500e+02,3.065284118652343750e+02,3.065315246582031250e+02,3.065215454101562500e+02,3.064769897460937500e+02,3.064177246093750000e+02,3.063215637207031250e+02,3.062568969726562500e+02,3.062191772460937500e+02,3.062149658203125000e+02,3.062336120605468750e+02,3.063104858398437500e+02,3.064463500976562500e+02,3.065867309570312500e+02,3.067946472167968750e+02,3.070278320312500000e+02,3.071529846191406250e+02,3.072890930175781250e+02,3.074646606445312500e+02,3.076101379394531250e+02,3.077025451660156250e+02,3.076490173339843750e+02,3.074804992675781250e+02,3.073909606933593750e+02,3.073841857910156250e+02,3.073108825683593750e+02,3.071832885742187500e+02,3.069516296386718750e+02,3.066642150878906250e+02,3.063492126464843750e+02,3.061041564941406250e+02,3.059135131835937500e+02,3.056585998535156250e+02,3.053733520507812500e+02,3.050590515136718750e+02,3.048072814941406250e+02,3.045359497070312500e+02,3.043146972656250000e+02,3.040462646484375000e+02,3.036614990234375000e+02,3.032687683105468750e+02,3.029298095703125000e+02,3.026544494628906250e+02,3.023042602539062500e+02,3.018409423828125000e+02,3.013141174316406250e+02,3.008285522460937500e+02,3.005062561035156250e+02,3.001926269531250000e+02,2.998916931152343750e+02,2.996205139160156250e+02,2.993489990234375000e+02,2.991434020996093750e+02,2.989778137207031250e+02,2.988671875000000000e+02,2.988765258789062500e+02,2.989115905761718750e+02,2.989614257812500000e+02,2.987883605957031250e+02,2.985622863769531250e+02,2.984051208496093750e+02,2.983053283691406250e+02,2.981912536621093750e+02,2.982923583984375000e+02,2.986029052734375000e+02,2.989673461914062500e+02,2.993173828125000000e+02,2.996534423828125000e+02,2.999687805175781250e+02,3.002956542968750000e+02,3.006631469726562500e+02,3.009841003417968750e+02,3.012946472167968750e+02,3.016175231933593750e+02,3.019171447753906250e+02,3.020596313476562500e+02,3.012268066406250000e+02,3.017433776855468750e+02,3.041710205078125000e+02,3.060064697265625000e+02,3.067181091308593750e+02,3.063594360351562500e+02,3.053366088867187500e+02,3.043034973144531250e+02,3.027943725585937500e+02,3.021431579589843750e+02,3.026971435546875000e+02,3.038118591308593750e+02,3.044768371582031250e+02,3.049873352050781250e+02,3.049829101562500000e+02,3.048324890136718750e+02,3.043406372070312500e+02,nan,nan,nan,nan,nan,nan,nan,nan,nan,nan,nan,nan,nan,nan,nan,nan
3.067495117187500000e+02,3.067326660156250000e+02,3.067178955078125000e+02,3.067040405273437500e+02,3.066923828125000000e+02,3.066857604980468750e+02,3.066742858886718750e+02,3.066649169921875000e+02,3.066621093750000000e+02,3.066597900390625000e+02,3.066612243652343750e+02,3.066570129394531250e+02,3.066510314941406250e+02,3.066449890136718750e+02,3.066365966796875000e+02,3.066280822753906250e+02,3.066170959472656250e+02,3.066057128906250000e+02,3.065924987792968750e+02,3.065749206542968750e+02,3.065523681640625000e+02,3.065239868164062500e+02,3.064964904785156250e+02,3.064607849121093750e+02,3.064126586914062500e+02,3.063699035644531250e+02,3.063330078125000000e+02,3.062916564941406250e+02,3.062514648437500000e+02,3.062149047851562500e+02,3.061777954101562500e+02,3.061378479003906250e+02,3.060956115722656250e+02,3.060459289550781250e+02,3.060203857421875000e+02,3.060048828125000000e+02,3.059902038574218750e+02,3.059896850585937500e+02,3.059973754882812500e+02,3.060231323242187500e+02,3.060443420410156250e+02,3.061017761230468750e+02,3.061339721679687500e+02,3.061339721679687500e+02,3.061459045410156250e+02,3.061886901855468750e+02,3.062343139648437500e+02,3.062694396972656250e+02,3.063298645019531250e+02,3.063345336914062500e+02,3.062752075195312500e+02,3.062575378417968750e+02,3.062908020019531250e+02,3.063127136230468750e+02,3.062984313964843750e+02,3.062553405761718750e+02,3.061883850097656250e+02,3.061199645996093750e+02,3.061173706054687500e+02,3.061349487304687500e+02,3.061735229492187500e+02,3.062229614257812500e+02,3.063286743164062500e+02,3.064895935058593750e+02,3.066467285156250000e+02,3.068340454101562500e+02,3.069830932617187500e+02,3.070661315917968750e+02,3.071870727539062500e+02,3.072871093750000000e+02,3.073480224609375000e+02,3.073624267578125000e+02,3.072019348144531250e+02,3.069617309570312500e+02,3.068221435546875000e+02,3.067546997070312500e+02,3.066041564941406250e+02,3.064186401367187500e+02,3.061706848144531250e+02,3.059199829101562500e+02,3.056721801757812500e+02,3.054871520996093750e+02,3.052801513671875000e+02,3.050205383300781250e+02,3.047742004394531250e+02,3.044979553222656250e+02,3.042713317871093750e+02,3.040701293945312500e+02,3.038768310546875000e+02,3.036085205078125000e+02,3.032846984863281250e+02,3.029600830078125000e+02,3.026864318847656250e+02,3.024104919433593750e+02,3.020139770507812500e+02,3.015423278808593750e+02,3.010615539550781250e+02,3.006374206542968750e+02,3.003045349121093750e+02,2.999446105957031250e+02,2.996664123535156250e+02,2.994302062988281250e+02,2.991968383789062500e+02,2.990095520019531250e+02,2.988868103027343750e+02,2.988298950195312500e+02,2.987863159179687500e+02,2.987380371093750000e+02,2.986632995605468750e+02,2.983989257812500000e+02,2.981401672363281250e+02,2.980902709960937500e+02,2.980787353515625000e+02,2.981239318847656250e+02,2.983733825683593750e+02,2.987975463867187500e+02,2.992184448242187500e+02,2.996045532226562500e+02,2.999552307128906250e+02,3.002890319824218750e+02,3.006340942382812500e+02,3.009878845214843750e+02,3.013078002929687500e+02,3.016373596191406250e+02,3.019187927246093750e+02,3.021670837402343750e+02,3.022727966308593750e+02,3.020781860351562500e+02,3.032941894531250000e+02,3.047013549804687500e+02,3.053738403320312500e+02,3.055165405273437500e+02,3.047173461914062500e+02,3.035915527343750000e+02,3.021536560058593750e+02,3.008912658691406250e+02,3.006810913085937500e+02,3.019648437500000000e+02,3.034767150878906250e+02,3.045336303710937500e+02,3.049613647460937500e+02,3.045246582031250000e+02,3.042248535156250000e+02,3.030372314453125000e+02,nan,nan,nan,nan,nan,nan,nan,nan,nan,nan,nan,nan,nan,nan,nan,nan
3.067599487304687500e+02,3.067447509765625000e+02,3.067301025390625000e+02,3.067181396484375000e+02,3.067096557617187500e+02,3.067005004882812500e+02,3.066893005371093750e+02,3.066870422363281250e+02,3.066838378906250000e+02,3.066789245605468750e+02,3.066779174804687500e+02,3.066734313964843750e+02,3.066696166992187500e+02,3.066629943847656250e+02,3.066542053222656250e+02,3.066442260742187500e+02,3.066324768066406250e+02,3.066221008300781250e+02,3.066091918945312500e+02,3.065910339355468750e+02,3.065657348632812500e+02,3.065374450683593750e+02,3.065111389160156250e+02,3.064729919433593750e+02,3.064261474609375000e+02,3.063864440917968750e+02,3.063461303710937500e+02,3.063035583496093750e+02,3.062680664062500000e+02,3.062352600097656250e+02,3.062023620605468750e+02,3.061664428710937500e+02,3.061304931640625000e+02,3.060968627929687500e+02,3.060774536132812500e+02,3.060593261718750000e+02,3.060514221191406250e+02,3.060545043945312500e+02,3.060601196289062500e+02,3.060729675292968750e+02,3.060824890136718750e+02,3.061041259765625000e+02,3.061105041503906250e+02,3.061122131347656250e+02,3.061153259277343750e+02,3.061355895996093750e+02,3.061369934082031250e+02,3.061408691406250000e+02,3.061591491699218750e+02,3.061277160644531250e+02,3.060854797363281250e+02,3.061159057617187500e+02,3.061720581054687500e+02,3.061976013183593750e+02,3.061740722656250000e+02,3.061369628906250000e+02,3.060979003906250000e+02,3.061141357421875000e+02,3.061661071777343750e+02,3.062067260742187500e+02,3.062594299316406250e+02,3.063177185058593750e+02,3.064281311035156250e+02,3.065548706054687500e+02,3.066557006835937500e+02,3.067435302734375000e+02,3.068018188476562500e+02,3.068302307128906250e+02,3.068613891601562500e+02,3.068566589355468750e+02,3.068398742675781250e+02,3.067725524902343750e+02,3.065446472167968750e+02,3.062846069335937500e+02,3.061397705078125000e+02,3.060393981933593750e+02,3.058843994140625000e+02,3.057265014648437500e+02,3.055583190917968750e+02,3.053882141113281250e+02,3.052309570312500000e+02,3.050795288085937500e+02,3.048819580078125000e+02,3.046710815429687500e+02,3.044668273925781250e+02,3.042392578125000000e+02,3.040206604003906250e+02,3.038106994628906250e+02,3.035921020507812500e+02,3.033409729003906250e+02,3.030701293945312500e+02,3.028059692382812500e+02,3.025674133300781250e+02,3.022807312011718750e+02,3.018852539062500000e+02,3.014252319335937500e+02,3.009639282226562500e+02,3.005207519531250000e+02,3.001286315917968750e+02,2.997808532714843750e+02,2.995416259765625000e+02,2.993541259765625000e+02,2.991710815429687500e+02,2.990354309082031250e+02,2.989544677734375000e+02,2.988491821289062500e+02,2.986564636230468750e+02,2.985083312988281250e+02,2.983605651855468750e+02,2.980941162109375000e+02,2.979330444335937500e+02,2.980199279785156250e+02,2.981336364746093750e+02,2.982950134277343750e+02,2.986392517089843750e+02,2.991111145019531250e+02,2.995557250976562500e+02,2.999434814453125000e+02,3.002877197265625000e+02,3.006162109375000000e+02,3.009737854003906250e+02,3.013253173828125000e+02,3.016481018066406250e+02,3.019555664062500000e+02,3.021797485351562500e+02,3.023471984863281250e+02,3.024389038085937500e+02,3.024519042968750000e+02,3.028043518066406250e+02,3.029542541503906250e+02,3.029293823242187500e+02,3.027527465820312500e+02,3.019129943847656250e+02,3.012124633789062500e+02,3.001611633300781250e+02,2.997202758789062500e+02,2.999931640625000000e+02,3.014272155761718750e+02,3.027224121093750000e+02,3.035948181152343750e+02,3.037565307617187500e+02,3.028203430175781250e+02,3.018841552734375000e+02,3.006026611328125000e+02,2.997829589843750000e+02,nan,nan,nan,nan,nan,nan,nan,nan,nan,nan,nan,nan,nan,nan,nan
3.067729797363281250e+02,3.067589721679687500e+02,3.067444763183593750e+02,3.067337646484375000e+02,3.067264099121093750e+02,3.067162475585937500e+02,3.067111816406250000e+02,3.067105407714843750e+02,3.067009582519531250e+02,3.066966552734375000e+02,3.066971740722656250e+02,3.066938781738281250e+02,3.066894226074218750e+02,3.066801452636718750e+02,3.066714172363281250e+02,3.066613769531250000e+02,3.066513061523437500e+02,3.066414184570312500e+02,3.066271667480468750e+02,3.066064758300781250e+02,3.065806579589843750e+02,3.065551147460937500e+02,3.065267944335937500e+02,3.064872436523437500e+02,3.064438171386718750e+02,3.064039611816406250e+02,3.063599853515625000e+02,3.063225708007812500e+02,3.062938537597656250e+02,3.062647705078125000e+02,3.062358398437500000e+02,3.062045898437500000e+02,3.061746826171875000e+02,3.061510009765625000e+02,3.061318054199218750e+02,3.061188049316406250e+02,3.061163330078125000e+02,3.061160583496093750e+02,3.061184692382812500e+02,3.061231079101562500e+02,3.061250000000000000e+02,3.061279602050781250e+02,3.061293945312500000e+02,3.061267089843750000e+02,3.061210327148437500e+02,3.061106872558593750e+02,3.060998840332031250e+02,3.060991516113281250e+02,3.060752258300781250e+02,3.060328369140625000e+02,3.060158081054687500e+02,3.060644226074218750e+02,3.061204833984375000e+02,3.061368103027343750e+02,3.061128234863281250e+02,3.060962524414062500e+02,3.061040344238281250e+02,3.061486816406250000e+02,3.061876525878906250e+02,3.062208251953125000e+02,3.062675476074218750e+02,3.063299560546875000e+02,3.064128723144531250e+02,3.064780578613281250e+02,3.065187072753906250e+02,3.065460205078125000e+02,3.065513000488281250e+02,3.065325012207031250e+02,3.065018920898437500e+02,3.064519042968750000e+02,3.063931274414062500e+02,3.062650146484375000e+02,3.060274658203125000e+02,3.057926940917968750e+02,3.056692810058593750e+02,3.055727844238281250e+02,3.054592895507812500e+02,3.053360900878906250e+02,3.052155456542968750e+02,3.051023864746093750e+02,3.049877624511718750e+02,3.048536682128906250e+02,3.046894531250000000e+02,3.045103149414062500e+02,3.043301391601562500e+02,3.041455993652343750e+02,3.039473266601562500e+02,3.037372436523437500e+02,3.035214843750000000e+02,3.033015136718750000e+02,3.030428466796875000e+02,3.027853088378906250e+02,3.025191040039062500e+02,3.021975708007812500e+02,3.017674560546875000e+02,3.012981567382812500e+02,3.008330993652343750e+02,3.003867187500000000e+02,2.999642333984375000e+02,2.996222229003906250e+02,2.994074707031250000e+02,2.992190246582031250e+02,2.990195617675781250e+02,2.988725891113281250e+02,2.987573547363281250e+02,2.985061035156250000e+02,2.982764587402343750e+02,2.981624755859375000e+02,2.980200805664062500e+02,2.978643493652343750e+02,2.979446716308593750e+02,2.981074829101562500e+02,2.982733154296875000e+02,2.984924316406250000e+02,2.988919677734375000e+02,2.994023132324218750e+02,2.998634338378906250e+02,3.002466125488281250e+02,3.005799255371093750e+02,3.009172058105468750e+02,3.012911071777343750e+02,3.016332092285156250e+02,3.019399108886718750e+02,3.021958618164062500e+02,3.023565673828125000e+02,3.024491577148437500e+02,3.024232788085937500e+02,3.022317504882812500e+02,3.019744567871093750e+02,3.017257995605468750e+02,3.015580749511718750e+02,3.013256835937500000e+02,3.009377441406250000e+02,3.007509155273437500e+02,3.004288024902343750e+02,3.002800903320312500e+02,3.003996276855468750e+02,3.011976318359375000e+02,3.020017700195312500e+02,3.026573791503906250e+02,3.025790405273437500e+02,3.012663269042968750e+02,2.997178344726562500e+02,2.978727111816406250e+02,2.965694274902343750e+02,nan,nan,nan,nan,nan,nan,nan,nan,nan,nan,nan,nan,nan,nan,nan
3.067885742187500000e+02,3.067736206054687500e+02,3.067598266601562500e+02,3.067510375976562500e+02,3.067437133789062500e+02,3.067345275878906250e+02,3.067310180664062500e+02,3.067260131835937500e+02,3.067172851562500000e+02,3.067190856933593750e+02,3.067186584472656250e+02,3.067143554687500000e+02,3.067072753906250000e+02,3.066988525390625000e+02,3.066913757324218750e+02,3.066821899414062500e+02,3.066723937988281250e+02,3.066592712402343750e+02,3.066429138183593750e+02,3.066220703125000000e+02,3.065997314453125000e+02,3.065751647949218750e+02,3.065458068847656250e+02,3.065076293945312500e+02,3.064661254882812500e+02,3.064251098632812500e+02,3.063859558105468750e+02,3.063574523925781250e+02,3.063328552246093750e+02,3.063058166503906250e+02,3.062780151367187500e+02,3.062521972656250000e+02,3.062291564941406250e+02,3.062090759277343750e+02,3.061937866210937500e+02,3.061846923828125000e+02,3.061828002929687500e+02,3.061840515136718750e+02,3.061858825683593750e+02,3.061851806640625000e+02,3.061823120117187500e+02,3.061831359863281250e+02,3.061809692382812500e+02,3.061732177734375000e+02,3.061607666015625000e+02,3.061431884765625000e+02,3.061250915527343750e+02,3.060949401855468750e+02,3.060399169921875000e+02,3.060000610351562500e+02,3.059972229003906250e+02,3.060590820312500000e+02,3.061082763671875000e+02,3.061176757812500000e+02,3.061064758300781250e+02,3.060944824218750000e+02,3.060934143066406250e+02,3.061038208007812500e+02,3.061158752441406250e+02,3.061499938964843750e+02,3.061909790039062500e+02,3.062407226562500000e+02,3.062781982421875000e+02,3.062927246093750000e+02,3.062995605468750000e+02,3.062994689941406250e+02,3.062780151367187500e+02,3.062318725585937500e+02,3.061806335449218750e+02,3.061111755371093750e+02,3.060197753906250000e+02,3.058840942382812500e+02,3.056837768554687500e+02,3.055048828125000000e+02,3.054207763671875000e+02,3.053576354980468750e+02,3.052802429199218750e+02,3.051898193359375000e+02,3.050869750976562500e+02,3.049886474609375000e+02,3.048948364257812500e+02,3.047824707031250000e+02,3.046410827636718750e+02,3.044990539550781250e+02,3.043614807128906250e+02,3.042171630859375000e+02,3.040441589355468750e+02,3.038512268066406250e+02,3.036508178710937500e+02,3.034085083007812500e+02,3.031164550781250000e+02,3.027929687500000000e+02,3.024474182128906250e+02,3.020482788085937500e+02,3.015692138671875000e+02,3.010795593261718750e+02,3.006215515136718750e+02,3.001848754882812500e+02,2.997633972167968750e+02,2.993951721191406250e+02,2.991447753906250000e+02,2.988649597167968750e+02,2.986010131835937500e+02,2.984071960449218750e+02,2.981936645507812500e+02,2.979930419921875000e+02,2.979381408691406250e+02,2.979533081054687500e+02,2.979075317382812500e+02,2.979444580078125000e+02,2.981105957031250000e+02,2.981901245117187500e+02,2.983388366699218750e+02,2.985874023437500000e+02,2.990890502929687500e+02,2.996737060546875000e+02,3.001715087890625000e+02,3.005549621582031250e+02,3.008910827636718750e+02,3.012630615234375000e+02,3.016412048339843750e+02,3.019462890625000000e+02,3.022009277343750000e+02,3.023833007812500000e+02,3.024654846191406250e+02,3.024841308593750000e+02,3.023448181152343750e+02,3.021359558105468750e+02,3.019126281738281250e+02,3.017829284667968750e+02,3.018767089843750000e+02,3.021050720214843750e+02,3.022481384277343750e+02,3.023898315429687500e+02,3.023902893066406250e+02,3.025743408203125000e+02,3.019727783203125000e+02,3.015861511230468750e+02,3.008756408691406250e+02,3.006795959472656250e+02,3.001842346191406250e+02,2.988987731933593750e+02,2.968929748535156250e+02,2.945558471679687500e+02,2.918137207031250000e+02,2.913908691406250000e+02,nan,nan,nan,nan,nan,nan,nan,nan,nan,nan,nan,nan,nan,nan
3.068019409179687500e+02,3.067864379882812500e+02,3.067742614746093750e+02,3.067686462402343750e+02,3.067611083984375000e+02,3.067517089843750000e+02,3.067489013671875000e+02,3.067445678710937500e+02,3.067432861328125000e+02,3.067454223632812500e+02,3.067416381835937500e+02,3.067364501953125000e+02,3.067286682128906250e+02,3.067211303710937500e+02,3.067129211425781250e+02,3.067029418945312500e+02,3.066910400390625000e+02,3.066766662597656250e+02,3.066604003906250000e+02,3.066418457031250000e+02,3.066210327148437500e+02,3.065964660644531250e+02,3.065657348632812500e+02,3.065266723632812500e+02,3.064869689941406250e+02,3.064488525390625000e+02,3.064165039062500000e+02,3.063927917480468750e+02,3.063694152832031250e+02,3.063438110351562500e+02,3.063182678222656250e+02,3.062974243164062500e+02,3.062777709960937500e+02,3.062593994140625000e+02,3.062477722167968750e+02,3.062416076660156250e+02,3.062423706054687500e+02,3.062425842285156250e+02,3.062401733398437500e+02,3.062334594726562500e+02,3.062303161621093750e+02,3.062280578613281250e+02,3.062189025878906250e+02,3.062037048339843750e+02,3.061835021972656250e+02,3.061568298339843750e+02,3.061217041015625000e+02,3.060726928710937500e+02,3.060258789062500000e+02,3.060072326660156250e+02,3.060288696289062500e+02,3.060820617675781250e+02,3.061066284179687500e+02,3.061071472167968750e+02,3.060921936035156250e+02,3.060646362304687500e+02,3.060490722656250000e+02,3.060449829101562500e+02,3.060633850097656250e+02,3.060981140136718750e+02,3.061332397460937500e+02,3.061517333984375000e+02,3.061500854492187500e+02,3.061361999511718750e+02,3.061292419433593750e+02,3.061168823242187500e+02,3.060743408203125000e+02,3.060164489746093750e+02,3.059559631347656250e+02,3.058807373046875000e+02,3.057882080078125000e+02,3.056796264648437500e+02,3.055131835937500000e+02,3.053669128417968750e+02,3.053017578125000000e+02,3.052476501464843750e+02,3.051835021972656250e+02,3.050964355468750000e+02,3.049852600097656250e+02,3.048961486816406250e+02,3.048141784667968750e+02,3.047080688476562500e+02,3.045853271484375000e+02,3.044725646972656250e+02,3.043533630371093750e+02,3.042128906250000000e+02,3.040325317382812500e+02,3.038416748046875000e+02,3.036290588378906250e+02,3.033581542968750000e+02,3.030236511230468750e+02,3.026315917968750000e+02,3.022351074218750000e+02,3.017730102539062500e+02,3.012462463378906250e+02,3.007299804687500000e+02,3.002687683105468750e+02,2.998309631347656250e+02,2.993972167968750000e+02,2.990075378417968750e+02,2.986935424804687500e+02,2.983839416503906250e+02,2.981341857910156250e+02,2.979343566894531250e+02,2.977470703125000000e+02,2.976714172363281250e+02,2.977554931640625000e+02,2.978469543457031250e+02,2.979187316894531250e+02,2.980650939941406250e+02,2.981474609375000000e+02,2.982305297851562500e+02,2.984688720703125000e+02,2.988917541503906250e+02,2.995077819824218750e+02,3.001181945800781250e+02,3.006166381835937500e+02,3.009536437988281250e+02,3.012761230468750000e+02,3.016449279785156250e+02,3.019739074707031250e+02,3.021956481933593750e+02,3.023667907714843750e+02,3.024464721679687500e+02,3.024674987792968750e+02,3.024156188964843750e+02,3.022553405761718750e+02,3.020578002929687500e+02,3.019602355957031250e+02,3.020417785644531250e+02,3.024014282226562500e+02,3.027403259277343750e+02,3.030015563964843750e+02,3.032694396972656250e+02,3.034891357421875000e+02,3.033444824218750000e+02,3.020263366699218750e+02,3.011398620605468750e+02,2.993265075683593750e+02,2.993829956054687500e+02,2.991479797363281250e+02,2.976488647460937500e+02,2.951977539062500000e+02,2.920461730957031250e+02,2.883694152832031250e+02,2.880053710937500000e+02,nan,nan,nan,nan,nan,nan,nan,nan,nan,nan,nan,nan,nan,nan
3.068149719238281250e+02,3.068000488281250000e+02,3.067911071777343750e+02,3.067886962890625000e+02,3.067818298339843750e+02,3.067747497558593750e+02,3.067743530273437500e+02,3.067712402343750000e+02,3.067699584960937500e+02,3.067670288085937500e+02,3.067641296386718750e+02,3.067595520019531250e+02,3.067508239746093750e+02,3.067419738769531250e+02,3.067325744628906250e+02,3.067228088378906250e+02,3.067109375000000000e+02,3.066977539062500000e+02,3.066831054687500000e+02,3.066641845703125000e+02,3.066421508789062500e+02,3.066152954101562500e+02,3.065811157226562500e+02,3.065436401367187500e+02,3.065066833496093750e+02,3.064719238281250000e+02,3.064431457519531250e+02,3.064225769042968750e+02,3.064013977050781250e+02,3.063769226074218750e+02,3.063537292480468750e+02,3.063346862792968750e+02,3.063170166015625000e+02,3.063046264648437500e+02,3.062971191406250000e+02,3.062937927246093750e+02,3.062923583984375000e+02,3.062886962890625000e+02,3.062818298339843750e+02,3.062723388671875000e+02,3.062679443359375000e+02,3.062552490234375000e+02,3.062372436523437500e+02,3.062141418457031250e+02,3.061868896484375000e+02,3.061585693359375000e+02,3.061269836425781250e+02,3.060912475585937500e+02,3.060653381347656250e+02,3.060565795898437500e+02,3.060727844238281250e+02,3.060910949707031250e+02,3.060920715332031250e+02,3.060789794921875000e+02,3.060478210449218750e+02,3.060172729492187500e+02,3.060090332031250000e+02,3.060157165527343750e+02,3.060404052734375000e+02,3.060664367675781250e+02,3.060849914550781250e+02,3.060786132812500000e+02,3.060533752441406250e+02,3.060318908691406250e+02,3.060307006835937500e+02,3.060182495117187500e+02,3.059761962890625000e+02,3.059324951171875000e+02,3.058786010742187500e+02,3.058158264160156250e+02,3.057470703125000000e+02,3.056563415527343750e+02,3.055053405761718750e+02,3.053576049804687500e+02,3.052745361328125000e+02,3.051979980468750000e+02,3.051066894531250000e+02,3.049758300781250000e+02,3.048602600097656250e+02,3.047799682617187500e+02,3.046934814453125000e+02,3.045860290527343750e+02,3.044677429199218750e+02,3.043443298339843750e+02,3.042066345214843750e+02,3.040441894531250000e+02,3.038577880859375000e+02,3.036647338867187500e+02,3.034358215332031250e+02,3.031487426757812500e+02,3.027638244628906250e+02,3.023324279785156250e+02,3.018898315429687500e+02,3.013334655761718750e+02,3.007261047363281250e+02,3.001551818847656250e+02,2.996630554199218750e+02,2.992439270019531250e+02,2.988269348144531250e+02,2.984870605468750000e+02,2.982014465332031250e+02,2.979888305664062500e+02,2.978217773437500000e+02,2.976889648437500000e+02,2.975919189453125000e+02,2.975697021484375000e+02,2.977169189453125000e+02,2.979131774902343750e+02,2.980416870117187500e+02,2.981934814453125000e+02,2.983048706054687500e+02,2.985487060546875000e+02,2.989837951660156250e+02,2.995890502929687500e+02,3.001921386718750000e+02,3.007671508789062500e+02,3.012070007324218750e+02,3.013835449218750000e+02,3.016119384765625000e+02,3.019215087890625000e+02,3.021288146972656250e+02,3.022352600097656250e+02,3.023199462890625000e+02,3.023424987792968750e+02,3.023533630371093750e+02,3.022637939453125000e+02,3.021092224121093750e+02,3.020145263671875000e+02,3.020576171875000000e+02,3.021930541992187500e+02,3.023861694335937500e+02,3.024527893066406250e+02,3.026225891113281250e+02,3.027236022949218750e+02,3.027325439453125000e+02,3.020481567382812500e+02,3.012506713867187500e+02,3.013822631835937500e+02,3.018516235351562500e+02,3.039749755859375000e+02,3.043581237792968750e+02,3.026478271484375000e+02,2.996509704589843750e+02,2.955770874023437500e+02,2.913271789550781250e+02,2.907262878417968750e+02,nan,nan,nan,nan,nan,nan,nan,nan,nan,nan,nan,nan,nan,nan
3.068296508789062500e+02,3.068172302246093750e+02,3.068123474121093750e+02,3.068108825683593750e+02,3.068049926757812500e+02,3.068004150390625000e+02,3.067985229492187500e+02,3.067933959960937500e+02,3.067897949218750000e+02,3.067864990234375000e+02,3.067863769531250000e+02,3.067792053222656250e+02,3.067689514160156250e+02,3.067608337402343750e+02,3.067520141601562500e+02,3.067437438964843750e+02,3.067322998046875000e+02,3.067198181152343750e+02,3.067054138183593750e+02,3.066864013671875000e+02,3.066621398925781250e+02,3.066324462890625000e+02,3.065986633300781250e+02,3.065641479492187500e+02,3.065301818847656250e+02,3.064982299804687500e+02,3.064739074707031250e+02,3.064553222656250000e+02,3.064344482421875000e+02,3.064109497070312500e+02,3.063900146484375000e+02,3.063741455078125000e+02,3.063615112304687500e+02,3.063534545898437500e+02,3.063479309082031250e+02,3.063429870605468750e+02,3.063379821777343750e+02,3.063317260742187500e+02,3.063209533691406250e+02,3.063107604980468750e+02,3.062976989746093750e+02,3.062746582031250000e+02,3.062515258789062500e+02,3.062244567871093750e+02,3.061960754394531250e+02,3.061715698242187500e+02,3.061454162597656250e+02,3.061202697753906250e+02,3.061007690429687500e+02,3.060900268554687500e+02,3.060880126953125000e+02,3.060876464843750000e+02,3.060744628906250000e+02,3.060522766113281250e+02,3.060195312500000000e+02,3.060052490234375000e+02,3.060097961425781250e+02,3.060224914550781250e+02,3.060410766601562500e+02,3.060561828613281250e+02,3.060544433593750000e+02,3.060332946777343750e+02,3.059967346191406250e+02,3.059866027832031250e+02,3.059927673339843750e+02,3.059714965820312500e+02,3.059342651367187500e+02,3.058979492187500000e+02,3.058486938476562500e+02,3.057962646484375000e+02,3.057412414550781250e+02,3.056503906250000000e+02,3.054955444335937500e+02,3.053455810546875000e+02,3.052372436523437500e+02,3.051217346191406250e+02,3.049824523925781250e+02,3.048351440429687500e+02,3.047434692382812500e+02,3.046658935546875000e+02,3.045733337402343750e+02,3.044626464843750000e+02,3.043400268554687500e+02,3.042073364257812500e+02,3.040590515136718750e+02,3.038909301757812500e+02,3.037087097167968750e+02,3.035093078613281250e+02,3.032582397460937500e+02,3.029259033203125000e+02,3.025078125000000000e+02,3.020256958007812500e+02,3.014897155761718750e+02,3.008453369140625000e+02,3.001848754882812500e+02,2.995876464843750000e+02,2.991081237792968750e+02,2.986846923828125000e+02,2.982903137207031250e+02,2.980109252929687500e+02,2.978121032714843750e+02,2.976843261718750000e+02,2.975947570800781250e+02,2.975370483398437500e+02,2.975215759277343750e+02,2.975964050292968750e+02,2.977815551757812500e+02,2.980778198242187500e+02,2.982527465820312500e+02,2.983898620605468750e+02,2.986098022460937500e+02,2.989920654296875000e+02,2.995902404785156250e+02,3.001750183105468750e+02,3.007016906738281250e+02,3.012328796386718750e+02,3.014950561523437500e+02,3.014747314453125000e+02,3.017192993164062500e+02,3.020259399414062500e+02,3.021289672851562500e+02,3.021580200195312500e+02,3.022005615234375000e+02,3.022029113769531250e+02,3.021860961914062500e+02,3.020492553710937500e+02,3.019284057617187500e+02,3.019374389648437500e+02,3.019845581054687500e+02,3.020365295410156250e+02,3.020657043457031250e+02,3.020149841308593750e+02,3.019579467773437500e+02,3.018782958984375000e+02,3.016463623046875000e+02,3.009054260253906250e+02,3.009918518066406250e+02,3.020538940429687500e+02,3.039412536621093750e+02,3.064118347167968750e+02,3.068351440429687500e+02,3.046821289062500000e+02,3.014623413085937500e+02,2.971967163085937500e+02,2.907883911132812500e+02,2.900225830078125000e+02,nan,nan,nan,nan,nan,nan,nan,nan,nan,nan,nan,nan,nan,nan
3.068468627929687500e+02,3.068372192382812500e+02,3.068335571289062500e+02,3.068313903808593750e+02,3.068261108398437500e+02,3.068216247558593750e+02,3.068176879882812500e+02,3.068139953613281250e+02,3.068117675781250000e+02,3.068107604980468750e+02,3.068076477050781250e+02,3.067959899902343750e+02,3.067866516113281250e+02,3.067805786132812500e+02,3.067733154296875000e+02,3.067639465332031250e+02,3.067514648437500000e+02,3.067380676269531250e+02,3.067237548828125000e+02,3.067043151855468750e+02,3.066787109375000000e+02,3.066483764648437500e+02,3.066171875000000000e+02,3.065852966308593750e+02,3.065550537109375000e+02,3.065267639160156250e+02,3.065039062500000000e+02,3.064851074218750000e+02,3.064648437500000000e+02,3.064445800781250000e+02,3.064272460937500000e+02,3.064151611328125000e+02,3.064071350097656250e+02,3.064010314941406250e+02,3.063954162597656250e+02,3.063872680664062500e+02,3.063794250488281250e+02,3.063708190917968750e+02,3.063590393066406250e+02,3.063446044921875000e+02,3.063221435546875000e+02,3.062966918945312500e+02,3.062718811035156250e+02,3.062441711425781250e+02,3.062195129394531250e+02,3.062003479003906250e+02,3.061785278320312500e+02,3.061567077636718750e+02,3.061380004882812500e+02,3.061232604980468750e+02,3.061118469238281250e+02,3.061025085449218750e+02,3.060878295898437500e+02,3.060738220214843750e+02,3.060579833984375000e+02,3.060610351562500000e+02,3.060674438476562500e+02,3.060788574218750000e+02,3.060891723632812500e+02,3.060936584472656250e+02,3.060824279785156250e+02,3.060585327148437500e+02,3.060311889648437500e+02,3.060251770019531250e+02,3.060089111328125000e+02,3.059729919433593750e+02,3.059338378906250000e+02,3.058924560546875000e+02,3.058360290527343750e+02,3.057812194824218750e+02,3.057150268554687500e+02,3.056065063476562500e+02,3.054444580078125000e+02,3.052826232910156250e+02,3.051388854980468750e+02,3.049961547851562500e+02,3.048505249023437500e+02,3.047376098632812500e+02,3.046604003906250000e+02,3.045701599121093750e+02,3.044682617187500000e+02,3.043516845703125000e+02,3.042286682128906250e+02,3.040924987792968750e+02,3.039407348632812500e+02,3.037776489257812500e+02,3.035921020507812500e+02,3.033774108886718750e+02,3.030899658203125000e+02,3.027108154296875000e+02,3.022531738281250000e+02,3.017287597656250000e+02,3.011141967773437500e+02,3.004421386718750000e+02,2.997716064453125000e+02,2.991894836425781250e+02,2.986792297363281250e+02,2.981822204589843750e+02,2.978109436035156250e+02,2.975569458007812500e+02,2.974105224609375000e+02,2.973910217285156250e+02,2.973949890136718750e+02,2.973951110839843750e+02,2.974532165527343750e+02,2.976081542968750000e+02,2.978679809570312500e+02,2.981261901855468750e+02,2.982700500488281250e+02,2.984549255371093750e+02,2.988205566406250000e+02,2.993478698730468750e+02,2.999502258300781250e+02,3.003861999511718750e+02,3.008038330078125000e+02,3.011923828125000000e+02,3.012231445312500000e+02,3.013324279785156250e+02,3.017750244140625000e+02,3.021053466796875000e+02,3.021587829589843750e+02,3.020871276855468750e+02,3.020627136230468750e+02,3.020234680175781250e+02,3.019656372070312500e+02,3.018419799804687500e+02,3.017786865234375000e+02,3.017686157226562500e+02,3.017721252441406250e+02,3.017736511230468750e+02,3.017351379394531250e+02,3.016104125976562500e+02,3.014324340820312500e+02,3.012319335937500000e+02,3.009725341796875000e+02,3.005717468261718750e+02,3.009911193847656250e+02,3.016343994140625000e+02,3.033229370117187500e+02,3.055491638183593750e+02,3.051811523437500000e+02,3.033372192382812500e+02,3.009978027343750000e+02,2.978862915039062500e+02,2.987974853515625000e+02,nan,nan,nan,nan,nan,nan,nan,nan,nan,nan,nan,nan,nan,nan,nan
3.068636169433593750e+02,3.068551025390625000e+02,3.068527221679687500e+02,3.068511962890625000e+02,3.068468017578125000e+02,3.068430480957031250e+02,3.068403015136718750e+02,3.068384704589843750e+02,3.068371276855468750e+02,3.068357849121093750e+02,3.068273925781250000e+02,3.068149414062500000e+02,3.068072814941406250e+02,3.068020019531250000e+02,3.067937622070312500e+02,3.067821655273437500e+02,3.067677917480468750e+02,3.067543640136718750e+02,3.067402648925781250e+02,3.067199096679687500e+02,3.066948852539062500e+02,3.066650390625000000e+02,3.066363830566406250e+02,3.066080017089843750e+02,3.065801696777343750e+02,3.065545654296875000e+02,3.065303649902343750e+02,3.065132751464843750e+02,3.064968872070312500e+02,3.064801025390625000e+02,3.064670715332031250e+02,3.064582519531250000e+02,3.064532775878906250e+02,3.064480590820312500e+02,3.064401855468750000e+02,3.064301452636718750e+02,3.064193115234375000e+02,3.064089965820312500e+02,3.063945312500000000e+02,3.063739318847656250e+02,3.063483276367187500e+02,3.063226318359375000e+02,3.062973632812500000e+02,3.062717895507812500e+02,3.062554321289062500e+02,3.062395629882812500e+02,3.062178039550781250e+02,3.061965637207031250e+02,3.061762390136718750e+02,3.061558227539062500e+02,3.061423034667968750e+02,3.061340332031250000e+02,3.061308898925781250e+02,3.061274414062500000e+02,3.061278381347656250e+02,3.061352233886718750e+02,3.061395874023437500e+02,3.061466064453125000e+02,3.061505432128906250e+02,3.061458740234375000e+02,3.061311950683593750e+02,3.061066894531250000e+02,3.060840759277343750e+02,3.060632324218750000e+02,3.060291137695312500e+02,3.059881286621093750e+02,3.059462585449218750e+02,3.058943481445312500e+02,3.058258972167968750e+02,3.057618103027343750e+02,3.056777038574218750e+02,3.055504760742187500e+02,3.053769836425781250e+02,3.051922607421875000e+02,3.050315246582031250e+02,3.048946838378906250e+02,3.047745971679687500e+02,3.046852722167968750e+02,3.046053771972656250e+02,3.045079956054687500e+02,3.043983459472656250e+02,3.042829589843750000e+02,3.041612243652343750e+02,3.040238647460937500e+02,3.038759765625000000e+02,3.037140197753906250e+02,3.035173950195312500e+02,3.032693481445312500e+02,3.029364318847656250e+02,3.025040283203125000e+02,3.019935607910156250e+02,3.014214477539062500e+02,3.007547912597656250e+02,3.000500793457031250e+02,2.993629760742187500e+02,2.987512512207031250e+02,2.981702270507812500e+02,2.976483154296875000e+02,2.972535095214843750e+02,2.970269775390625000e+02,2.969532775878906250e+02,2.970838928222656250e+02,2.971456298828125000e+02,2.972235107421875000e+02,2.973499450683593750e+02,2.975725097656250000e+02,2.978699951171875000e+02,2.980151367187500000e+02,2.981211547851562500e+02,2.984824523925781250e+02,2.989550170898437500e+02,2.994985961914062500e+02,2.999472656250000000e+02,3.002529602050781250e+02,3.005402526855468750e+02,3.007675476074218750e+02,3.008454284667968750e+02,3.012866516113281250e+02,3.018035888671875000e+02,3.020630798339843750e+02,3.018868408203125000e+02,3.017317504882812500e+02,3.017086486816406250e+02,3.016848144531250000e+02,3.016498413085937500e+02,3.015906982421875000e+02,3.015363464355468750e+02,3.015013427734375000e+02,3.014941711425781250e+02,3.014573364257812500e+02,3.013649597167968750e+02,3.011560058593750000e+02,3.009347534179687500e+02,3.006855163574218750e+02,3.005324707031250000e+02,3.003977355957031250e+02,3.006871643066406250e+02,3.011931457519531250e+02,3.029050903320312500e+02,3.039782409667968750e+02,3.030377807617187500e+02,3.022165832519531250e+02,3.014673461914062500e+02,3.013098754882812500e+02,3.020762939453125000e+02,nan,3.146881103515625000e+02,nan,nan,nan,nan,nan,nan,nan,nan,nan,nan,nan,nan,nan
3.068798217773437500e+02,3.068746643066406250e+02,3.068740539550781250e+02,3.068724670410156250e+02,3.068686828613281250e+02,3.068659667968750000e+02,3.068634033203125000e+02,3.068597106933593750e+02,3.068573303222656250e+02,3.068529052734375000e+02,3.068433837890625000e+02,3.068334350585937500e+02,3.068272399902343750e+02,3.068210144042968750e+02,3.068092651367187500e+02,3.067972106933593750e+02,3.067835388183593750e+02,3.067713012695312500e+02,3.067565307617187500e+02,3.067357482910156250e+02,3.067100830078125000e+02,3.066826477050781250e+02,3.066566772460937500e+02,3.066310729980468750e+02,3.066044616699218750e+02,3.065791015625000000e+02,3.065586547851562500e+02,3.065465087890625000e+02,3.065339965820312500e+02,3.065198364257812500e+02,3.065089721679687500e+02,3.065036621093750000e+02,3.065002746582031250e+02,3.064924011230468750e+02,3.064819335937500000e+02,3.064705810546875000e+02,3.064573669433593750e+02,3.064450378417968750e+02,3.064261779785156250e+02,3.064032592773437500e+02,3.063776550292968750e+02,3.063535461425781250e+02,3.063324584960937500e+02,3.063131103515625000e+02,3.063006591796875000e+02,3.062824096679687500e+02,3.062595825195312500e+02,3.062384338378906250e+02,3.062172241210937500e+02,3.061995544433593750e+02,3.061924133300781250e+02,3.061956176757812500e+02,3.062020874023437500e+02,3.062051696777343750e+02,3.062118530273437500e+02,3.062129516601562500e+02,3.062130737304687500e+02,3.062131652832031250e+02,3.062088928222656250e+02,3.061965332031250000e+02,3.061783752441406250e+02,3.061520385742187500e+02,3.061249694824218750e+02,3.060949096679687500e+02,3.060555419921875000e+02,3.060131530761718750e+02,3.059674377441406250e+02,3.059055175781250000e+02,3.058284301757812500e+02,3.057573242187500000e+02,3.056637573242187500e+02,3.055273437500000000e+02,3.053540039062500000e+02,3.051737365722656250e+02,3.050218811035156250e+02,3.048969421386718750e+02,3.047917480468750000e+02,3.047083435058593750e+02,3.046247558593750000e+02,3.045219726562500000e+02,3.044106140136718750e+02,3.043011474609375000e+02,3.041829223632812500e+02,3.040468750000000000e+02,3.038994750976562500e+02,3.037262573242187500e+02,3.035048828125000000e+02,3.032068481445312500e+02,3.028223876953125000e+02,3.023311767578125000e+02,3.017605285644531250e+02,3.011040344238281250e+02,3.003688964843750000e+02,2.995948791503906250e+02,2.988758850097656250e+02,2.982277526855468750e+02,2.976203002929687500e+02,2.970978088378906250e+02,2.966990966796875000e+02,2.964692687988281250e+02,2.964772644042968750e+02,2.966124267578125000e+02,2.967053222656250000e+02,2.968407592773437500e+02,2.970283203125000000e+02,2.973161926269531250e+02,2.976007690429687500e+02,2.977493896484375000e+02,2.979997253417968750e+02,2.984060363769531250e+02,2.988015136718750000e+02,2.991994628906250000e+02,2.995152893066406250e+02,2.997161254882812500e+02,2.999273681640625000e+02,3.001465148925781250e+02,3.004928588867187500e+02,3.010038757324218750e+02,3.014220275878906250e+02,3.014614868164062500e+02,3.011765441894531250e+02,3.011641540527343750e+02,3.012284851074218750e+02,3.012907409667968750e+02,3.013396606445312500e+02,3.013416442871093750e+02,3.012664184570312500e+02,3.012305297851562500e+02,3.011872253417968750e+02,3.010451354980468750e+02,3.008895263671875000e+02,3.006723632812500000e+02,3.005663757324218750e+02,3.005160522460937500e+02,3.005652770996093750e+02,3.007096252441406250e+02,3.009590759277343750e+02,3.017501220703125000e+02,3.032161254882812500e+02,3.034609985351562500e+02,3.035806274414062500e+02,3.039290161132812500e+02,3.051606140136718750e+02,3.055086669921875000e+02,3.048316650390625000e+02,3.064399414062500000e+02,3.130906372070312500e+02,3.123760681152343750e+02,nan,nan,nan,nan,nan,nan,nan,nan,nan,nan,nan,nan
3.069001770019531250e+02,3.068981323242187500e+02,3.068960571289062500e+02,3.068934326171875000e+02,3.068893737792968750e+02,3.068871459960937500e+02,3.068827209472656250e+02,3.068759460449218750e+02,3.068721618652343750e+02,3.068671875000000000e+02,3.068594360351562500e+02,3.068518371582031250e+02,3.068465576171875000e+02,3.068359375000000000e+02,3.068220825195312500e+02,3.068134460449218750e+02,3.068022766113281250e+02,3.067914123535156250e+02,3.067734375000000000e+02,3.067514953613281250e+02,3.067260742187500000e+02,3.067008666992187500e+02,3.066777954101562500e+02,3.066525268554687500e+02,3.066274719238281250e+02,3.066042480468750000e+02,3.065905151367187500e+02,3.065835571289062500e+02,3.065723266601562500e+02,3.065602111816406250e+02,3.065516357421875000e+02,3.065502624511718750e+02,3.065460815429687500e+02,3.065317993164062500e+02,3.065216064453125000e+02,3.065091552734375000e+02,3.064927062988281250e+02,3.064771118164062500e+02,3.064558410644531250e+02,3.064344177246093750e+02,3.064121704101562500e+02,3.063937988281250000e+02,3.063759460449218750e+02,3.063605041503906250e+02,3.063463134765625000e+02,3.063265991210937500e+02,3.063045654296875000e+02,3.062865600585937500e+02,3.062704772949218750e+02,3.062623596191406250e+02,3.062667541503906250e+02,3.062805786132812500e+02,3.062924804687500000e+02,3.062971801757812500e+02,3.062977294921875000e+02,3.062898864746093750e+02,3.062811279296875000e+02,3.062710571289062500e+02,3.062581787109375000e+02,3.062404785156250000e+02,3.062193298339843750e+02,3.061908264160156250e+02,3.061583862304687500e+02,3.061243591308593750e+02,3.060845031738281250e+02,3.060424194335937500e+02,3.059914550781250000e+02,3.059211730957031250e+02,3.058417663574218750e+02,3.057674560546875000e+02,3.056699829101562500e+02,3.055381469726562500e+02,3.053747863769531250e+02,3.052070312500000000e+02,3.050632629394531250e+02,3.049455261230468750e+02,3.048504333496093750e+02,3.047736816406250000e+02,3.046764526367187500e+02,3.045648498535156250e+02,3.044547729492187500e+02,3.043494873046875000e+02,3.042309570312500000e+02,3.040928039550781250e+02,3.039360961914062500e+02,3.037449645996093750e+02,3.034877929687500000e+02,3.031488037109375000e+02,3.027093505859375000e+02,3.021394653320312500e+02,3.014958496093750000e+02,3.007091979980468750e+02,2.998744201660156250e+02,2.990604553222656250e+02,2.983417663574218750e+02,2.976893920898437500e+02,2.970775451660156250e+02,2.965752563476562500e+02,2.962214965820312500e+02,2.959654846191406250e+02,2.959389343261718750e+02,2.959933166503906250e+02,2.961220703125000000e+02,2.963049621582031250e+02,2.966010742187500000e+02,2.969474792480468750e+02,2.972442321777343750e+02,2.975097351074218750e+02,2.978275146484375000e+02,2.981300659179687500e+02,2.984158020019531250e+02,2.987158508300781250e+02,2.989348449707031250e+02,2.990627441406250000e+02,2.992448120117187500e+02,2.995400390625000000e+02,2.999576110839843750e+02,3.003793029785156250e+02,3.007041625976562500e+02,3.006913757324218750e+02,3.005900268554687500e+02,3.007223510742187500e+02,3.008881530761718750e+02,3.010450439453125000e+02,3.011697082519531250e+02,3.012190246582031250e+02,3.011280517578125000e+02,3.010480651855468750e+02,3.008323364257812500e+02,3.005848083496093750e+02,3.004208679199218750e+02,3.003923645019531250e+02,3.005075073242187500e+02,3.008204345703125000e+02,3.012064819335937500e+02,3.015489807128906250e+02,3.021209716796875000e+02,3.032557373046875000e+02,3.045139160156250000e+02,3.054270629882812500e+02,3.070557556152343750e+02,3.080930175781250000e+02,3.088777770996093750e+02,3.071834716796875000e+02,3.059638977050781250e+02,3.093777770996093750e+02,3.129110717773437500e+02,3.116224060058593750e+02,nan,nan,nan,nan,nan,nan,nan,nan,nan,nan,nan,nan
3.069188537597656250e+02,3.069156188964843750e+02,3.069120788574218750e+02,3.069092407226562500e+02,3.069060668945312500e+02,3.069036865234375000e+02,3.068960571289062500e+02,3.068891906738281250e+02,3.068865051269531250e+02,3.068818664550781250e+02,3.068746337890625000e+02,3.068677062988281250e+02,3.068606567382812500e+02,3.068462829589843750e+02,3.068368530273437500e+02,3.068314819335937500e+02,3.068209228515625000e+02,3.068086547851562500e+02,3.067891845703125000e+02,3.067675170898437500e+02,3.067433776855468750e+02,3.067198181152343750e+02,3.066966552734375000e+02,3.066718750000000000e+02,3.066504211425781250e+02,3.066316528320312500e+02,3.066228637695312500e+02,3.066158142089843750e+02,3.066049499511718750e+02,3.065958251953125000e+02,3.065907897949218750e+02,3.065913391113281250e+02,3.065806579589843750e+02,3.065670166015625000e+02,3.065614624023437500e+02,3.065476379394531250e+02,3.065303344726562500e+02,3.065131225585937500e+02,3.064945678710937500e+02,3.064775085449218750e+02,3.064604187011718750e+02,3.064431762695312500e+02,3.064238281250000000e+02,3.064099731445312500e+02,3.063973388671875000e+02,3.063792114257812500e+02,3.063638305664062500e+02,3.063541564941406250e+02,3.063466491699218750e+02,3.063474121093750000e+02,3.063604736328125000e+02,3.063754882812500000e+02,3.063818969726562500e+02,3.063782348632812500e+02,3.063677978515625000e+02,3.063507690429687500e+02,3.063333740234375000e+02,3.063182067871093750e+02,3.063001098632812500e+02,3.062797241210937500e+02,3.062558288574218750e+02,3.062262573242187500e+02,3.061923217773437500e+02,3.061556091308593750e+02,3.061161804199218750e+02,3.060713195800781250e+02,3.060160522460937500e+02,3.059430236816406250e+02,3.058649902343750000e+02,3.057862243652343750e+02,3.056881408691406250e+02,3.055634155273437500e+02,3.054016418457031250e+02,3.052278442382812500e+02,3.050808715820312500e+02,3.049689025878906250e+02,3.048835754394531250e+02,3.047994995117187500e+02,3.046905517578125000e+02,3.045755004882812500e+02,3.044676513671875000e+02,3.043586425781250000e+02,3.042351379394531250e+02,3.040933532714843750e+02,3.039258422851562500e+02,3.037220764160156250e+02,3.034432067871093750e+02,3.030868530273437500e+02,3.025876159667968750e+02,3.019747619628906250e+02,3.012392272949218750e+02,3.003743896484375000e+02,2.995225830078125000e+02,2.987251281738281250e+02,2.980222167968750000e+02,2.973485717773437500e+02,2.967255859375000000e+02,2.962584533691406250e+02,2.959105224609375000e+02,2.956485595703125000e+02,2.955942077636718750e+02,2.956585083007812500e+02,2.957913818359375000e+02,2.960587768554687500e+02,2.964259643554687500e+02,2.967852478027343750e+02,2.971072692871093750e+02,2.974114074707031250e+02,2.976829223632812500e+02,2.979398193359375000e+02,2.981818542480468750e+02,2.984514465332031250e+02,2.986490478515625000e+02,2.987904052734375000e+02,2.989810180664062500e+02,2.993280944824218750e+02,2.997003173828125000e+02,3.001054382324218750e+02,3.004039306640625000e+02,3.004536132812500000e+02,3.004713439941406250e+02,3.006658325195312500e+02,3.008833007812500000e+02,3.010899047851562500e+02,3.012462158203125000e+02,3.012822875976562500e+02,3.011866149902343750e+02,3.010071411132812500e+02,3.006999206542968750e+02,3.005581665039062500e+02,3.005653076171875000e+02,3.006914672851562500e+02,3.010025024414062500e+02,3.014876403808593750e+02,3.019870910644531250e+02,3.025281066894531250e+02,3.035052490234375000e+02,3.046936340332031250e+02,3.059499206542968750e+02,3.072040405273437500e+02,3.087332153320312500e+02,3.091223144531250000e+02,3.084711303710937500e+02,3.064828796386718750e+02,3.054396362304687500e+02,3.091220703125000000e+02,3.119150390625000000e+02,3.101336669921875000e+02,3.072686157226562500e+02,nan,nan,nan,nan,nan,nan,nan,nan,nan,nan,nan
3.069319152832031250e+02,3.069289855957031250e+02,3.069262695312500000e+02,3.069242858886718750e+02,3.069219970703125000e+02,3.069177551269531250e+02,3.069098815917968750e+02,3.069063720703125000e+02,3.069023742675781250e+02,3.068957824707031250e+02,3.068878173828125000e+02,3.068807373046875000e+02,3.068713073730468750e+02,3.068620910644531250e+02,3.068567504882812500e+02,3.068479614257812500e+02,3.068364257812500000e+02,3.068233947753906250e+02,3.068045959472656250e+02,3.067831115722656250e+02,3.067607421875000000e+02,3.067377014160156250e+02,3.067143859863281250e+02,3.066945800781250000e+02,3.066771240234375000e+02,3.066628417968750000e+02,3.066539916992187500e+02,3.066453857421875000e+02,3.066377868652343750e+02,3.066315612792968750e+02,3.066292419433593750e+02,3.066282348632812500e+02,3.066180725097656250e+02,3.066130065917968750e+02,3.066098937988281250e+02,3.065970153808593750e+02,3.065814208984375000e+02,3.065635375976562500e+02,3.065489501953125000e+02,3.065328674316406250e+02,3.065154113769531250e+02,3.064943847656250000e+02,3.064753112792968750e+02,3.064650878906250000e+02,3.064573669433593750e+02,3.064472656250000000e+02,3.064448242187500000e+02,3.064438781738281250e+02,3.064435729980468750e+02,3.064487915039062500e+02,3.064585266113281250e+02,3.064628295898437500e+02,3.064536743164062500e+02,3.064366149902343750e+02,3.064156188964843750e+02,3.063922119140625000e+02,3.063729553222656250e+02,3.063588562011718750e+02,3.063387451171875000e+02,3.063158264160156250e+02,3.062896423339843750e+02,3.062608947753906250e+02,3.062297973632812500e+02,3.061915588378906250e+02,3.061471252441406250e+02,3.060994873046875000e+02,3.060425109863281250e+02,3.059741516113281250e+02,3.058917541503906250e+02,3.058074340820312500e+02,3.057160339355468750e+02,3.055953369140625000e+02,3.054265747070312500e+02,3.052273864746093750e+02,3.050709533691406250e+02,3.049690246582031250e+02,3.048784484863281250e+02,3.047774047851562500e+02,3.046671447753906250e+02,3.045556640625000000e+02,3.044497375488281250e+02,3.043357238769531250e+02,3.042093811035156250e+02,3.040633850097656250e+02,3.038923950195312500e+02,3.036855468750000000e+02,3.034010009765625000e+02,3.030244140625000000e+02,3.024846496582031250e+02,3.018280029296875000e+02,3.010609741210937500e+02,3.002430419921875000e+02,2.994172058105468750e+02,2.986351318359375000e+02,2.979047546386718750e+02,2.971802062988281250e+02,2.965292358398437500e+02,2.960247192382812500e+02,2.956369018554687500e+02,2.954141540527343750e+02,2.954327087402343750e+02,2.955342102050781250e+02,2.957266235351562500e+02,2.960802001953125000e+02,2.964544677734375000e+02,2.968073730468750000e+02,2.971268310546875000e+02,2.974051513671875000e+02,2.976569519042968750e+02,2.978904418945312500e+02,2.980863647460937500e+02,2.983628845214843750e+02,2.986787414550781250e+02,2.989007263183593750e+02,2.992000732421875000e+02,2.996336975097656250e+02,3.000490417480468750e+02,3.003904113769531250e+02,3.007010192871093750e+02,3.007756958007812500e+02,3.009045410156250000e+02,3.011161804199218750e+02,3.013158264160156250e+02,3.015016174316406250e+02,3.016257934570312500e+02,3.015498046875000000e+02,3.013903198242187500e+02,3.012200012207031250e+02,3.011732177734375000e+02,3.013712463378906250e+02,3.016344909667968750e+02,3.019279479980468750e+02,3.023602905273437500e+02,3.027692260742187500e+02,3.032426147460937500e+02,3.038884582519531250e+02,3.047340087890625000e+02,3.056627807617187500e+02,3.066156616210937500e+02,3.075366210937500000e+02,3.084894409179687500e+02,3.083896484375000000e+02,3.070103454589843750e+02,3.049129943847656250e+02,3.050532836914062500e+02,3.090054931640625000e+02,3.092831420898437500e+02,3.067733154296875000e+02,3.007254028320312500e+02,3.001258850097656250e+02,nan,nan,nan,nan,nan,nan,nan,nan,nan,nan
3.069464721679687500e+02,3.069438476562500000e+02,3.069416198730468750e+02,3.069392700195312500e+02,3.069357299804687500e+02,3.069312133789062500e+02,3.069262390136718750e+02,3.069223327636718750e+02,3.069165954589843750e+02,3.069084777832031250e+02,3.069002075195312500e+02,3.068927612304687500e+02,3.068851318359375000e+02,3.068787841796875000e+02,3.068716125488281250e+02,3.068598937988281250e+02,3.068508605957031250e+02,3.068374938964843750e+02,3.068171997070312500e+02,3.067976074218750000e+02,3.067773437500000000e+02,3.067568054199218750e+02,3.067388000488281250e+02,3.067238464355468750e+02,3.067090759277343750e+02,3.066965942382812500e+02,3.066882324218750000e+02,3.066820678710937500e+02,3.066767883300781250e+02,3.066728515625000000e+02,3.066726684570312500e+02,3.066730651855468750e+02,3.066665649414062500e+02,3.066641845703125000e+02,3.066616516113281250e+02,3.066495056152343750e+02,3.066328735351562500e+02,3.066186218261718750e+02,3.066041870117187500e+02,3.065883483886718750e+02,3.065699462890625000e+02,3.065499572753906250e+02,3.065359497070312500e+02,3.065312500000000000e+02,3.065294799804687500e+02,3.065304565429687500e+02,3.065315856933593750e+02,3.065295715332031250e+02,3.065278320312500000e+02,3.065283508300781250e+02,3.065278930664062500e+02,3.065206298828125000e+02,3.064991149902343750e+02,3.064761352539062500e+02,3.064535827636718750e+02,3.064301147460937500e+02,3.064153442382812500e+02,3.064033203125000000e+02,3.063809814453125000e+02,3.063547668457031250e+02,3.063285217285156250e+02,3.063022155761718750e+02,3.062742309570312500e+02,3.062297668457031250e+02,3.061865234375000000e+02,3.061432800292968750e+02,3.060907287597656250e+02,3.060231933593750000e+02,3.059347534179687500e+02,3.058518981933593750e+02,3.057649536132812500e+02,3.056326599121093750e+02,3.054390563964843750e+02,3.052242431640625000e+02,3.050799865722656250e+02,3.049824523925781250e+02,3.048759155273437500e+02,3.047640075683593750e+02,3.046529846191406250e+02,3.045451965332031250e+02,3.044392700195312500e+02,3.043250732421875000e+02,3.042006530761718750e+02,3.040568542480468750e+02,3.038913574218750000e+02,3.036846008300781250e+02,3.033906250000000000e+02,3.029749755859375000e+02,3.024163513183593750e+02,3.017703857421875000e+02,3.010399475097656250e+02,3.002470703125000000e+02,2.994291076660156250e+02,2.986202392578125000e+02,2.978188781738281250e+02,2.970184326171875000e+02,2.962987060546875000e+02,2.957400817871093750e+02,2.953360595703125000e+02,2.951604309082031250e+02,2.952199096679687500e+02,2.954099731445312500e+02,2.957692565917968750e+02,2.961930541992187500e+02,2.965857238769531250e+02,2.969302978515625000e+02,2.972152404785156250e+02,2.974542541503906250e+02,2.976820678710937500e+02,2.979025573730468750e+02,2.981185913085937500e+02,2.984454956054687500e+02,2.988475952148437500e+02,2.991791992187500000e+02,2.995770568847656250e+02,3.000784912109375000e+02,3.004883117675781250e+02,3.008193359375000000e+02,3.011293945312500000e+02,3.013054504394531250e+02,3.015386657714843750e+02,3.017422485351562500e+02,3.018682861328125000e+02,3.020447998046875000e+02,3.020911560058593750e+02,3.019414672851562500e+02,3.018372192382812500e+02,3.018559875488281250e+02,3.021202392578125000e+02,3.025068054199218750e+02,3.029044189453125000e+02,3.033400878906250000e+02,3.037404785156250000e+02,3.041014404296875000e+02,3.046401977539062500e+02,3.052275085449218750e+02,3.058836059570312500e+02,3.066054992675781250e+02,3.073766174316406250e+02,3.080508728027343750e+02,3.086833801269531250e+02,3.082112426757812500e+02,3.065435791015625000e+02,3.049550170898437500e+02,3.072852172851562500e+02,3.091367187500000000e+02,3.068354187011718750e+02,3.043074951171875000e+02,2.988685302734375000e+02,2.989390563964843750e+02,nan,nan,nan,nan,nan,nan,nan,nan,nan,nan
3.069600830078125000e+02,3.069573364257812500e+02,3.069546813964843750e+02,3.069511718750000000e+02,3.069458923339843750e+02,3.069426879882812500e+02,3.069392089843750000e+02,3.069333190917968750e+02,3.069272155761718750e+02,3.069190063476562500e+02,3.069115905761718750e+02,3.069046630859375000e+02,3.068980407714843750e+02,3.068894042968750000e+02,3.068795471191406250e+02,3.068703002929687500e+02,3.068623046875000000e+02,3.068477478027343750e+02,3.068272094726562500e+02,3.068099365234375000e+02,3.067978820800781250e+02,3.067857971191406250e+02,3.067746887207031250e+02,3.067608642578125000e+02,3.067458496093750000e+02,3.067340698242187500e+02,3.067273864746093750e+02,3.067233886718750000e+02,3.067204589843750000e+02,3.067186889648437500e+02,3.067203979492187500e+02,3.067199096679687500e+02,3.067138671875000000e+02,3.067148132324218750e+02,3.067087707519531250e+02,3.066954345703125000e+02,3.066803588867187500e+02,3.066697082519531250e+02,3.066578369140625000e+02,3.066456604003906250e+02,3.066311645507812500e+02,3.066171264648437500e+02,3.066093139648437500e+02,3.066106567382812500e+02,3.066130676269531250e+02,3.066128234863281250e+02,3.066025085449218750e+02,3.065927124023437500e+02,3.065845642089843750e+02,3.065755615234375000e+02,3.065679931640625000e+02,3.065535888671875000e+02,3.065332031250000000e+02,3.065151977539062500e+02,3.064948730468750000e+02,3.064746398925781250e+02,3.064634399414062500e+02,3.064476318359375000e+02,3.064226989746093750e+02,3.063956298828125000e+02,3.063715820312500000e+02,3.063515625000000000e+02,3.063239440917968750e+02,3.062833251953125000e+02,3.062551269531250000e+02,3.062175598144531250e+02,3.061651611328125000e+02,3.060910644531250000e+02,3.059978637695312500e+02,3.059075622558593750e+02,3.058045043945312500e+02,3.056465759277343750e+02,3.054216918945312500e+02,3.052193603515625000e+02,3.050930175781250000e+02,3.049848937988281250e+02,3.048694458007812500e+02,3.047539978027343750e+02,3.046439819335937500e+02,3.045417175292968750e+02,3.044387207031250000e+02,3.043310241699218750e+02,3.042152404785156250e+02,3.040805969238281250e+02,3.039236755371093750e+02,3.037187194824218750e+02,3.034148864746093750e+02,3.030071411132812500e+02,3.025004882812500000e+02,3.019054565429687500e+02,3.011760864257812500e+02,3.003847961425781250e+02,2.995211486816406250e+02,2.986423950195312500e+02,2.977450866699218750e+02,2.968051147460937500e+02,2.959369201660156250e+02,2.952520141601562500e+02,2.947763671875000000e+02,2.946318664550781250e+02,2.948404235839843750e+02,2.952133789062500000e+02,2.957351379394531250e+02,2.962733764648437500e+02,2.967503967285156250e+02,2.971225280761718750e+02,2.973879089355468750e+02,2.976364135742187500e+02,2.978928222656250000e+02,2.981460266113281250e+02,2.984760131835937500e+02,2.989160156250000000e+02,2.993222351074218750e+02,2.997447204589843750e+02,3.002171020507812500e+02,3.007691040039062500e+02,3.011772155761718750e+02,3.016052551269531250e+02,3.019499206542968750e+02,3.021317749023437500e+02,3.022069091796875000e+02,3.022415161132812500e+02,3.023923339843750000e+02,3.026203308105468750e+02,3.026666564941406250e+02,3.026794738769531250e+02,3.027887268066406250e+02,3.029915161132812500e+02,3.033250732421875000e+02,3.037009277343750000e+02,3.041344299316406250e+02,3.045575561523437500e+02,3.048834228515625000e+02,3.052884216308593750e+02,3.059173889160156250e+02,3.064666442871093750e+02,3.070660400390625000e+02,3.077056579589843750e+02,3.082174377441406250e+02,3.086799011230468750e+02,3.094285888671875000e+02,3.092408752441406250e+02,3.077805786132812500e+02,3.077127990722656250e+02,3.101076660156250000e+02,3.075594482421875000e+02,nan,3.150093688964843750e+02,3.061274414062500000e+02,3.053174743652343750e+02,nan,nan,nan,nan,nan,nan,nan,nan,nan,nan
3.069725036621093750e+02,3.069688415527343750e+02,3.069656982421875000e+02,3.069598999023437500e+02,3.069544372558593750e+02,3.069537048339843750e+02,3.069491577148437500e+02,3.069418945312500000e+02,3.069356079101562500e+02,3.069289550781250000e+02,3.069216308593750000e+02,3.069143981933593750e+02,3.069070434570312500e+02,3.068981628417968750e+02,3.068887329101562500e+02,3.068822021484375000e+02,3.068740539550781250e+02,3.068592529296875000e+02,3.068405761718750000e+02,3.068306884765625000e+02,3.068274536132812500e+02,3.068188171386718750e+02,3.068076782226562500e+02,3.067910156250000000e+02,3.067763366699218750e+02,3.067669677734375000e+02,3.067630615234375000e+02,3.067610473632812500e+02,3.067600402832031250e+02,3.067593078613281250e+02,3.067608032226562500e+02,3.067588195800781250e+02,3.067569580078125000e+02,3.067566223144531250e+02,3.067467956542968750e+02,3.067340698242187500e+02,3.067217712402343750e+02,3.067121887207031250e+02,3.067043457031250000e+02,3.066943664550781250e+02,3.066835937500000000e+02,3.066740417480468750e+02,3.066722106933593750e+02,3.066762084960937500e+02,3.066768188476562500e+02,3.066663513183593750e+02,3.066498413085937500e+02,3.066390991210937500e+02,3.066273803710937500e+02,3.066149291992187500e+02,3.066076660156250000e+02,3.065949707031250000e+02,3.065800476074218750e+02,3.065643920898437500e+02,3.065440673828125000e+02,3.065265808105468750e+02,3.065147399902343750e+02,3.064963073730468750e+02,3.064709472656250000e+02,3.064463806152343750e+02,3.064272460937500000e+02,3.064139099121093750e+02,3.063898315429687500e+02,3.063632812500000000e+02,3.063377990722656250e+02,3.062917480468750000e+02,3.062305297851562500e+02,3.061465759277343750e+02,3.060364379882812500e+02,3.059380493164062500e+02,3.058204345703125000e+02,3.056334838867187500e+02,3.054010314941406250e+02,3.052332153320312500e+02,3.051169128417968750e+02,3.049944763183593750e+02,3.048787841796875000e+02,3.047690734863281250e+02,3.046683044433593750e+02,3.045714721679687500e+02,3.044750671386718750e+02,3.043754882812500000e+02,3.042734069824218750e+02,3.041517944335937500e+02,3.040112609863281250e+02,3.038152465820312500e+02,3.035202331542968750e+02,3.031451416015625000e+02,3.026734313964843750e+02,3.020689392089843750e+02,3.013641967773437500e+02,3.005508728027343750e+02,2.996566162109375000e+02,2.986874694824218750e+02,2.976078186035156250e+02,2.964994506835937500e+02,2.954855346679687500e+02,2.946935729980468750e+02,2.941816101074218750e+02,2.941401367187500000e+02,2.944418640136718750e+02,2.950126953125000000e+02,2.957343444824218750e+02,2.964008789062500000e+02,2.969476623535156250e+02,2.972884826660156250e+02,2.975396118164062500e+02,2.978263244628906250e+02,2.981215820312500000e+02,2.984294128417968750e+02,2.988581237792968750e+02,2.993908691406250000e+02,2.997954711914062500e+02,3.002418823242187500e+02,3.008163452148437500e+02,3.013462524414062500e+02,3.018189086914062500e+02,3.023453674316406250e+02,3.026738891601562500e+02,3.027595214843750000e+02,3.027215881347656250e+02,3.027660827636718750e+02,3.030388183593750000e+02,3.032357482910156250e+02,3.033498535156250000e+02,3.035452575683593750e+02,3.037878112792968750e+02,3.040947265625000000e+02,3.044605407714843750e+02,3.048977661132812500e+02,3.053707580566406250e+02,3.057315673828125000e+02,3.059984130859375000e+02,3.064522094726562500e+02,3.070101623535156250e+02,3.074915161132812500e+02,3.080516357421875000e+02,3.085594177246093750e+02,3.088035888671875000e+02,3.094810180664062500e+02,3.102108764648437500e+02,3.098172607421875000e+02,3.083948974609375000e+02,3.088403320312500000e+02,3.082292175292968750e+02,3.039448242187500000e+02,3.078101806640625000e+02,3.117366943359375000e+02,3.065159606933593750e+02,3.045890502929687500e+02,nan,nan,nan,nan,nan,nan,nan,nan,nan,nan
3.069805603027343750e+02,3.069744262695312500e+02,3.069713134765625000e+02,3.069667053222656250e+02,3.069652099609375000e+02,3.069637756347656250e+02,3.069558715820312500e+02,3.069491271972656250e+02,3.069437255859375000e+02,3.069368286132812500e+02,3.069282531738281250e+02,3.069201660156250000e+02,3.069137878417968750e+02,3.069077453613281250e+02,3.069016723632812500e+02,3.068946533203125000e+02,3.068879089355468750e+02,3.068748168945312500e+02,3.068618774414062500e+02,3.068578491210937500e+02,3.068528137207031250e+02,3.068417358398437500e+02,3.068275756835937500e+02,3.068130493164062500e+02,3.068029174804687500e+02,3.067970581054687500e+02,3.067955017089843750e+02,3.067941284179687500e+02,3.067927551269531250e+02,3.067908325195312500e+02,3.067901916503906250e+02,3.067876586914062500e+02,3.067871093750000000e+02,3.067823181152343750e+02,3.067741088867187500e+02,3.067640686035156250e+02,3.067546691894531250e+02,3.067460937500000000e+02,3.067388305664062500e+02,3.067303466796875000e+02,3.067205810546875000e+02,3.067154235839843750e+02,3.067149047851562500e+02,3.067167663574218750e+02,3.067129211425781250e+02,3.066984252929687500e+02,3.066864624023437500e+02,3.066806640625000000e+02,3.066720275878906250e+02,3.066667785644531250e+02,3.066643676757812500e+02,3.066530151367187500e+02,3.066375732421875000e+02,3.066199340820312500e+02,3.065999450683593750e+02,3.065877075195312500e+02,3.065772399902343750e+02,3.065605163574218750e+02,3.065372314453125000e+02,3.065143432617187500e+02,3.065002441406250000e+02,3.064949035644531250e+02,3.064737548828125000e+02,3.064471740722656250e+02,3.064061279296875000e+02,3.063455810546875000e+02,3.062717895507812500e+02,3.061736450195312500e+02,3.060566406250000000e+02,3.059607238769531250e+02,3.058287963867187500e+02,3.056299133300781250e+02,3.054310607910156250e+02,3.052778320312500000e+02,3.051463012695312500e+02,3.050255432128906250e+02,3.049284667968750000e+02,3.048345031738281250e+02,3.047443847656250000e+02,3.046544799804687500e+02,3.045670776367187500e+02,3.044802856445312500e+02,3.044020690917968750e+02,3.043007812500000000e+02,3.041799316406250000e+02,3.039883728027343750e+02,3.037029724121093750e+02,3.033414916992187500e+02,3.028596801757812500e+02,3.022595520019531250e+02,3.015868835449218750e+02,3.007756958007812500e+02,2.998551025390625000e+02,2.986988220214843750e+02,2.974630737304687500e+02,2.963046875000000000e+02,2.953198547363281250e+02,2.945395812988281250e+02,2.940865173339843750e+02,2.940999450683593750e+02,2.944090881347656250e+02,2.951487121582031250e+02,2.960206909179687500e+02,2.967239990234375000e+02,2.972083435058593750e+02,2.974639892578125000e+02,2.977635498046875000e+02,2.980757446289062500e+02,2.983715209960937500e+02,2.987203979492187500e+02,2.992042236328125000e+02,2.997929382324218750e+02,3.003522338867187500e+02,3.008975219726562500e+02,3.014005126953125000e+02,3.019113159179687500e+02,3.024495849609375000e+02,3.029600830078125000e+02,3.032557983398437500e+02,3.034299316406250000e+02,3.035441894531250000e+02,3.037318420410156250e+02,3.039862060546875000e+02,3.041581726074218750e+02,3.043493957519531250e+02,3.046143798828125000e+02,3.049158020019531250e+02,3.052869873046875000e+02,3.058069763183593750e+02,3.063408813476562500e+02,3.068296508789062500e+02,3.071128845214843750e+02,3.072853698730468750e+02,3.076477966308593750e+02,3.080906372070312500e+02,3.085062866210937500e+02,3.088986511230468750e+02,3.091314697265625000e+02,3.092932434082031250e+02,3.096790771484375000e+02,3.095625000000000000e+02,3.085301513671875000e+02,3.069790649414062500e+02,3.071310729980468750e+02,3.069874267578125000e+02,3.077084350585937500e+02,3.128843383789062500e+02,3.161681213378906250e+02,3.136855468750000000e+02,nan,nan,nan,nan,nan,nan,nan,nan,nan,nan,nan
3.069853515625000000e+02,3.069796752929687500e+02,3.069802551269531250e+02,3.069780883789062500e+02,3.069764709472656250e+02,3.069678039550781250e+02,3.069588623046875000e+02,3.069553222656250000e+02,3.069508972167968750e+02,3.069432373046875000e+02,3.069327087402343750e+02,3.069260559082031250e+02,3.069219360351562500e+02,3.069182128906250000e+02,3.069130249023437500e+02,3.069055480957031250e+02,3.069002380371093750e+02,3.068915405273437500e+02,3.068822631835937500e+02,3.068789367675781250e+02,3.068717956542968750e+02,3.068602294921875000e+02,3.068475646972656250e+02,3.068377990722656250e+02,3.068299560546875000e+02,3.068257751464843750e+02,3.068240356445312500e+02,3.068228759765625000e+02,3.068201599121093750e+02,3.068168334960937500e+02,3.068141479492187500e+02,3.068099975585937500e+02,3.068081665039062500e+02,3.068033752441406250e+02,3.067975463867187500e+02,3.067903137207031250e+02,3.067813415527343750e+02,3.067747802734375000e+02,3.067684326171875000e+02,3.067600402832031250e+02,3.067542114257812500e+02,3.067520446777343750e+02,3.067517089843750000e+02,3.067526855468750000e+02,3.067461242675781250e+02,3.067355957031250000e+02,3.067305908203125000e+02,3.067298889160156250e+02,3.067254638671875000e+02,3.067262878417968750e+02,3.067219848632812500e+02,3.067074279785156250e+02,3.066902160644531250e+02,3.066716308593750000e+02,3.066568603515625000e+02,3.066508789062500000e+02,3.066429748535156250e+02,3.066275634765625000e+02,3.066058959960937500e+02,3.065851745605468750e+02,3.065845336914062500e+02,3.065798339843750000e+02,3.065511474609375000e+02,3.065146484375000000e+02,3.064608154296875000e+02,3.063875122070312500e+02,3.063064575195312500e+02,3.062020263671875000e+02,3.060910034179687500e+02,3.059936218261718750e+02,3.058479003906250000e+02,3.056585693359375000e+02,3.054788513183593750e+02,3.053186035156250000e+02,3.051884765625000000e+02,3.050943603515625000e+02,3.050184936523437500e+02,3.049387207031250000e+02,3.048581848144531250e+02,3.047805175781250000e+02,3.047032470703125000e+02,3.046472778320312500e+02,3.045856933593750000e+02,3.044927673339843750e+02,3.043721008300781250e+02,3.041792602539062500e+02,3.039000244140625000e+02,3.035419616699218750e+02,3.030599670410156250e+02,3.025065002441406250e+02,3.018402709960937500e+02,3.009871215820312500e+02,2.999405517578125000e+02,2.986908874511718750e+02,2.974663391113281250e+02,2.963879699707031250e+02,2.954880981445312500e+02,2.947715759277343750e+02,2.944120788574218750e+02,2.945087585449218750e+02,2.949712524414062500e+02,2.957694396972656250e+02,2.966365051269531250e+02,2.972581787109375000e+02,2.976563415527343750e+02,2.979447021484375000e+02,2.983160705566406250e+02,2.986378173828125000e+02,2.989785461425781250e+02,2.993696289062500000e+02,2.999654235839843750e+02,3.006519470214843750e+02,3.014013061523437500e+02,3.019064941406250000e+02,3.022578125000000000e+02,3.028539733886718750e+02,3.034196777343750000e+02,3.038781127929687500e+02,3.042097167968750000e+02,3.044651794433593750e+02,3.047031250000000000e+02,3.049036254882812500e+02,3.051120605468750000e+02,3.053096618652343750e+02,3.055576477050781250e+02,3.058691406250000000e+02,3.062297058105468750e+02,3.066749572753906250e+02,3.073223571777343750e+02,3.078850402832031250e+02,3.083081054687500000e+02,3.083876342773437500e+02,3.084138793945312500e+02,3.086758422851562500e+02,3.090380249023437500e+02,3.093102416992187500e+02,3.094999084472656250e+02,3.095424194335937500e+02,3.094727478027343750e+02,3.090623474121093750e+02,3.082648010253906250e+02,3.069449462890625000e+02,3.060172729492187500e+02,3.073536071777343750e+02,3.086687927246093750e+02,3.108669433593750000e+02,3.152033996582031250e+02,3.178952636718750000e+02,3.115308837890625000e+02,3.074884033203125000e+02,nan,nan,nan,nan,nan,nan,nan,nan,nan,nan
3.069924926757812500e+02,3.069929504394531250e+02,3.069939575195312500e+02,3.069886474609375000e+02,3.069807434082031250e+02,3.069699401855468750e+02,3.069664916992187500e+02,3.069632873535156250e+02,3.069578857421875000e+02,3.069484558105468750e+02,3.069389648437500000e+02,3.069359741210937500e+02,3.069323425292968750e+02,3.069290466308593750e+02,3.069230957031250000e+02,3.069178771972656250e+02,3.069146118164062500e+02,3.069069213867187500e+02,3.068977355957031250e+02,3.068941040039062500e+02,3.068880920410156250e+02,3.068792724609375000e+02,3.068694152832031250e+02,3.068595275878906250e+02,3.068511657714843750e+02,3.068474731445312500e+02,3.068468322753906250e+02,3.068471679687500000e+02,3.068429565429687500e+02,3.068378295898437500e+02,3.068329467773437500e+02,3.068291931152343750e+02,3.068289794921875000e+02,3.068259277343750000e+02,3.068190612792968750e+02,3.068105163574218750e+02,3.068016357421875000e+02,3.067979431152343750e+02,3.067924499511718750e+02,3.067871704101562500e+02,3.067870788574218750e+02,3.067868957519531250e+02,3.067910156250000000e+02,3.067922973632812500e+02,3.067898254394531250e+02,3.067866210937500000e+02,3.067851562500000000e+02,3.067847290039062500e+02,3.067802734375000000e+02,3.067789306640625000e+02,3.067691955566406250e+02,3.067540588378906250e+02,3.067390747070312500e+02,3.067241210937500000e+02,3.067177429199218750e+02,3.067158508300781250e+02,3.067074279785156250e+02,3.066920471191406250e+02,3.066736450195312500e+02,3.066629028320312500e+02,3.066637268066406250e+02,3.066435852050781250e+02,3.066110229492187500e+02,3.065688476562500000e+02,3.065040283203125000e+02,3.064274291992187500e+02,3.063474426269531250e+02,3.062463073730468750e+02,3.061468505859375000e+02,3.060451354980468750e+02,3.059037780761718750e+02,3.057229309082031250e+02,3.055516662597656250e+02,3.054114685058593750e+02,3.053056640625000000e+02,3.052344055175781250e+02,3.051701354980468750e+02,3.050961914062500000e+02,3.050239868164062500e+02,3.049596252441406250e+02,3.049014587402343750e+02,3.048589477539062500e+02,3.047864685058593750e+02,3.046862792968750000e+02,3.045493469238281250e+02,3.043483276367187500e+02,3.040717773437500000e+02,3.037283630371093750e+02,3.032967224121093750e+02,3.027899780273437500e+02,3.020753479003906250e+02,3.011840820312500000e+02,3.001135253906250000e+02,2.989510498046875000e+02,2.979141845703125000e+02,2.970266418457031250e+02,2.962621459960937500e+02,2.957629699707031250e+02,2.956159362792968750e+02,2.959497985839843750e+02,2.966540527343750000e+02,2.974731445312500000e+02,2.982272338867187500e+02,2.987464294433593750e+02,2.990549011230468750e+02,2.993362731933593750e+02,2.996687316894531250e+02,2.999901428222656250e+02,3.003695373535156250e+02,3.008257141113281250e+02,3.015256042480468750e+02,3.022492980957031250e+02,3.028961791992187500e+02,3.032019653320312500e+02,3.036146240234375000e+02,3.042517089843750000e+02,3.047983398437500000e+02,3.052337341308593750e+02,3.056112060546875000e+02,3.059363708496093750e+02,3.061501464843750000e+02,3.062499084472656250e+02,3.063668823242187500e+02,3.065675964355468750e+02,3.068331604003906250e+02,3.072217407226562500e+02,3.076818847656250000e+02,3.082428894042968750e+02,3.088732299804687500e+02,3.093623962402343750e+02,3.096044921875000000e+02,3.094747924804687500e+02,3.094369812011718750e+02,3.096404724121093750e+02,3.098873596191406250e+02,3.100083007812500000e+02,3.101466674804687500e+02,3.101409912109375000e+02,3.098206787109375000e+02,3.088913574218750000e+02,3.080978088378906250e+02,3.072510681152343750e+02,3.074848937988281250e+02,3.084038696289062500e+02,3.082726440429687500e+02,3.097442016601562500e+02,3.113507080078125000e+02,3.099418334960937500e+02,3.033740539550781250e+02,3.001609191894531250e+02,nan,nan,nan,nan,nan,nan,nan,nan,nan,nan
3.070069580078125000e+02,3.070093688964843750e+02,3.070035400390625000e+02,3.069944763183593750e+02,3.069844665527343750e+02,3.069802856445312500e+02,3.069784545898437500e+02,3.069701232910156250e+02,3.069649047851562500e+02,3.069565429687500000e+02,3.069514770507812500e+02,3.069492492675781250e+02,3.069446716308593750e+02,3.069414367675781250e+02,3.069364318847656250e+02,3.069348754882812500e+02,3.069318847656250000e+02,3.069225463867187500e+02,3.069129028320312500e+02,3.069099731445312500e+02,3.069071044921875000e+02,3.069010009765625000e+02,3.068913879394531250e+02,3.068780517578125000e+02,3.068707275390625000e+02,3.068695678710937500e+02,3.068718566894531250e+02,3.068715209960937500e+02,3.068633117675781250e+02,3.068574523925781250e+02,3.068537597656250000e+02,3.068546142578125000e+02,3.068558044433593750e+02,3.068511962890625000e+02,3.068429260253906250e+02,3.068334960937500000e+02,3.068259277343750000e+02,3.068236694335937500e+02,3.068208312988281250e+02,3.068225708007812500e+02,3.068251953125000000e+02,3.068265075683593750e+02,3.068324890136718750e+02,3.068364562988281250e+02,3.068399353027343750e+02,3.068386840820312500e+02,3.068357543945312500e+02,3.068314819335937500e+02,3.068257141113281250e+02,3.068214721679687500e+02,3.068108825683593750e+02,3.067983398437500000e+02,3.067883300781250000e+02,3.067801513671875000e+02,3.067812805175781250e+02,3.067794189453125000e+02,3.067689819335937500e+02,3.067548828125000000e+02,3.067404785156250000e+02,3.067333068847656250e+02,3.067195739746093750e+02,3.066932678222656250e+02,3.066638793945312500e+02,3.066127014160156250e+02,3.065408325195312500e+02,3.064706115722656250e+02,3.063960571289062500e+02,3.063096923828125000e+02,3.062237548828125000e+02,3.061342773437500000e+02,3.060041809082031250e+02,3.058273010253906250e+02,3.056683959960937500e+02,3.055613708496093750e+02,3.054822998046875000e+02,3.054289550781250000e+02,3.053667297363281250e+02,3.052929382324218750e+02,3.052325744628906250e+02,3.051779174804687500e+02,3.051273498535156250e+02,3.050673522949218750e+02,3.049782409667968750e+02,3.048694458007812500e+02,3.047200927734375000e+02,3.045162048339843750e+02,3.042668151855468750e+02,3.039689331054687500e+02,3.036083984375000000e+02,3.031186828613281250e+02,3.024261474609375000e+02,3.015874328613281250e+02,3.006113891601562500e+02,2.996175842285156250e+02,2.987996215820312500e+02,2.981249389648437500e+02,2.975581665039062500e+02,2.973599243164062500e+02,2.975672607421875000e+02,2.982483520507812500e+02,2.990983886718750000e+02,2.998990478515625000e+02,3.006487426757812500e+02,3.010452270507812500e+02,3.012023925781250000e+02,3.013702392578125000e+02,3.015945739746093750e+02,3.018664550781250000e+02,3.022061767578125000e+02,3.027156066894531250e+02,3.034100036621093750e+02,3.040713500976562500e+02,3.045100402832031250e+02,3.047681579589843750e+02,3.052941589355468750e+02,3.059086608886718750e+02,3.064026794433593750e+02,3.068592529296875000e+02,3.072650146484375000e+02,3.075989990234375000e+02,3.076850891113281250e+02,3.076564331054687500e+02,3.076645507812500000e+02,3.078612365722656250e+02,3.081474609375000000e+02,3.086832580566406250e+02,3.091917724609375000e+02,3.097452392578125000e+02,3.102631530761718750e+02,3.106031494140625000e+02,3.106261596679687500e+02,3.103745422363281250e+02,3.103187561035156250e+02,3.103977661132812500e+02,3.105146789550781250e+02,3.104795532226562500e+02,3.107548522949218750e+02,3.105920410156250000e+02,3.099447937011718750e+02,3.088494873046875000e+02,3.083722534179687500e+02,3.081855163574218750e+02,3.083166503906250000e+02,3.075332031250000000e+02,3.060209960937500000e+02,3.060595092773437500e+02,3.045660400390625000e+02,3.002975158691406250e+02,2.905309448242187500e+02,2.908103332519531250e+02,nan,nan,nan,nan,nan,nan,nan,nan,nan,nan
3.070205688476562500e+02,3.070170288085937500e+02,3.070074157714843750e+02,3.069991760253906250e+02,3.069930114746093750e+02,3.069913940429687500e+02,3.069839172363281250e+02,3.069762573242187500e+02,3.069749145507812500e+02,3.069696655273437500e+02,3.069662475585937500e+02,3.069624633789062500e+02,3.069594726562500000e+02,3.069583129882812500e+02,3.069561462402343750e+02,3.069550781250000000e+02,3.069500427246093750e+02,3.069401245117187500e+02,3.069323120117187500e+02,3.069315795898437500e+02,3.069296875000000000e+02,3.069232177734375000e+02,3.069104309082031250e+02,3.068981628417968750e+02,3.068945312500000000e+02,3.068956298828125000e+02,3.068974914550781250e+02,3.068924560546875000e+02,3.068845214843750000e+02,3.068824768066406250e+02,3.068829345703125000e+02,3.068852539062500000e+02,3.068842468261718750e+02,3.068780212402343750e+02,3.068708190917968750e+02,3.068622436523437500e+02,3.068565368652343750e+02,3.068560485839843750e+02,3.068575744628906250e+02,3.068627929687500000e+02,3.068632812500000000e+02,3.068635559082031250e+02,3.068664245605468750e+02,3.068705749511718750e+02,3.068724670410156250e+02,3.068679504394531250e+02,3.068634643554687500e+02,3.068587036132812500e+02,3.068566894531250000e+02,3.068546752929687500e+02,3.068468322753906250e+02,3.068394470214843750e+02,3.068346557617187500e+02,3.068334045410156250e+02,3.068359680175781250e+02,3.068312377929687500e+02,3.068188476562500000e+02,3.068048706054687500e+02,3.067915039062500000e+02,3.067801208496093750e+02,3.067628479003906250e+02,3.067425537109375000e+02,3.067144775390625000e+02,3.066568298339843750e+02,3.065969848632812500e+02,3.065409545898437500e+02,3.064768371582031250e+02,3.064067077636718750e+02,3.063368225097656250e+02,3.062616271972656250e+02,3.061375427246093750e+02,3.059805908203125000e+02,3.058455810546875000e+02,3.057685546875000000e+02,3.057173767089843750e+02,3.056706848144531250e+02,3.056029052734375000e+02,3.055369262695312500e+02,3.054851074218750000e+02,3.054266052246093750e+02,3.053641357421875000e+02,3.052828063964843750e+02,3.051872558593750000e+02,3.050735473632812500e+02,3.049252319335937500e+02,3.047407226562500000e+02,3.045307922363281250e+02,3.042804260253906250e+02,3.039725952148437500e+02,3.035227050781250000e+02,3.029197082519531250e+02,3.021761474609375000e+02,3.013429260253906250e+02,3.005468139648437500e+02,2.999755859375000000e+02,2.994921875000000000e+02,2.991900634765625000e+02,2.992898254394531250e+02,2.998441772460937500e+02,3.007310180664062500e+02,3.015241699218750000e+02,3.023354797363281250e+02,3.029587707519531250e+02,3.031324157714843750e+02,3.031426696777343750e+02,3.032015380859375000e+02,3.033446044921875000e+02,3.035507812500000000e+02,3.038532104492187500e+02,3.043548583984375000e+02,3.049957885742187500e+02,3.055605773925781250e+02,3.059255676269531250e+02,3.062210083007812500e+02,3.068096923828125000e+02,3.073998413085937500e+02,3.078969116210937500e+02,3.083287658691406250e+02,3.086825561523437500e+02,3.088919067382812500e+02,3.088608398437500000e+02,3.087378540039062500e+02,3.087139282226562500e+02,3.089030151367187500e+02,3.092854614257812500e+02,3.097860717773437500e+02,3.101019897460937500e+02,3.105101928710937500e+02,3.108507690429687500e+02,3.109994201660156250e+02,3.108368225097656250e+02,3.105358276367187500e+02,3.103969421386718750e+02,3.103816833496093750e+02,3.104226684570312500e+02,3.103294372558593750e+02,3.106104125976562500e+02,3.098376464843750000e+02,3.087117309570312500e+02,3.074075622558593750e+02,3.074616699218750000e+02,3.077991333007812500e+02,3.072836303710937500e+02,3.057666931152343750e+02,3.039591979980468750e+02,3.033563232421875000e+02,3.006184387207031250e+02,2.954345703125000000e+02,2.854059143066406250e+02,2.894825744628906250e+02,nan,nan,nan,nan,nan,nan,nan,nan,nan,nan
3.070293884277343750e+02,3.070227661132812500e+02,3.070144958496093750e+02,3.070087280273437500e+02,3.070059204101562500e+02,3.070018005371093750e+02,3.069935913085937500e+02,3.069919433593750000e+02,3.069922180175781250e+02,3.069869384765625000e+02,3.069828491210937500e+02,3.069808654785156250e+02,3.069817504882812500e+02,3.069817810058593750e+02,3.069797363281250000e+02,3.069739379882812500e+02,3.069680175781250000e+02,3.069605407714843750e+02,3.069568481445312500e+02,3.069562377929687500e+02,3.069517211914062500e+02,3.069440917968750000e+02,3.069320678710937500e+02,3.069270935058593750e+02,3.069251403808593750e+02,3.069239196777343750e+02,3.069220581054687500e+02,3.069167785644531250e+02,3.069148254394531250e+02,3.069141540527343750e+02,3.069151611328125000e+02,3.069134521484375000e+02,3.069093627929687500e+02,3.069039916992187500e+02,3.068980712890625000e+02,3.068913574218750000e+02,3.068894958496093750e+02,3.068912353515625000e+02,3.068937377929687500e+02,3.068969726562500000e+02,3.068946533203125000e+02,3.068937988281250000e+02,3.068913574218750000e+02,3.068922119140625000e+02,3.068898315429687500e+02,3.068854980468750000e+02,3.068839416503906250e+02,3.068844299316406250e+02,3.068877563476562500e+02,3.068885192871093750e+02,3.068859252929687500e+02,3.068846130371093750e+02,3.068818054199218750e+02,3.068816528320312500e+02,3.068812255859375000e+02,3.068744812011718750e+02,3.068617248535156250e+02,3.068459167480468750e+02,3.068324584960937500e+02,3.068193054199218750e+02,3.068050537109375000e+02,3.067913818359375000e+02,3.067679748535156250e+02,3.067254333496093750e+02,3.066899719238281250e+02,3.066446533203125000e+02,3.065901794433593750e+02,3.065342712402343750e+02,3.064800415039062500e+02,3.064197692871093750e+02,3.063136291503906250e+02,3.061777343750000000e+02,3.060787048339843750e+02,3.060362854003906250e+02,3.059994506835937500e+02,3.059408264160156250e+02,3.058741760253906250e+02,3.058175354003906250e+02,3.057575683593750000e+02,3.056816406250000000e+02,3.055925292968750000e+02,3.054996948242187500e+02,3.054046936035156250e+02,3.052874755859375000e+02,3.051486816406250000e+02,3.049945983886718750e+02,3.048208312988281250e+02,3.046259155273437500e+02,3.043739624023437500e+02,3.040057678222656250e+02,3.035169677734375000e+02,3.029271850585937500e+02,3.023226623535156250e+02,3.018351135253906250e+02,3.015566406250000000e+02,3.013453674316406250e+02,3.013995361328125000e+02,3.017501220703125000e+02,3.024237060546875000e+02,3.031625061035156250e+02,3.037701721191406250e+02,3.043908691406250000e+02,3.046926879882812500e+02,3.045853881835937500e+02,3.044409179687500000e+02,3.044443664550781250e+02,3.045418701171875000e+02,3.047425537109375000e+02,3.050644226074218750e+02,3.055859985351562500e+02,3.062000732421875000e+02,3.067392272949218750e+02,3.071242065429687500e+02,3.074978942871093750e+02,3.081597290039062500e+02,3.087393493652343750e+02,3.091882019042968750e+02,3.094932250976562500e+02,3.097018737792968750e+02,3.097572631835937500e+02,3.096893920898437500e+02,3.095297546386718750e+02,3.095133972167968750e+02,3.097399291992187500e+02,3.100717163085937500e+02,3.102845153808593750e+02,3.104091186523437500e+02,3.106388244628906250e+02,3.108043212890625000e+02,3.107983703613281250e+02,3.104941406250000000e+02,3.101680297851562500e+02,3.100170593261718750e+02,3.100065307617187500e+02,3.099523315429687500e+02,3.097873535156250000e+02,3.097088623046875000e+02,3.080785522460937500e+02,3.064375305175781250e+02,3.046616821289062500e+02,3.068374023437500000e+02,3.075008544921875000e+02,3.063116455078125000e+02,3.044407958984375000e+02,3.027505798339843750e+02,3.027300109863281250e+02,3.007418212890625000e+02,2.957489318847656250e+02,2.935749816894531250e+02,2.982706298828125000e+02,nan,nan,nan,nan,nan,nan,nan,nan,nan,nan
3.070386047363281250e+02,3.070322875976562500e+02,3.070255432128906250e+02,3.070219726562500000e+02,3.070198364257812500e+02,3.070155029296875000e+02,3.070108642578125000e+02,3.070104675292968750e+02,3.070086059570312500e+02,3.070037841796875000e+02,3.070019531250000000e+02,3.070014648437500000e+02,3.070022888183593750e+02,3.070002136230468750e+02,3.069951171875000000e+02,3.069884033203125000e+02,3.069850463867187500e+02,3.069816284179687500e+02,3.069802856445312500e+02,3.069785156250000000e+02,3.069726257324218750e+02,3.069662170410156250e+02,3.069602050781250000e+02,3.069584350585937500e+02,3.069556884765625000e+02,3.069508666992187500e+02,3.069485778808593750e+02,3.069446411132812500e+02,3.069425048828125000e+02,3.069407043457031250e+02,3.069384765625000000e+02,3.069333801269531250e+02,3.069293823242187500e+02,3.069255981445312500e+02,3.069215087890625000e+02,3.069173583984375000e+02,3.069185180664062500e+02,3.069196166992187500e+02,3.069215393066406250e+02,3.069237670898437500e+02,3.069225463867187500e+02,3.069209289550781250e+02,3.069205627441406250e+02,3.069196166992187500e+02,3.069177246093750000e+02,3.069164123535156250e+02,3.069180297851562500e+02,3.069213256835937500e+02,3.069248352050781250e+02,3.069267883300781250e+02,3.069268798828125000e+02,3.069266967773437500e+02,3.069243164062500000e+02,3.069238891601562500e+02,3.069230651855468750e+02,3.069168701171875000e+02,3.069068298339843750e+02,3.068945922851562500e+02,3.068848266601562500e+02,3.068745422363281250e+02,3.068642578125000000e+02,3.068568115234375000e+02,3.068428039550781250e+02,3.068198242187500000e+02,3.067943115234375000e+02,3.067559509277343750e+02,3.067176513671875000e+02,3.066791687011718750e+02,3.066431884765625000e+02,3.065948486328125000e+02,3.065064392089843750e+02,3.064050598144531250e+02,3.063398437500000000e+02,3.063059082031250000e+02,3.062510375976562500e+02,3.061787109375000000e+02,3.061105346679687500e+02,3.060393371582031250e+02,3.059567565917968750e+02,3.058504028320312500e+02,3.057506713867187500e+02,3.056605529785156250e+02,3.055708007812500000e+02,3.054584350585937500e+02,3.053480834960937500e+02,3.052405395507812500e+02,3.051245727539062500e+02,3.049955444335937500e+02,3.048321228027343750e+02,3.045931396484375000e+02,3.042717285156250000e+02,3.039132080078125000e+02,3.035860595703125000e+02,3.033542480468750000e+02,3.032715759277343750e+02,3.032611083984375000e+02,3.033710937500000000e+02,3.036445922851562500e+02,3.039991760253906250e+02,3.042970275878906250e+02,3.045794677734375000e+02,3.048474426269531250e+02,3.048345336914062500e+02,3.045771484375000000e+02,3.045748291015625000e+02,3.047197265625000000e+02,3.049747924804687500e+02,3.053013916015625000e+02,3.057856445312500000e+02,3.064257202148437500e+02,3.070817260742187500e+02,3.077237548828125000e+02,3.081578674316406250e+02,3.086821594238281250e+02,3.092926025390625000e+02,3.097644653320312500e+02,3.100316467285156250e+02,3.101746215820312500e+02,3.102381896972656250e+02,3.102297668457031250e+02,3.101557922363281250e+02,3.100261840820312500e+02,3.100283813476562500e+02,3.102067565917968750e+02,3.103463745117187500e+02,3.103982543945312500e+02,3.104603576660156250e+02,3.105661621093750000e+02,3.106118164062500000e+02,3.104867553710937500e+02,3.102077941894531250e+02,3.100119934082031250e+02,3.099241027832031250e+02,3.098994750976562500e+02,3.097073059082031250e+02,3.094207458496093750e+02,3.095416870117187500e+02,nan,nan,nan,3.110707092285156250e+02,3.093848266601562500e+02,3.072195434570312500e+02,3.052801208496093750e+02,3.041068420410156250e+02,3.054703369140625000e+02,nan,3.087269287109375000e+02,3.085404357910156250e+02,3.075099487304687500e+02,nan,3.070422058105468750e+02,3.063405456542968750e+02,nan,nan,nan,nan,nan,nan,nan
3.070545043945312500e+02,3.070499267578125000e+02,3.070454101562500000e+02,3.070409240722656250e+02,3.070379638671875000e+02,3.070350036621093750e+02,3.070320739746093750e+02,3.070291748046875000e+02,3.070271911621093750e+02,3.070252075195312500e+02,3.070232849121093750e+02,3.070213317871093750e+02,3.070184326171875000e+02,3.070155334472656250e+02,3.070126342773437500e+02,3.070097045898437500e+02,3.070072631835937500e+02,3.070047607421875000e+02,3.070022888183593750e+02,3.069998168945312500e+02,3.069963378906250000e+02,3.069928588867187500e+02,3.069893493652343750e+02,3.069858093261718750e+02,3.069812927246093750e+02,3.069767150878906250e+02,3.069721374511718750e+02,3.069674987792968750e+02,3.069630126953125000e+02,3.069584045410156250e+02,3.069538269042968750e+02,3.069491882324218750e+02,3.069478454589843750e+02,3.069465026855468750e+02,3.069451599121093750e+02,3.069437866210937500e+02,3.069454956054687500e+02,3.069472351074218750e+02,3.069490051269531250e+02,3.069508056640625000e+02,3.069526672363281250e+02,3.069545898437500000e+02,3.069565124511718750e+02,3.069584960937500000e+02,3.069596252441406250e+02,3.069608154296875000e+02,3.069620056152343750e+02,3.069632568359375000e+02,3.069635314941406250e+02,3.069638061523437500e+02,3.069641418457031250e+02,3.069645080566406250e+02,3.069645996093750000e+02,3.069647216796875000e+02,3.069649047851562500e+02,3.069651184082031250e+02,3.069632873535156250e+02,3.069614562988281250e+02,3.069596557617187500e+02,3.069578247070312500e+02,3.069500427246093750e+02,3.069420776367187500e+02,3.069341430664062500e+02,3.069259948730468750e+02,3.069075927734375000e+02,3.068886718750000000e+02,3.068697204589843750e+02,3.068502197265625000e+02,3.068101196289062500e+02,3.067685546875000000e+02,3.067269592285156250e+02,3.066838684082031250e+02,3.066080627441406250e+02,3.065297241210937500e+02,3.064509887695312500e+02,3.063691101074218750e+02,3.062690734863281250e+02,3.061649475097656250e+02,3.060608520507812500e+02,3.059527587890625000e+02,3.058712768554687500e+02,3.057866821289062500e+02,3.057023925781250000e+02,3.056150512695312500e+02,3.055750427246093750e+02,3.055334777832031250e+02,3.054921569824218750e+02,3.054511108398437500e+02,3.054093627929687500e+02,3.053678588867187500e+02,3.053267211914062500e+02,3.052858276367187500e+02,3.051736450195312500e+02,3.050594787597656250e+02,3.049457092285156250e+02,3.048327331542968750e+02,3.046127624511718750e+02,3.043906250000000000e+02,3.041716003417968750e+02,3.039564514160156250e+02,3.038941955566406250e+02,3.038414916992187500e+02,3.037897949218750000e+02,3.037390747070312500e+02,3.042655944824218750e+02,3.048030395507812500e+02,3.053182067871093750e+02,3.058161315917968750e+02,3.065823669433593750e+02,3.073633422851562500e+02,3.081421203613281250e+02,3.089180603027343750e+02,3.092991638183593750e+02,3.096668090820312500e+02,3.100452880859375000e+02,3.104345092773437500e+02,3.104461059570312500e+02,3.104355773925781250e+02,3.104255676269531250e+02,3.104161682128906250e+02,3.103992309570312500e+02,3.103820495605468750e+02,3.103646545410156250e+02,3.103484802246093750e+02,3.103598937988281250e+02,3.103738708496093750e+02,3.103887329101562500e+02,3.104046325683593750e+02,3.103668823242187500e+02,3.103254089355468750e+02,3.102836303710937500e+02,3.102417907714843750e+02,3.101652526855468750e+02,3.100859069824218750e+02,3.100061035156250000e+02,3.099246826171875000e+02,3.098388977050781250e+02,3.097528076171875000e+02,3.096698303222656250e+02,3.095886535644531250e+02,3.094396972656250000e+02,3.092738952636718750e+02,3.091047668457031250e+02,3.089299621582031250e+02,3.085527343750000000e+02,3.081707763671875000e+02,3.078149414062500000e+02,3.074691467285156250e+02,3.068973999023437500e+02,3.062995605468750000e+02,3.057586669921875000e+02,3.052809448242187500e+02,3.047396240234375000e+02,nan,nan,nan,nan,nan,nan,nan
