3.136332988739013672e+00,3.127579689025878906e+00,3.116865634918212891e+00,3.108016967773437500e+00,3.100947856903076172e+00,3.095991373062133789e+00,3.091902732849121094e+00,3.087011575698852539e+00,3.082767248153686523e+00,3.076377630233764648e+00,3.070572376251220703e+00,3.065622091293334961e+00,3.061271667480468750e+00,3.058047533035278320e+00,3.056562423706054688e+00,3.058303356170654297e+00,3.061198472976684570e+00,3.066092014312744141e+00,3.071522951126098633e+00,3.080762147903442383e+00,3.092537641525268555e+00,3.103112936019897461e+00,3.113759994506835938e+00,3.122411012649536133e+00,3.133283615112304688e+00,3.152647256851196289e+00,3.175854444503784180e+00,3.195193052291870117e+00,3.213195562362670898e+00,3.233227014541625977e+00,3.254037141799926758e+00,3.278673648834228516e+00,3.307493448257446289e+00,3.338685989379882812e+00,3.371521234512329102e+00,3.399269342422485352e+00,3.428859949111938477e+00,3.468185901641845703e+00,3.506437540054321289e+00,3.540023803710937500e+00,3.571692466735839844e+00,3.611539363861083984e+00,3.650395870208740234e+00,3.680771827697753906e+00,3.672606468200683594e+00,3.646084785461425781e+00,3.638615846633911133e+00,3.557300329208374023e+00,3.471526145935058594e+00,3.384174346923828125e+00,3.308750867843627930e+00,3.201601028442382812e+00,3.060378551483154297e+00,2.922507524490356445e+00,2.791635751724243164e+00,2.684401035308837891e+00,2.553648233413696289e+00,2.224998712539672852e+00,1.612995147705078125e+00,1.016492962837219238e+00,nan,nan,nan,nan,nan,nan,nan,nan,nan,nan,nan,nan,nan,nan,nan,nan,nan,nan,nan,nan,nan,nan,nan,nan,nan,nan,nan,nan,nan,nan,nan,nan,nan,nan,nan,nan,nan,nan,nan,nan,nan,nan,nan,nan,nan,nan,nan,nan,nan,nan,nan,nan,nan,nan,nan,nan,nan,nan,nan,nan,nan,nan,nan,nan,nan,nan,nan,nan,nan,nan,nan,nan,nan,nan,nan,nan,nan,nan,nan,nan,nan,nan,nan,nan,nan,nan,nan,nan,nan,nan,nan,nan,nan,nan,nan,nan,nan,nan,nan,nan
3.142129659652709961e+00,3.136328935623168945e+00,3.128452062606811523e+00,3.121553182601928711e+00,3.115939855575561523e+00,3.111990213394165039e+00,3.106836795806884766e+00,3.099630594253540039e+00,3.092109918594360352e+00,3.084812164306640625e+00,3.079562425613403320e+00,3.075320959091186523e+00,3.071533203125000000e+00,3.069344758987426758e+00,3.068956851959228516e+00,3.071003913879394531e+00,3.073214054107666016e+00,3.077728509902954102e+00,3.086974859237670898e+00,3.099533796310424805e+00,3.111514806747436523e+00,3.118617534637451172e+00,3.125773906707763672e+00,3.136641263961791992e+00,3.153695583343505859e+00,3.176422357559204102e+00,3.196346282958984375e+00,3.211528301239013672e+00,3.225426912307739258e+00,3.246836662292480469e+00,3.271442651748657227e+00,3.300771474838256836e+00,3.329522848129272461e+00,3.356070041656494141e+00,3.385558843612670898e+00,3.417328834533691406e+00,3.454723358154296875e+00,3.489171504974365234e+00,3.521819829940795898e+00,3.545305728912353516e+00,3.580034494400024414e+00,3.634312868118286133e+00,3.677240133285522461e+00,3.708632707595825195e+00,3.707024335861206055e+00,3.667879104614257812e+00,3.620860099792480469e+00,3.583486557006835938e+00,3.522589206695556641e+00,3.446551084518432617e+00,3.395177602767944336e+00,3.303703069686889648e+00,3.143764257431030273e+00,2.968788385391235352e+00,2.811942815780639648e+00,2.691252946853637695e+00,2.568147182464599609e+00,2.340872049331665039e+00,1.946920156478881836e+00,1.386769771575927734e+00,6.864355206489562988e-01,nan,nan,nan,nan,nan,nan,nan,nan,nan,nan,nan,nan,nan,nan,nan,nan,nan,nan,nan,nan,nan,nan,nan,nan,nan,nan,nan,nan,nan,nan,nan,nan,nan,nan,nan,nan,nan,nan,nan,nan,nan,nan,nan,nan,nan,nan,nan,nan,nan,nan,nan,nan,nan,nan,nan,nan,nan,nan,nan,nan,nan,nan,nan,nan,nan,nan,nan,nan,nan,nan,nan,nan,nan,nan,nan,nan,nan,nan,nan,nan,nan,nan,nan,nan,nan,nan,nan,nan,nan,nan,nan,nan,nan,nan,nan,nan,nan,nan,nan
3.141548633575439453e+00,3.136171817779541016e+00,3.130520105361938477e+00,3.126003026962280273e+00,3.121918439865112305e+00,3.117652654647827148e+00,3.110996007919311523e+00,3.103036880493164062e+00,3.095908164978027344e+00,3.090759277343750000e+00,3.086758136749267578e+00,3.083215713500976562e+00,3.079773664474487305e+00,3.077936172485351562e+00,3.077216386795043945e+00,3.079120874404907227e+00,3.082299470901489258e+00,3.091130018234252930e+00,3.104657411575317383e+00,3.116806745529174805e+00,3.126699924468994141e+00,3.131404638290405273e+00,3.141097068786621094e+00,3.156044721603393555e+00,3.173371553421020508e+00,3.194787502288818359e+00,3.210803747177124023e+00,3.222843170166015625e+00,3.240480899810791016e+00,3.263652324676513672e+00,3.291061162948608398e+00,3.318456888198852539e+00,3.343478918075561523e+00,3.372291803359985352e+00,3.406816720962524414e+00,3.439495801925659180e+00,3.472676515579223633e+00,3.501431941986083984e+00,3.533268690109252930e+00,3.560815811157226562e+00,3.607176542282104492e+00,3.655553579330444336e+00,3.696020841598510742e+00,3.724174737930297852e+00,3.709099292755126953e+00,3.662763357162475586e+00,3.632230520248413086e+00,3.618158340454101562e+00,3.584813833236694336e+00,3.521545886993408203e+00,3.474309206008911133e+00,3.367475748062133789e+00,3.196264505386352539e+00,2.996591806411743164e+00,2.826574087142944336e+00,2.695977449417114258e+00,2.564357757568359375e+00,2.403030633926391602e+00,2.116040706634521484e+00,1.713760852813720703e+00,1.128435611724853516e+00,nan,nan,nan,nan,nan,nan,nan,nan,nan,nan,nan,nan,nan,nan,nan,nan,nan,nan,nan,nan,nan,nan,nan,nan,nan,nan,nan,nan,nan,nan,nan,nan,nan,nan,nan,nan,nan,nan,nan,nan,nan,nan,nan,nan,nan,nan,nan,nan,nan,nan,nan,nan,nan,nan,nan,nan,nan,nan,nan,nan,nan,nan,nan,nan,nan,nan,nan,nan,nan,nan,nan,nan,nan,nan,nan,nan,nan,nan,nan,nan,nan,nan,nan,nan,nan,nan,nan,nan,nan,nan,nan,nan,nan,nan,nan,nan,nan,nan,nan
3.139947175979614258e+00,3.135427713394165039e+00,3.132453918457031250e+00,3.129184961318969727e+00,3.124873399734497070e+00,3.118428230285644531e+00,3.111013889312744141e+00,3.104965209960937500e+00,3.099871158599853516e+00,3.095735073089599609e+00,3.091276407241821289e+00,3.087324619293212891e+00,3.084009647369384766e+00,3.082910537719726562e+00,3.084240674972534180e+00,3.086769819259643555e+00,3.094312906265258789e+00,3.107106924057006836e+00,3.123267650604248047e+00,3.134427309036254883e+00,3.138973474502563477e+00,3.145968675613403320e+00,3.159487247467041016e+00,3.178409337997436523e+00,3.194931507110595703e+00,3.210421085357666016e+00,3.223663091659545898e+00,3.237297296524047852e+00,3.261471033096313477e+00,3.285501718521118164e+00,3.311151742935180664e+00,3.334930658340454102e+00,3.364308595657348633e+00,3.399314165115356445e+00,3.437431097030639648e+00,3.469127893447875977e+00,3.490806102752685547e+00,3.520216226577758789e+00,3.555734872817993164e+00,3.593066215515136719e+00,3.635414838790893555e+00,3.669052362442016602e+00,3.707008123397827148e+00,3.725605249404907227e+00,3.696471452713012695e+00,3.669831752777099609e+00,3.674314498901367188e+00,3.668663263320922852e+00,3.644124746322631836e+00,3.590396165847778320e+00,3.507119894027709961e+00,3.391126632690429688e+00,3.263777494430541992e+00,3.056751966476440430e+00,2.867425441741943359e+00,2.715974807739257812e+00,2.583691120147705078e+00,2.451169729232788086e+00,2.245647192001342773e+00,1.933734059333801270e+00,1.482899904251098633e+00,8.736728429794311523e-01,nan,nan,nan,nan,nan,nan,nan,nan,nan,nan,nan,nan,nan,nan,nan,nan,nan,nan,nan,nan,nan,nan,nan,nan,nan,nan,nan,nan,nan,nan,nan,nan,nan,nan,nan,nan,nan,nan,nan,nan,nan,nan,nan,nan,nan,nan,nan,nan,nan,nan,nan,nan,nan,nan,nan,nan,nan,nan,nan,nan,nan,nan,nan,nan,nan,nan,nan,nan,nan,nan,nan,nan,nan,nan,nan,nan,nan,nan,nan,nan,nan,nan,nan,nan,nan,nan,nan,nan,nan,nan,nan,nan,nan,nan,nan,nan,nan,nan
3.140126466751098633e+00,3.136719942092895508e+00,3.134320735931396484e+00,3.130367040634155273e+00,3.124666929244995117e+00,3.117260694503784180e+00,3.110327720642089844e+00,3.105578899383544922e+00,3.100655078887939453e+00,3.095978021621704102e+00,3.090808153152465820e+00,3.086420774459838867e+00,3.084116220474243164e+00,3.085590124130249023e+00,3.091785669326782227e+00,3.097745895385742188e+00,3.107501983642578125e+00,3.121228218078613281e+00,3.135518074035644531e+00,3.144638538360595703e+00,3.150338411331176758e+00,3.162008523941040039e+00,3.178562879562377930e+00,3.196134090423583984e+00,3.208827972412109375e+00,3.219936609268188477e+00,3.233905792236328125e+00,3.252554655075073242e+00,3.278034925460815430e+00,3.302058696746826172e+00,3.328147888183593750e+00,3.357265710830688477e+00,3.394636392593383789e+00,3.428505897521972656e+00,3.463501453399658203e+00,3.489237785339355469e+00,3.510329961776733398e+00,3.542184352874755859e+00,3.580242395401000977e+00,3.615717172622680664e+00,3.647871494293212891e+00,3.676605463027954102e+00,3.707314968109130859e+00,3.694802045822143555e+00,3.673772096633911133e+00,3.704766035079956055e+00,3.724686384201049805e+00,3.722190141677856445e+00,3.692334413528442383e+00,3.638122081756591797e+00,3.549316644668579102e+00,3.440789461135864258e+00,3.347073078155517578e+00,3.143906831741333008e+00,2.920542955398559570e+00,2.749096870422363281e+00,2.623559951782226562e+00,2.499971389770507812e+00,2.326577425003051758e+00,2.069794893264770508e+00,1.672209858894348145e+00,1.050896286964416504e+00,nan,nan,nan,nan,nan,nan,nan,nan,nan,nan,nan,nan,nan,nan,nan,nan,nan,nan,nan,nan,nan,nan,nan,nan,nan,nan,nan,nan,nan,nan,nan,nan,nan,nan,nan,nan,nan,nan,nan,nan,nan,nan,nan,nan,nan,nan,nan,nan,nan,nan,nan,nan,nan,nan,nan,nan,nan,nan,nan,nan,nan,nan,nan,nan,nan,nan,nan,nan,nan,nan,nan,nan,nan,nan,nan,nan,nan,nan,nan,nan,nan,nan,nan,nan,nan,nan,nan,nan,nan,nan,nan,nan,nan,nan,nan,nan,nan,nan
3.140802145004272461e+00,3.137924432754516602e+00,3.133955478668212891e+00,3.128623962402343750e+00,3.122099876403808594e+00,3.115284204483032227e+00,3.109091997146606445e+00,3.104035615921020508e+00,3.098629951477050781e+00,3.094007730484008789e+00,3.089265108108520508e+00,3.086797952651977539e+00,3.087518930435180664e+00,3.093146562576293945e+00,3.102752923965454102e+00,3.113444089889526367e+00,3.122731924057006836e+00,3.134440898895263672e+00,3.144768714904785156e+00,3.154085397720336914e+00,3.165426492691040039e+00,3.178822994232177734e+00,3.193896293640136719e+00,3.203721046447753906e+00,3.214061737060546875e+00,3.226785421371459961e+00,3.244439840316772461e+00,3.265820741653442383e+00,3.290310859680175781e+00,3.317205667495727539e+00,3.348675012588500977e+00,3.388027667999267578e+00,3.426357746124267578e+00,3.452233552932739258e+00,3.480752944946289062e+00,3.503283977508544922e+00,3.534690618515014648e+00,3.566644430160522461e+00,3.600268125534057617e+00,3.628370046615600586e+00,3.656705141067504883e+00,3.682935714721679688e+00,3.689355850219726562e+00,3.667265653610229492e+00,3.712594032287597656e+00,3.767422914505004883e+00,3.778091669082641602e+00,3.765908241271972656e+00,3.732099056243896484e+00,3.674021959304809570e+00,3.599635124206542969e+00,3.507120847702026367e+00,3.418297767639160156e+00,3.236816406250000000e+00,2.991983413696289062e+00,2.806224107742309570e+00,2.678794384002685547e+00,2.553411245346069336e+00,2.387745618820190430e+00,2.153118371963500977e+00,1.797431111335754395e+00,1.212763428688049316e+00,nan,nan,nan,nan,nan,nan,nan,nan,nan,nan,nan,nan,nan,nan,nan,nan,nan,nan,nan,nan,nan,nan,nan,nan,nan,nan,nan,nan,nan,nan,nan,nan,nan,nan,nan,nan,nan,nan,nan,nan,nan,nan,nan,nan,nan,nan,nan,nan,nan,nan,nan,nan,nan,nan,nan,nan,nan,nan,nan,nan,nan,nan,nan,nan,nan,nan,nan,nan,nan,nan,nan,nan,nan,nan,nan,nan,nan,nan,nan,nan,nan,nan,nan,nan,nan,nan,nan,nan,nan,nan,nan,nan,nan,nan,nan,nan,nan,nan
3.140756607055664062e+00,3.137263774871826172e+00,3.131382703781127930e+00,3.124489307403564453e+00,3.117878198623657227e+00,3.111840009689331055e+00,3.106624126434326172e+00,3.101783037185668945e+00,3.097444057464599609e+00,3.094543933868408203e+00,3.092389106750488281e+00,3.093738794326782227e+00,3.098574399948120117e+00,3.107721805572509766e+00,3.117764949798583984e+00,3.128521919250488281e+00,3.136722326278686523e+00,3.144748210906982422e+00,3.154365301132202148e+00,3.165349006652832031e+00,3.176875591278076172e+00,3.187861204147338867e+00,3.198742389678955078e+00,3.205879688262939453e+00,3.218443393707275391e+00,3.235984563827514648e+00,3.257090568542480469e+00,3.279550075531005859e+00,3.307150125503540039e+00,3.340531349182128906e+00,3.378569126129150391e+00,3.420308589935302734e+00,3.452073812484741211e+00,3.472965002059936523e+00,3.497132062911987305e+00,3.523722887039184570e+00,3.557084083557128906e+00,3.585969209671020508e+00,3.614090204238891602e+00,3.640525579452514648e+00,3.665789127349853516e+00,3.690218448638916016e+00,3.692239046096801758e+00,3.706138849258422852e+00,3.784686565399169922e+00,3.819057941436767578e+00,3.814057111740112305e+00,3.791310310363769531e+00,3.753237485885620117e+00,3.684613704681396484e+00,3.612275362014770508e+00,3.556629657745361328e+00,3.487839221954345703e+00,3.325776576995849609e+00,3.084708929061889648e+00,2.894437551498413086e+00,2.765007495880126953e+00,2.652413368225097656e+00,2.489559888839721680e+00,2.262481451034545898e+00,1.942261815071105957e+00,1.416590332984924316e+00,nan,nan,nan,nan,nan,nan,nan,nan,nan,nan,nan,nan,nan,nan,nan,nan,nan,nan,nan,nan,nan,nan,nan,nan,nan,nan,nan,nan,nan,nan,nan,nan,nan,nan,nan,nan,nan,nan,nan,nan,nan,nan,nan,nan,nan,nan,nan,nan,nan,nan,nan,nan,nan,nan,nan,nan,nan,nan,nan,nan,nan,nan,nan,nan,nan,nan,nan,nan,nan,nan,nan,nan,nan,nan,nan,nan,nan,nan,nan,nan,nan,nan,nan,nan,nan,nan,nan,nan,nan,nan,nan,nan,nan,nan,nan,nan,nan,nan
3.140239715576171875e+00,3.135109186172485352e+00,3.127893924713134766e+00,3.121072769165039062e+00,3.115491151809692383e+00,3.110651969909667969e+00,3.106514453887939453e+00,3.102815151214599609e+00,3.100183248519897461e+00,3.099502325057983398e+00,3.101017713546752930e+00,3.105628967285156250e+00,3.113237857818603516e+00,3.122663021087646484e+00,3.130462169647216797e+00,3.136906385421752930e+00,3.143514871597290039e+00,3.151016473770141602e+00,3.161713123321533203e+00,3.172252893447875977e+00,3.181172609329223633e+00,3.189488410949707031e+00,3.199109554290771484e+00,3.211411714553833008e+00,3.228814840316772461e+00,3.249902963638305664e+00,3.272228002548217773e+00,3.297182559967041016e+00,3.331501960754394531e+00,3.371628999710083008e+00,3.412152290344238281e+00,3.444862365722656250e+00,3.471228122711181641e+00,3.490846157073974609e+00,3.512166738510131836e+00,3.537956476211547852e+00,3.567860603332519531e+00,3.595358371734619141e+00,3.624769210815429688e+00,3.650579690933227539e+00,3.674808502197265625e+00,3.699702978134155273e+00,3.727623939514160156e+00,3.754305601119995117e+00,3.805261850357055664e+00,3.822705268859863281e+00,3.808231353759765625e+00,3.782963275909423828e+00,3.738305330276489258e+00,3.638019800186157227e+00,3.603267192840576172e+00,3.592853069305419922e+00,3.538000583648681641e+00,3.404212474822998047e+00,3.205586671829223633e+00,3.018047809600830078e+00,2.891397476196289062e+00,2.785019397735595703e+00,2.634295225143432617e+00,2.419702291488647461e+00,2.129184722900390625e+00,1.689185976982116699e+00,1.138224124908447266e+00,nan,nan,nan,nan,nan,nan,nan,nan,nan,nan,nan,nan,nan,nan,nan,nan,nan,nan,nan,nan,nan,nan,nan,nan,nan,nan,nan,nan,nan,nan,nan,nan,nan,nan,nan,nan,nan,nan,nan,nan,nan,nan,nan,nan,nan,nan,nan,nan,nan,nan,nan,nan,nan,nan,nan,nan,nan,nan,nan,nan,nan,nan,nan,nan,nan,nan,nan,nan,nan,nan,nan,nan,nan,nan,nan,nan,nan,nan,nan,nan,nan,nan,nan,nan,nan,nan,nan,nan,nan,nan,nan,nan,nan,nan,nan,nan,nan
3.142662763595581055e+00,3.136349439620971680e+00,3.129108190536499023e+00,3.123871803283691406e+00,3.119187355041503906e+00,3.115030288696289062e+00,3.111117839813232422e+00,3.108233451843261719e+00,3.106767416000366211e+00,3.106789588928222656e+00,3.110035419464111328e+00,3.116400480270385742e+00,3.124670982360839844e+00,3.131657600402832031e+00,3.136833190917968750e+00,3.139403820037841797e+00,3.144375085830688477e+00,3.154725074768066406e+00,3.166578292846679688e+00,3.176985502243041992e+00,3.183035135269165039e+00,3.190736293792724609e+00,3.203090429306030273e+00,3.221735239028930664e+00,3.243822336196899414e+00,3.266765117645263672e+00,3.289560794830322266e+00,3.318948268890380859e+00,3.359926462173461914e+00,3.402369737625122070e+00,3.436988353729248047e+00,3.459628343582153320e+00,3.480862855911254883e+00,3.501249790191650391e+00,3.520156145095825195e+00,3.543138980865478516e+00,3.572467327117919922e+00,3.601979970932006836e+00,3.630373001098632812e+00,3.653219223022460938e+00,3.675014257431030273e+00,3.698284626007080078e+00,3.724130392074584961e+00,3.755873203277587891e+00,3.784515380859375000e+00,3.791935443878173828e+00,3.773828506469726562e+00,3.745516061782836914e+00,3.693061113357543945e+00,3.599717617034912109e+00,3.613618373870849609e+00,3.630941867828369141e+00,3.570254325866699219e+00,3.482844591140747070e+00,3.319566726684570312e+00,3.140834569931030273e+00,3.012959718704223633e+00,2.906293392181396484e+00,2.767120122909545898e+00,2.570792675018310547e+00,2.312781095504760742e+00,1.997656583786010742e+00,1.581097364425659180e+00,1.087558031082153320e+00,nan,nan,nan,nan,nan,nan,nan,nan,nan,nan,nan,nan,nan,nan,nan,nan,nan,nan,nan,nan,nan,nan,nan,nan,nan,nan,nan,nan,nan,nan,nan,nan,nan,nan,nan,nan,nan,nan,nan,nan,nan,nan,nan,nan,nan,nan,nan,nan,nan,nan,nan,nan,nan,nan,nan,nan,nan,nan,nan,nan,nan,nan,nan,nan,nan,nan,nan,nan,nan,nan,nan,nan,nan,nan,nan,nan,nan,nan,nan,nan,nan,nan,nan,nan,nan,nan,nan,nan,nan,nan,nan,nan,nan,nan,nan,nan
3.145296573638916016e+00,3.138631105422973633e+00,3.132995605468750000e+00,3.129232406616210938e+00,3.124399662017822266e+00,3.119940280914306641e+00,3.116072654724121094e+00,3.113867044448852539e+00,3.112452745437622070e+00,3.113167047500610352e+00,3.117852210998535156e+00,3.125006914138793945e+00,3.132464170455932617e+00,3.136418104171752930e+00,3.138951063156127930e+00,3.139989137649536133e+00,3.146038532257080078e+00,3.158401012420654297e+00,3.169350862503051758e+00,3.179740667343139648e+00,3.186490297317504883e+00,3.197131156921386719e+00,3.214402198791503906e+00,3.237355947494506836e+00,3.261058092117309570e+00,3.284797668457031250e+00,3.311398744583129883e+00,3.346770048141479492e+00,3.388438224792480469e+00,3.426335573196411133e+00,3.449678897857666016e+00,3.470966577529907227e+00,3.487557888031005859e+00,3.504488468170166016e+00,3.524030923843383789e+00,3.550354957580566406e+00,3.579128503799438477e+00,3.608075618743896484e+00,3.632969379425048828e+00,3.652210950851440430e+00,3.672425746917724609e+00,3.694321870803833008e+00,3.717514038085937500e+00,3.744459390640258789e+00,3.761154890060424805e+00,3.762079715728759766e+00,3.737119197845458984e+00,3.715445041656494141e+00,3.694629907608032227e+00,3.643831014633178711e+00,3.665444850921630859e+00,3.601929187774658203e+00,3.566029787063598633e+00,3.519308090209960938e+00,3.412151336669921875e+00,3.264271974563598633e+00,3.135321617126464844e+00,3.018129587173461914e+00,2.898387193679809570e+00,2.729181051254272461e+00,2.500918388366699219e+00,2.241158246994018555e+00,1.944501876831054688e+00,1.578367233276367188e+00,1.041047453880310059e+00,nan,nan,nan,nan,nan,nan,nan,nan,nan,nan,nan,nan,nan,nan,nan,nan,nan,nan,nan,nan,nan,nan,nan,nan,nan,nan,nan,nan,nan,nan,nan,nan,nan,nan,nan,nan,nan,nan,nan,nan,nan,nan,nan,nan,nan,nan,nan,nan,nan,nan,nan,nan,nan,nan,nan,nan,nan,nan,nan,nan,nan,nan,nan,nan,nan,nan,nan,nan,nan,nan,nan,nan,nan,nan,nan,nan,nan,nan,nan,nan,nan,nan,nan,nan,nan,nan,nan,nan,nan,nan,nan,nan,nan,nan,nan
3.148096799850463867e+00,3.141854763031005859e+00,3.137827873229980469e+00,3.133916378021240234e+00,3.128475666046142578e+00,3.123829841613769531e+00,3.120452165603637695e+00,3.119188070297241211e+00,3.118577718734741211e+00,3.120623826980590820e+00,3.127086162567138672e+00,3.133664131164550781e+00,3.138295650482177734e+00,3.139335870742797852e+00,3.140276193618774414e+00,3.142041921615600586e+00,3.151398420333862305e+00,3.165538072586059570e+00,3.175161123275756836e+00,3.184945344924926758e+00,3.194975614547729492e+00,3.209952831268310547e+00,3.231040716171264648e+00,3.256550788879394531e+00,3.280931472778320312e+00,3.305757284164428711e+00,3.338128328323364258e+00,3.374492645263671875e+00,3.413064956665039062e+00,3.440159082412719727e+00,3.459291934967041016e+00,3.482480764389038086e+00,3.499408245086669922e+00,3.513090133666992188e+00,3.538722276687622070e+00,3.566596984863281250e+00,3.592047214508056641e+00,3.616550445556640625e+00,3.637471437454223633e+00,3.653181076049804688e+00,3.671206712722778320e+00,3.691646575927734375e+00,3.711090326309204102e+00,3.732999563217163086e+00,3.735112667083740234e+00,3.720201015472412109e+00,3.702369928359985352e+00,3.700908184051513672e+00,3.695121288299560547e+00,3.679673671722412109e+00,3.624997615814208984e+00,3.561988830566406250e+00,3.573029756546020508e+00,3.563385009765625000e+00,3.499688863754272461e+00,3.376125812530517578e+00,3.248122692108154297e+00,3.120665073394775391e+00,3.022143125534057617e+00,2.888733386993408203e+00,2.676503181457519531e+00,2.432199716567993164e+00,2.195859909057617188e+00,1.935539126396179199e+00,1.484395146369934082e+00,nan,nan,nan,nan,nan,nan,nan,nan,nan,nan,nan,nan,nan,nan,nan,nan,nan,nan,nan,nan,nan,nan,nan,nan,nan,nan,nan,nan,nan,nan,nan,nan,nan,nan,nan,nan,nan,nan,nan,nan,nan,nan,nan,nan,nan,nan,nan,nan,nan,nan,nan,nan,nan,nan,nan,nan,nan,nan,nan,nan,nan,nan,nan,nan,nan,nan,nan,nan,nan,nan,nan,nan,nan,nan,nan,nan,nan,nan,nan,nan,nan,nan,nan,nan,nan,nan,nan,nan,nan,nan,nan,nan,nan,nan,nan
3.151396512985229492e+00,3.146760940551757812e+00,3.143263816833496094e+00,3.138354301452636719e+00,3.132273912429809570e+00,3.128079175949096680e+00,3.125716209411621094e+00,3.125639677047729492e+00,3.126224040985107422e+00,3.130468130111694336e+00,3.135807991027832031e+00,3.137825012207031250e+00,3.139760971069335938e+00,3.141277074813842773e+00,3.143193244934082031e+00,3.149009943008422852e+00,3.161419391632080078e+00,3.172702074050903320e+00,3.181499242782592773e+00,3.193487405776977539e+00,3.208135604858398438e+00,3.226515769958496094e+00,3.249925851821899414e+00,3.275526762008666992e+00,3.300110101699829102e+00,3.330310583114624023e+00,3.364439010620117188e+00,3.397182226181030273e+00,3.430764436721801758e+00,3.453452825546264648e+00,3.474421262741088867e+00,3.495053529739379883e+00,3.511591434478759766e+00,3.532085180282592773e+00,3.556021213531494141e+00,3.581431150436401367e+00,3.603031396865844727e+00,3.619689702987670898e+00,3.636124849319458008e+00,3.649645328521728516e+00,3.668016433715820312e+00,3.682828903198242188e+00,3.699488162994384766e+00,3.709402322769165039e+00,3.693812847137451172e+00,3.676839828491210938e+00,3.693508386611938477e+00,3.713148355484008789e+00,3.715760469436645508e+00,3.710185766220092773e+00,3.653103828430175781e+00,3.629730463027954102e+00,3.621740341186523438e+00,3.626430511474609375e+00,3.577669620513916016e+00,3.468260765075683594e+00,3.357485532760620117e+00,3.230582237243652344e+00,3.130499124526977539e+00,2.975109338760375977e+00,2.767616033554077148e+00,2.539230346679687500e+00,2.331028223037719727e+00,2.126367807388305664e+00,1.805107355117797852e+00,1.125058770179748535e+00,nan,nan,nan,nan,nan,nan,nan,nan,nan,nan,nan,nan,nan,nan,nan,nan,nan,nan,nan,nan,nan,nan,nan,nan,nan,nan,nan,nan,nan,nan,nan,nan,nan,nan,nan,nan,nan,nan,nan,nan,nan,nan,nan,nan,nan,nan,nan,nan,nan,nan,nan,nan,nan,nan,nan,nan,nan,nan,nan,nan,nan,nan,nan,nan,nan,nan,nan,nan,nan,nan,nan,nan,nan,nan,nan,nan,nan,nan,nan,nan,nan,nan,nan,nan,nan,nan,nan,nan,nan,nan,nan,nan,nan,nan
3.157769680023193359e+00,3.153840065002441406e+00,3.149477720260620117e+00,3.143375635147094727e+00,3.136902093887329102e+00,3.133893489837646484e+00,3.132638454437255859e+00,3.133531093597412109e+00,3.135517358779907227e+00,3.139996528625488281e+00,3.141882419586181641e+00,3.142337083816528320e+00,3.143203258514404297e+00,3.146819591522216797e+00,3.151696205139160156e+00,3.160202026367187500e+00,3.170024394989013672e+00,3.178673505783081055e+00,3.188694715499877930e+00,3.204165935516357422e+00,3.222515583038330078e+00,3.242264509201049805e+00,3.266324996948242188e+00,3.291577339172363281e+00,3.320043325424194336e+00,3.353838920593261719e+00,3.387284755706787109e+00,3.418084383010864258e+00,3.445007085800170898e+00,3.469574213027954102e+00,3.491600036621093750e+00,3.508818149566650391e+00,3.528717994689941406e+00,3.553905963897705078e+00,3.574378728866577148e+00,3.594711542129516602e+00,3.612661361694335938e+00,3.626262664794921875e+00,3.638710498809814453e+00,3.655158519744873047e+00,3.672435998916625977e+00,3.683651924133300781e+00,3.699818372726440430e+00,3.709970951080322266e+00,3.682121515274047852e+00,3.688987731933593750e+00,3.727717638015747070e+00,3.749821662902832031e+00,3.755131959915161133e+00,3.756662130355834961e+00,3.725565195083618164e+00,3.703013420104980469e+00,3.635727167129516602e+00,3.624341249465942383e+00,3.610757112503051758e+00,3.538337469100952148e+00,3.424467802047729492e+00,3.285839796066284180e+00,3.155100345611572266e+00,2.989526033401489258e+00,2.796736001968383789e+00,2.587718725204467773e+00,2.397889614105224609e+00,2.209596157073974609e+00,1.960066795349121094e+00,1.308409571647644043e+00,nan,nan,nan,nan,nan,nan,nan,nan,nan,nan,nan,nan,nan,nan,nan,nan,nan,nan,nan,nan,nan,nan,nan,nan,nan,nan,nan,nan,nan,nan,nan,nan,nan,nan,nan,nan,nan,nan,nan,nan,nan,nan,nan,nan,nan,nan,nan,nan,nan,nan,nan,nan,nan,nan,nan,nan,nan,nan,nan,nan,nan,nan,nan,nan,nan,nan,nan,nan,nan,nan,nan,nan,nan,nan,nan,nan,nan,nan,nan,nan,nan,nan,nan,nan,nan,nan,nan,nan,nan,nan,nan,nan,nan,nan
3.163722276687622070e+00,3.159778356552124023e+00,3.154501199722290039e+00,3.147556304931640625e+00,3.142281532287597656e+00,3.140165567398071289e+00,3.139679193496704102e+00,3.141116380691528320e+00,3.143937587738037109e+00,3.147344350814819336e+00,3.148281812667846680e+00,3.149288415908813477e+00,3.150724887847900391e+00,3.155434131622314453e+00,3.160629510879516602e+00,3.167899131774902344e+00,3.175097227096557617e+00,3.183314323425292969e+00,3.195643663406372070e+00,3.214933156967163086e+00,3.234232664108276367e+00,3.254734516143798828e+00,3.280754089355468750e+00,3.307986736297607422e+00,3.339488744735717773e+00,3.372527837753295898e+00,3.404309988021850586e+00,3.434457778930664062e+00,3.460530281066894531e+00,3.485645055770874023e+00,3.507659673690795898e+00,3.525904417037963867e+00,3.546787977218627930e+00,3.571797370910644531e+00,3.589311122894287109e+00,3.606953859329223633e+00,3.622210025787353516e+00,3.635226011276245117e+00,3.648195266723632812e+00,3.666565418243408203e+00,3.680862426757812500e+00,3.691593408584594727e+00,3.708657741546630859e+00,3.725633859634399414e+00,3.710559606552124023e+00,3.731922626495361328e+00,3.751393079757690430e+00,3.761612176895141602e+00,3.766271114349365234e+00,3.764509916305541992e+00,3.739573717117309570e+00,3.711694478988647461e+00,3.629365444183349609e+00,3.590522289276123047e+00,3.615901708602905273e+00,3.574101924896240234e+00,3.486124277114868164e+00,3.331512928009033203e+00,3.184145212173461914e+00,3.025393724441528320e+00,2.834513425827026367e+00,2.627391338348388672e+00,2.435148000717163086e+00,2.240500211715698242e+00,1.991485118865966797e+00,1.338719129562377930e+00,nan,nan,nan,nan,nan,nan,nan,nan,nan,nan,nan,nan,nan,nan,nan,nan,nan,nan,nan,nan,nan,nan,nan,nan,nan,nan,nan,nan,nan,nan,nan,nan,nan,nan,nan,nan,nan,nan,nan,nan,nan,nan,nan,nan,nan,nan,nan,nan,nan,nan,nan,nan,nan,nan,nan,nan,nan,nan,nan,nan,nan,nan,nan,nan,nan,nan,nan,nan,nan,nan,nan,nan,nan,nan,nan,nan,nan,nan,nan,nan,nan,nan,nan,nan,nan,nan,nan,nan,nan,nan,nan,nan,nan,nan
3.169299364089965820e+00,3.164765119552612305e+00,3.158654451370239258e+00,3.152540445327758789e+00,3.149276733398437500e+00,3.147146224975585938e+00,3.146790742874145508e+00,3.148319482803344727e+00,3.151147603988647461e+00,3.154039621353149414e+00,3.154173374176025391e+00,3.155011653900146484e+00,3.157308340072631836e+00,3.160732269287109375e+00,3.164261102676391602e+00,3.169355154037475586e+00,3.175460815429687500e+00,3.184767961502075195e+00,3.201407909393310547e+00,3.223679065704345703e+00,3.243479490280151367e+00,3.266761779785156250e+00,3.295087099075317383e+00,3.324083805084228516e+00,3.355823755264282227e+00,3.387443304061889648e+00,3.416899442672729492e+00,3.446760654449462891e+00,3.477882623672485352e+00,3.502206087112426758e+00,3.522831916809082031e+00,3.543175220489501953e+00,3.563827514648437500e+00,3.583127737045288086e+00,3.598674774169921875e+00,3.615145683288574219e+00,3.626724958419799805e+00,3.640551090240478516e+00,3.655761241912841797e+00,3.671180486679077148e+00,3.682865381240844727e+00,3.692296743392944336e+00,3.706563711166381836e+00,3.720736980438232422e+00,3.728435516357421875e+00,3.738106489181518555e+00,3.729895353317260742e+00,3.735626459121704102e+00,3.741931676864624023e+00,3.737831830978393555e+00,3.723217964172363281e+00,3.699506998062133789e+00,3.619672060012817383e+00,3.587257623672485352e+00,3.612048149108886719e+00,3.581089496612548828e+00,3.521248102188110352e+00,3.409528970718383789e+00,3.258005619049072266e+00,3.095933437347412109e+00,2.888783454895019531e+00,2.662146806716918945e+00,2.445429086685180664e+00,2.225706577301025391e+00,1.910672664642333984e+00,1.240044951438903809e+00,nan,nan,nan,nan,nan,nan,nan,nan,nan,nan,nan,nan,nan,nan,nan,nan,nan,nan,nan,nan,nan,nan,nan,nan,nan,nan,nan,nan,nan,nan,nan,nan,nan,nan,nan,nan,nan,nan,nan,nan,nan,nan,nan,nan,nan,nan,nan,nan,nan,nan,nan,nan,nan,nan,nan,nan,nan,nan,nan,nan,nan,nan,nan,nan,nan,nan,nan,nan,nan,nan,nan,nan,nan,nan,nan,nan,nan,nan,nan,nan,nan,nan,nan,nan,nan,nan,nan,nan,nan,nan,nan,nan,nan,nan
3.174295186996459961e+00,3.169065237045288086e+00,3.163387775421142578e+00,3.159798860549926758e+00,3.157439231872558594e+00,3.154796838760375977e+00,3.153432846069335938e+00,3.154186010360717773e+00,3.156626939773559570e+00,3.159126520156860352e+00,3.158581733703613281e+00,3.159796237945556641e+00,3.161390542984008789e+00,3.162267446517944336e+00,3.163869380950927734e+00,3.167689561843872070e+00,3.174178838729858398e+00,3.187265634536743164e+00,3.208156824111938477e+00,3.232372760772705078e+00,3.253895282745361328e+00,3.279423475265502930e+00,3.308640956878662109e+00,3.338810920715332031e+00,3.370732069015502930e+00,3.402405500411987305e+00,3.431990861892700195e+00,3.463069438934326172e+00,3.493500947952270508e+00,3.516602039337158203e+00,3.535971879959106445e+00,3.556486606597900391e+00,3.575288772583007812e+00,3.589939832687377930e+00,3.605134010314941406e+00,3.620929956436157227e+00,3.632376194000244141e+00,3.646253347396850586e+00,3.658525943756103516e+00,3.669054031372070312e+00,3.678601503372192383e+00,3.686115503311157227e+00,3.696090936660766602e+00,3.707856178283691406e+00,3.715312719345092773e+00,3.716024160385131836e+00,3.700922250747680664e+00,3.707818269729614258e+00,3.713466167449951172e+00,3.710608243942260742e+00,3.706646442413330078e+00,3.684279441833496094e+00,3.610546588897705078e+00,3.592912435531616211e+00,3.614091396331787109e+00,3.582626819610595703e+00,3.531953573226928711e+00,3.465659856796264648e+00,3.350403308868408203e+00,3.193178176879882812e+00,2.986563920974731445e+00,2.749054908752441406e+00,2.506886720657348633e+00,2.257051229476928711e+00,1.896634101867675781e+00,1.237343907356262207e+00,nan,nan,nan,nan,nan,nan,nan,nan,nan,nan,nan,nan,nan,nan,nan,nan,nan,nan,nan,nan,nan,nan,nan,nan,nan,nan,nan,nan,nan,nan,nan,nan,nan,nan,nan,nan,nan,nan,nan,nan,nan,nan,nan,nan,nan,nan,nan,nan,nan,nan,nan,nan,nan,nan,nan,nan,nan,nan,nan,nan,nan,nan,nan,nan,nan,nan,nan,nan,nan,nan,nan,nan,nan,nan,nan,nan,nan,nan,nan,nan,nan,nan,nan,nan,nan,nan,nan,nan,nan,nan,nan,nan,nan,nan
3.180770158767700195e+00,3.175709724426269531e+00,3.171969175338745117e+00,3.169157981872558594e+00,3.166198730468750000e+00,3.161353111267089844e+00,3.159595012664794922e+00,3.159763574600219727e+00,3.163030624389648438e+00,3.165347099304199219e+00,3.165370464324951172e+00,3.165057182312011719e+00,3.163801670074462891e+00,3.162163496017456055e+00,3.162765026092529297e+00,3.166880130767822266e+00,3.176304578781127930e+00,3.194132804870605469e+00,3.218447685241699219e+00,3.243699073791503906e+00,3.264984846115112305e+00,3.291528224945068359e+00,3.321894884109497070e+00,3.354984998703002930e+00,3.387109518051147461e+00,3.418186426162719727e+00,3.448931932449340820e+00,3.479290962219238281e+00,3.503453016281127930e+00,3.527782201766967773e+00,3.548939466476440430e+00,3.570065975189208984e+00,3.587478876113891602e+00,3.600303888320922852e+00,3.616656541824340820e+00,3.632714509963989258e+00,3.643538475036621094e+00,3.653411865234375000e+00,3.658845901489257812e+00,3.664564847946166992e+00,3.672806262969970703e+00,3.680734157562255859e+00,3.686424732208251953e+00,3.694570779800415039e+00,3.699787616729736328e+00,3.695422887802124023e+00,3.679047107696533203e+00,3.684656858444213867e+00,3.689985990524291992e+00,3.688157558441162109e+00,3.688549280166625977e+00,3.671919107437133789e+00,3.648274421691894531e+00,3.629028081893920898e+00,3.606114149093627930e+00,3.565082550048828125e+00,3.527144432067871094e+00,3.499235153198242188e+00,3.426223039627075195e+00,3.303066253662109375e+00,3.125614643096923828e+00,2.896024227142333984e+00,2.643610239028930664e+00,2.375792980194091797e+00,2.018705368041992188e+00,1.349126458168029785e+00,nan,nan,nan,nan,nan,nan,nan,nan,nan,nan,nan,nan,nan,nan,nan,nan,nan,nan,nan,nan,nan,nan,nan,nan,nan,nan,nan,nan,nan,nan,nan,nan,nan,nan,nan,nan,nan,nan,nan,nan,nan,nan,nan,nan,nan,nan,nan,nan,nan,nan,nan,nan,nan,nan,nan,nan,nan,nan,nan,nan,nan,nan,nan,nan,nan,nan,nan,nan,nan,nan,nan,nan,nan,nan,nan,nan,nan,nan,nan,nan,nan,nan,nan,nan,nan,nan,nan,nan,nan,nan,nan,nan,nan,nan
3.187621831893920898e+00,3.183335542678833008e+00,3.179638147354125977e+00,3.175465106964111328e+00,3.171944618225097656e+00,3.167155504226684570e+00,3.166303396224975586e+00,3.168905258178710938e+00,3.172082185745239258e+00,3.173351764678955078e+00,3.171064853668212891e+00,3.167299509048461914e+00,3.163904190063476562e+00,3.161629199981689453e+00,3.162889003753662109e+00,3.169143676757812500e+00,3.182296514511108398e+00,3.202445745468139648e+00,3.227794885635375977e+00,3.252618551254272461e+00,3.274441242218017578e+00,3.303100585937500000e+00,3.336162567138671875e+00,3.370656490325927734e+00,3.402774810791015625e+00,3.432991504669189453e+00,3.463871240615844727e+00,3.492158889770507812e+00,3.516386985778808594e+00,3.543531894683837891e+00,3.568485498428344727e+00,3.589435577392578125e+00,3.605560779571533203e+00,3.618151426315307617e+00,3.634906053543090820e+00,3.648479700088500977e+00,3.655138254165649414e+00,3.657683372497558594e+00,3.659784078598022461e+00,3.664209127426147461e+00,3.670140981674194336e+00,3.676356554031372070e+00,3.677359104156494141e+00,3.679028749465942383e+00,3.678543090820312500e+00,3.665306091308593750e+00,3.656414031982421875e+00,3.664584875106811523e+00,3.673521280288696289e+00,3.673548460006713867e+00,3.678000688552856445e+00,3.679817199707031250e+00,3.678862571716308594e+00,3.643532991409301758e+00,3.569321155548095703e+00,3.533349514007568359e+00,3.515324592590332031e+00,3.522491693496704102e+00,3.481899023056030273e+00,3.394133806228637695e+00,3.251831769943237305e+00,3.040213346481323242e+00,2.775456190109252930e+00,2.507869243621826172e+00,2.201113224029541016e+00,1.582355260848999023e+00,9.856104850769042969e-01,nan,nan,nan,nan,nan,nan,nan,nan,nan,nan,nan,nan,nan,nan,nan,nan,nan,nan,nan,nan,nan,nan,nan,nan,nan,nan,nan,nan,nan,nan,nan,nan,nan,nan,nan,nan,nan,nan,nan,nan,nan,nan,nan,nan,nan,nan,nan,nan,nan,nan,nan,nan,nan,nan,nan,nan,nan,nan,nan,nan,nan,nan,nan,nan,nan,nan,nan,nan,nan,nan,nan,nan,nan,nan,nan,nan,nan,nan,nan,nan,nan,nan,nan,nan,nan,nan,nan,nan,nan,nan,nan,nan,nan
3.194415092468261719e+00,3.189523220062255859e+00,3.184555530548095703e+00,3.180292129516601562e+00,3.178184509277343750e+00,3.177473068237304688e+00,3.180299520492553711e+00,3.182693481445312500e+00,3.181403636932373047e+00,3.178915023803710938e+00,3.173159360885620117e+00,3.166851043701171875e+00,3.163198471069335938e+00,3.161431789398193359e+00,3.164146423339843750e+00,3.173387527465820312e+00,3.187376976013183594e+00,3.208104372024536133e+00,3.231901407241821289e+00,3.257746696472167969e+00,3.284850835800170898e+00,3.315450191497802734e+00,3.350056171417236328e+00,3.384287118911743164e+00,3.417305946350097656e+00,3.448632478713989258e+00,3.479421138763427734e+00,3.508999586105346680e+00,3.538034915924072266e+00,3.566802263259887695e+00,3.589557170867919922e+00,3.609437942504882812e+00,3.625380754470825195e+00,3.641460180282592773e+00,3.653456449508666992e+00,3.661244153976440430e+00,3.660869121551513672e+00,3.659406661987304688e+00,3.661084175109863281e+00,3.661859512329101562e+00,3.664618253707885742e+00,3.663251399993896484e+00,3.661833047866821289e+00,3.661966800689697266e+00,3.646280050277709961e+00,3.633644104003906250e+00,3.647681951522827148e+00,3.658689260482788086e+00,3.667830467224121094e+00,3.668567657470703125e+00,3.672586679458618164e+00,3.671097278594970703e+00,3.667186021804809570e+00,3.624603033065795898e+00,3.570845842361450195e+00,3.540609121322631836e+00,3.526673793792724609e+00,3.540791749954223633e+00,3.520097732543945312e+00,3.461859703063964844e+00,3.352365016937255859e+00,3.172985792160034180e+00,2.911100625991821289e+00,2.648400783538818359e+00,2.383931398391723633e+00,1.908616900444030762e+00,1.332787513732910156e+00,1.010358452796936035e+00,1.016291499137878418e+00,7.335259914398193359e-01,nan,nan,nan,nan,nan,nan,nan,nan,nan,nan,nan,nan,nan,nan,nan,nan,nan,nan,nan,nan,nan,nan,nan,nan,nan,nan,nan,nan,nan,nan,nan,nan,nan,nan,nan,nan,nan,nan,nan,nan,nan,nan,nan,nan,nan,nan,nan,nan,nan,nan,nan,nan,nan,nan,nan,nan,nan,nan,nan,nan,nan,nan,nan,nan,nan,nan,nan,nan,nan,nan,nan,nan,nan,nan,nan,nan,nan,nan,nan,nan,nan,nan,nan,nan,nan,nan,nan,nan,nan,nan
3.200930595397949219e+00,3.196044921875000000e+00,3.191949605941772461e+00,3.190182209014892578e+00,3.190858840942382812e+00,3.193745851516723633e+00,3.196005344390869141e+00,3.193508148193359375e+00,3.188246965408325195e+00,3.180731534957885742e+00,3.172760248184204102e+00,3.165929555892944336e+00,3.161926746368408203e+00,3.160080671310424805e+00,3.163438796997070312e+00,3.174134492874145508e+00,3.188207387924194336e+00,3.208698511123657227e+00,3.234326601028442383e+00,3.264538526535034180e+00,3.296101570129394531e+00,3.329396486282348633e+00,3.364582538604736328e+00,3.399988651275634766e+00,3.434410572052001953e+00,3.468225479125976562e+00,3.498732089996337891e+00,3.529844999313354492e+00,3.563064098358154297e+00,3.589279651641845703e+00,3.610328674316406250e+00,3.630158901214599609e+00,3.648488283157348633e+00,3.662051677703857422e+00,3.666782140731811523e+00,3.664591789245605469e+00,3.658364534378051758e+00,3.655392885208129883e+00,3.655668020248413086e+00,3.653236627578735352e+00,3.649345874786376953e+00,3.645334959030151367e+00,3.647748231887817383e+00,3.647433519363403320e+00,3.627023696899414062e+00,3.632271051406860352e+00,3.654731512069702148e+00,3.661161422729492188e+00,3.663589715957641602e+00,3.664089918136596680e+00,3.665148258209228516e+00,3.664478063583374023e+00,3.664961099624633789e+00,3.641814947128295898e+00,3.597178936004638672e+00,3.562686204910278320e+00,3.551704406738281250e+00,3.565086364746093750e+00,3.552016019821166992e+00,3.513853073120117188e+00,3.430216789245605469e+00,3.292266130447387695e+00,3.061658382415771484e+00,2.806955575942993164e+00,2.567588329315185547e+00,2.184560298919677734e+00,1.787863969802856445e+00,1.543050646781921387e+00,1.437285065650939941e+00,1.224829196929931641e+00,nan,nan,nan,nan,nan,nan,nan,nan,nan,nan,nan,nan,nan,nan,nan,nan,nan,nan,nan,nan,nan,nan,nan,nan,nan,nan,nan,nan,nan,nan,nan,nan,nan,nan,nan,nan,nan,nan,nan,nan,nan,nan,nan,nan,nan,nan,nan,nan,nan,nan,nan,nan,nan,nan,nan,nan,nan,nan,nan,nan,nan,nan,nan,nan,nan,nan,nan,nan,nan,nan,nan,nan,nan,nan,nan,nan,nan,nan,nan,nan,nan,nan,nan,nan,nan,nan,nan,nan,nan,nan
3.210845947265625000e+00,3.207120418548583984e+00,3.204724550247192383e+00,3.204355239868164062e+00,3.205339193344116211e+00,3.206601858139038086e+00,3.204875707626342773e+00,3.198058605194091797e+00,3.189892768859863281e+00,3.179782629013061523e+00,3.170454502105712891e+00,3.163029432296752930e+00,3.158714771270751953e+00,3.156383037567138672e+00,3.159182071685791016e+00,3.168826580047607422e+00,3.183773517608642578e+00,3.209687471389770508e+00,3.239815473556518555e+00,3.273687124252319336e+00,3.308436393737792969e+00,3.344969511032104492e+00,3.383876085281372070e+00,3.420878410339355469e+00,3.456455230712890625e+00,3.490900039672851562e+00,3.523200750350952148e+00,3.555707931518554688e+00,3.587075948715209961e+00,3.611151695251464844e+00,3.634060859680175781e+00,3.653240919113159180e+00,3.667878150939941406e+00,3.672099113464355469e+00,3.668733358383178711e+00,3.660893201828002930e+00,3.653377771377563477e+00,3.647096872329711914e+00,3.645915746688842773e+00,3.640357732772827148e+00,3.634790658950805664e+00,3.632128000259399414e+00,3.635387897491455078e+00,3.636164188385009766e+00,3.628980159759521484e+00,3.641650199890136719e+00,3.645313978195190430e+00,3.649429082870483398e+00,3.650144577026367188e+00,3.651899814605712891e+00,3.653628826141357422e+00,3.657187461853027344e+00,3.664162874221801758e+00,3.647323131561279297e+00,3.634928464889526367e+00,3.627342700958251953e+00,3.590674400329589844e+00,3.566028356552124023e+00,3.554445743560791016e+00,3.538706541061401367e+00,3.479476928710937500e+00,3.378624677658081055e+00,3.206480741500854492e+00,2.977938652038574219e+00,2.736726045608520508e+00,2.421218872070312500e+00,2.082948923110961914e+00,1.841159462928771973e+00,1.700159907341003418e+00,1.450764179229736328e+00,6.691756248474121094e-01,nan,nan,nan,nan,nan,nan,nan,nan,nan,nan,nan,nan,nan,nan,nan,nan,nan,nan,nan,nan,nan,nan,nan,nan,nan,nan,nan,nan,nan,nan,nan,nan,nan,nan,nan,nan,nan,nan,nan,nan,nan,nan,nan,nan,nan,nan,nan,nan,nan,nan,nan,nan,nan,nan,nan,nan,nan,nan,nan,nan,nan,nan,nan,nan,nan,nan,nan,nan,nan,nan,nan,nan,nan,nan,nan,nan,nan,nan,nan,nan,nan,nan,nan,nan,nan,nan,nan,nan,nan
3.220557928085327148e+00,3.217378616333007812e+00,3.215608596801757812e+00,3.214618206024169922e+00,3.213958501815795898e+00,3.212350845336914062e+00,3.207265377044677734e+00,3.198040246963500977e+00,3.188704013824462891e+00,3.177929162979125977e+00,3.167412042617797852e+00,3.159044981002807617e+00,3.154164791107177734e+00,3.150767564773559570e+00,3.153588056564331055e+00,3.164498329162597656e+00,3.184681653976440430e+00,3.215214490890502930e+00,3.248704910278320312e+00,3.285948276519775391e+00,3.323803663253784180e+00,3.364498853683471680e+00,3.404528379440307617e+00,3.441395282745361328e+00,3.477449655532836914e+00,3.513386487960815430e+00,3.549011707305908203e+00,3.581664562225341797e+00,3.608777523040771484e+00,3.634226560592651367e+00,3.656187057495117188e+00,3.671863794326782227e+00,3.678981542587280273e+00,3.674986362457275391e+00,3.666163444519042969e+00,3.655792713165283203e+00,3.648017644882202148e+00,3.640820980072021484e+00,3.635224342346191406e+00,3.626646280288696289e+00,3.620694875717163086e+00,3.620330095291137695e+00,3.620203495025634766e+00,3.620401620864868164e+00,3.624926567077636719e+00,3.627373218536376953e+00,3.619564533233642578e+00,3.623213052749633789e+00,3.627915859222412109e+00,3.630992174148559570e+00,3.633577346801757812e+00,3.638708591461181641e+00,3.652347803115844727e+00,3.656340360641479492e+00,3.658535480499267578e+00,3.648275852203369141e+00,3.607725143432617188e+00,3.529975414276123047e+00,3.536505222320556641e+00,3.550020217895507812e+00,3.509554147720336914e+00,3.432532787322998047e+00,3.304872751235961914e+00,3.128146409988403320e+00,2.912688255310058594e+00,2.655273675918579102e+00,2.367173671722412109e+00,2.115066289901733398e+00,1.956375598907470703e+00,1.700583815574645996e+00,9.412959218025207520e-01,nan,nan,nan,nan,nan,nan,nan,nan,nan,nan,nan,nan,nan,nan,nan,nan,nan,nan,nan,nan,nan,nan,nan,nan,nan,nan,nan,nan,nan,nan,nan,nan,nan,nan,nan,nan,nan,nan,nan,nan,nan,nan,nan,nan,nan,nan,nan,nan,nan,nan,nan,nan,nan,nan,nan,nan,nan,nan,nan,nan,nan,nan,nan,nan,nan,nan,nan,nan,nan,nan,nan,nan,nan,nan,nan,nan,nan,nan,nan,nan,nan,nan,nan,nan,nan,nan,nan,nan,nan
3.229990243911743164e+00,3.226750373840332031e+00,3.224091291427612305e+00,3.221357583999633789e+00,3.219233274459838867e+00,3.216071844100952148e+00,3.209146022796630859e+00,3.200821161270141602e+00,3.191530466079711914e+00,3.178675413131713867e+00,3.165775537490844727e+00,3.155589580535888672e+00,3.149120569229125977e+00,3.145430803298950195e+00,3.149393320083618164e+00,3.163120985031127930e+00,3.186753273010253906e+00,3.221147298812866211e+00,3.258255720138549805e+00,3.299984693527221680e+00,3.342868804931640625e+00,3.384932041168212891e+00,3.424875974655151367e+00,3.463389635086059570e+00,3.501992702484130859e+00,3.540154457092285156e+00,3.575697422027587891e+00,3.606629371643066406e+00,3.633490085601806641e+00,3.657668352127075195e+00,3.676243543624877930e+00,3.685251951217651367e+00,3.684536933898925781e+00,3.674337387084960938e+00,3.662605524063110352e+00,3.650141716003417969e+00,3.640737056732177734e+00,3.632751941680908203e+00,3.625591516494750977e+00,3.617331504821777344e+00,3.609467506408691406e+00,3.609285593032836914e+00,3.608528137207031250e+00,3.611116409301757812e+00,3.612401008605957031e+00,3.608710050582885742e+00,3.598005294799804688e+00,3.601720333099365234e+00,3.609120845794677734e+00,3.612053394317626953e+00,3.615292310714721680e+00,3.624478340148925781e+00,3.641216993331909180e+00,3.652768850326538086e+00,3.651790142059326172e+00,3.636649847030639648e+00,3.616632461547851562e+00,3.557653903961181641e+00,3.574621915817260742e+00,3.559231042861938477e+00,3.532181501388549805e+00,3.471552133560180664e+00,3.372921705245971680e+00,3.220752000808715820e+00,3.026494741439819336e+00,2.804358243942260742e+00,2.545042514801025391e+00,2.301768779754638672e+00,2.158992767333984375e+00,1.983893036842346191e+00,1.436713337898254395e+00,nan,nan,nan,nan,nan,nan,nan,nan,nan,nan,nan,nan,nan,nan,nan,nan,nan,nan,nan,nan,nan,nan,nan,nan,nan,nan,nan,nan,nan,nan,nan,nan,nan,nan,nan,nan,nan,nan,nan,nan,nan,nan,nan,nan,nan,nan,nan,nan,nan,nan,nan,nan,nan,nan,nan,nan,nan,nan,nan,nan,nan,nan,nan,nan,nan,nan,nan,nan,nan,nan,nan,nan,nan,nan,nan,nan,nan,nan,nan,nan,nan,nan,nan,nan,nan,nan,nan,nan,nan
3.239366054534912109e+00,3.236077785491943359e+00,3.232984304428100586e+00,3.230310440063476562e+00,3.227653503417968750e+00,3.223789930343627930e+00,3.216332912445068359e+00,3.208290100097656250e+00,3.195893764495849609e+00,3.179439783096313477e+00,3.163114070892333984e+00,3.150830268859863281e+00,3.142903327941894531e+00,3.139364480972290039e+00,3.145663499832153320e+00,3.163303852081298828e+00,3.191920042037963867e+00,3.230743169784545898e+00,3.273196697235107422e+00,3.321187734603881836e+00,3.368924856185913086e+00,3.411192178726196289e+00,3.450672626495361328e+00,3.492566823959350586e+00,3.532131910324096680e+00,3.570243358612060547e+00,3.604188203811645508e+00,3.634443044662475586e+00,3.661792516708374023e+00,3.683302640914916992e+00,3.695723295211791992e+00,3.695956468582153320e+00,3.688710689544677734e+00,3.674322366714477539e+00,3.660208225250244141e+00,3.646294593811035156e+00,3.635387897491455078e+00,3.627691030502319336e+00,3.620768308639526367e+00,3.612782478332519531e+00,3.605302810668945312e+00,3.601340293884277344e+00,3.601438283920288086e+00,3.602016925811767578e+00,3.596387624740600586e+00,3.590491294860839844e+00,3.581453800201416016e+00,3.587425470352172852e+00,3.595661640167236328e+00,3.599852085113525391e+00,3.606917858123779297e+00,3.620288610458374023e+00,3.636197090148925781e+00,3.647562026977539062e+00,3.648302793502807617e+00,3.639010429382324219e+00,3.623122215270996094e+00,3.607054233551025391e+00,3.590241193771362305e+00,3.540509700775146484e+00,3.533804893493652344e+00,3.496098995208740234e+00,3.413110017776489258e+00,3.266284227371215820e+00,3.073200225830078125e+00,2.866572141647338867e+00,2.653712034225463867e+00,2.432595729827880859e+00,2.290781259536743164e+00,2.186803817749023438e+00,1.893199086189270020e+00,1.274170637130737305e+00,nan,nan,nan,nan,nan,nan,nan,nan,nan,nan,nan,nan,nan,nan,nan,nan,nan,nan,nan,nan,nan,nan,nan,nan,nan,nan,nan,nan,nan,nan,nan,nan,nan,nan,nan,nan,nan,nan,nan,nan,nan,nan,nan,nan,nan,nan,nan,nan,nan,nan,nan,nan,nan,nan,nan,nan,nan,nan,nan,nan,nan,nan,nan,nan,nan,nan,nan,nan,nan,nan,nan,nan,nan,nan,nan,nan,nan,nan,nan,nan,nan,nan,nan,nan,nan,nan,nan,nan
3.252366304397583008e+00,3.248962640762329102e+00,3.246408939361572266e+00,3.244212388992309570e+00,3.240615367889404297e+00,3.234630346298217773e+00,3.225396633148193359e+00,3.213812112808227539e+00,3.196828365325927734e+00,3.177544832229614258e+00,3.158744096755981445e+00,3.144025564193725586e+00,3.134612560272216797e+00,3.132164239883422852e+00,3.142942190170288086e+00,3.166562795639038086e+00,3.201200723648071289e+00,3.245769500732421875e+00,3.294833421707153320e+00,3.349583387374877930e+00,3.398601055145263672e+00,3.440294742584228516e+00,3.479995727539062500e+00,3.521927833557128906e+00,3.562713861465454102e+00,3.600274562835693359e+00,3.634212255477905273e+00,3.666673421859741211e+00,3.692293882369995117e+00,3.708688259124755859e+00,3.712120294570922852e+00,3.705410003662109375e+00,3.692937850952148438e+00,3.674651384353637695e+00,3.657665491104125977e+00,3.642811775207519531e+00,3.632873535156250000e+00,3.626113414764404297e+00,3.618689537048339844e+00,3.609620571136474609e+00,3.601901054382324219e+00,3.594891309738159180e+00,3.588686943054199219e+00,3.585761070251464844e+00,3.579103708267211914e+00,3.575349807739257812e+00,3.570227146148681641e+00,3.578826665878295898e+00,3.586205482482910156e+00,3.594235658645629883e+00,3.607504606246948242e+00,3.621851444244384766e+00,3.636868476867675781e+00,3.644992589950561523e+00,3.645917415618896484e+00,3.642570972442626953e+00,3.639774322509765625e+00,3.629402875900268555e+00,3.594849348068237305e+00,3.538670063018798828e+00,3.550928354263305664e+00,3.533355474472045898e+00,3.463949203491210938e+00,3.322525024414062500e+00,3.128525733947753906e+00,2.924231290817260742e+00,2.737525939941406250e+00,2.532493829727172852e+00,2.386709213256835938e+00,2.309501647949218750e+00,2.139115095138549805e+00,1.625052690505981445e+00,nan,nan,nan,nan,nan,nan,nan,nan,nan,nan,nan,nan,nan,nan,nan,nan,nan,nan,nan,nan,nan,nan,nan,nan,nan,nan,nan,nan,nan,nan,nan,nan,nan,nan,nan,nan,nan,nan,nan,nan,nan,nan,nan,nan,nan,nan,nan,nan,nan,nan,nan,nan,nan,nan,nan,nan,nan,nan,nan,nan,nan,nan,nan,nan,nan,nan,nan,nan,nan,nan,nan,nan,nan,nan,nan,nan,nan,nan,nan,nan,nan,nan,nan,nan,nan,nan,nan,nan
3.265290498733520508e+00,3.262403011322021484e+00,3.261045694351196289e+00,3.258399009704589844e+00,3.252695560455322266e+00,3.242984056472778320e+00,3.230274677276611328e+00,3.214718341827392578e+00,3.194988489151000977e+00,3.173375129699707031e+00,3.151573181152343750e+00,3.134649753570556641e+00,3.124622821807861328e+00,3.126011610031127930e+00,3.143142461776733398e+00,3.173562526702880859e+00,3.215093374252319336e+00,3.266554594039916992e+00,3.323321580886840820e+00,3.381967782974243164e+00,3.429712295532226562e+00,3.471608161926269531e+00,3.512544631958007812e+00,3.553747415542602539e+00,3.596096277236938477e+00,3.635838747024536133e+00,3.672608375549316406e+00,3.703775644302368164e+00,3.723779439926147461e+00,3.731522798538208008e+00,3.725765705108642578e+00,3.714816331863403320e+00,3.696948528289794922e+00,3.674238204956054688e+00,3.654819488525390625e+00,3.639895915985107422e+00,3.633188247680664062e+00,3.625533103942871094e+00,3.615609884262084961e+00,3.605502605438232422e+00,3.596259832382202148e+00,3.586080789566040039e+00,3.573656320571899414e+00,3.568228721618652344e+00,3.568781137466430664e+00,3.569532155990600586e+00,3.568318605422973633e+00,3.577037096023559570e+00,3.585335254669189453e+00,3.601193666458129883e+00,3.615954875946044922e+00,3.628741979598999023e+00,3.638714790344238281e+00,3.644907236099243164e+00,3.646973848342895508e+00,3.654926061630249023e+00,3.662147283554077148e+00,3.658073902130126953e+00,3.613314151763916016e+00,3.554258823394775391e+00,3.588925838470458984e+00,3.580588579177856445e+00,3.504612445831298828e+00,3.384324073791503906e+00,3.204100131988525391e+00,3.013039827346801758e+00,2.819776296615600586e+00,2.608627557754516602e+00,2.472581386566162109e+00,2.400894880294799805e+00,2.258592844009399414e+00,1.896422386169433594e+00,1.284986138343811035e+00,nan,nan,nan,nan,nan,nan,nan,nan,nan,nan,nan,nan,nan,nan,nan,nan,nan,nan,nan,nan,nan,nan,nan,nan,nan,nan,nan,nan,nan,nan,nan,nan,nan,nan,nan,nan,nan,nan,nan,nan,nan,nan,nan,nan,nan,nan,nan,nan,nan,nan,nan,nan,nan,nan,nan,nan,nan,nan,nan,nan,nan,nan,nan,nan,nan,nan,nan,nan,nan,nan,nan,nan,nan,nan,nan,nan,nan,nan,nan,nan,nan,nan,nan,nan,nan,nan,nan
3.278966188430786133e+00,3.277185916900634766e+00,3.275759696960449219e+00,3.270484447479248047e+00,3.261242628097534180e+00,3.248128652572631836e+00,3.232320308685302734e+00,3.213967084884643555e+00,3.191955804824829102e+00,3.166810035705566406e+00,3.141843318939208984e+00,3.122684001922607422e+00,3.114410877227783203e+00,3.121223688125610352e+00,3.145378112792968750e+00,3.184044122695922852e+00,3.234316110610961914e+00,3.293951511383056641e+00,3.357004642486572266e+00,3.416810512542724609e+00,3.464972734451293945e+00,3.508129596710205078e+00,3.551115512847900391e+00,3.593692779541015625e+00,3.636782169342041016e+00,3.678157091140747070e+00,3.713538646697998047e+00,3.739656448364257812e+00,3.751650810241699219e+00,3.750884294509887695e+00,3.737969398498535156e+00,3.721019744873046875e+00,3.697245836257934570e+00,3.670857906341552734e+00,3.650638818740844727e+00,3.637429237365722656e+00,3.630941867828369141e+00,3.620568275451660156e+00,3.608793497085571289e+00,3.597944736480712891e+00,3.586853027343750000e+00,3.576231002807617188e+00,3.565447568893432617e+00,3.560623645782470703e+00,3.568048238754272461e+00,3.574587106704711914e+00,3.575537443161010742e+00,3.583838462829589844e+00,3.595378637313842773e+00,3.612293004989624023e+00,3.624997377395629883e+00,3.635251045227050781e+00,3.643215179443359375e+00,3.650317192077636719e+00,3.657708406448364258e+00,3.673465490341186523e+00,3.686179399490356445e+00,3.681845664978027344e+00,3.629286050796508789e+00,3.580516815185546875e+00,3.618121623992919922e+00,3.605615139007568359e+00,3.529646158218383789e+00,3.443032503128051758e+00,3.296278238296508789e+00,3.104378700256347656e+00,2.895518779754638672e+00,2.671101808547973633e+00,2.533370494842529297e+00,2.464449644088745117e+00,2.355780124664306641e+00,2.065874338150024414e+00,1.591536879539489746e+00,1.057207703590393066e+00,nan,nan,nan,nan,nan,nan,nan,nan,nan,nan,nan,nan,nan,nan,nan,nan,nan,nan,nan,nan,nan,nan,nan,nan,nan,nan,nan,nan,nan,nan,nan,nan,nan,nan,nan,nan,nan,nan,nan,nan,nan,nan,nan,nan,nan,nan,nan,nan,nan,nan,nan,nan,nan,nan,nan,nan,nan,nan,nan,nan,nan,nan,nan,nan,nan,nan,nan,nan,nan,nan,nan,nan,nan,nan,nan,nan,nan,nan,nan,nan,nan,nan,nan,nan,nan,nan
3.293286085128784180e+00,3.291824579238891602e+00,3.287830352783203125e+00,3.279320716857910156e+00,3.266722917556762695e+00,3.251218318939208984e+00,3.233054637908935547e+00,3.211718559265136719e+00,3.185497045516967773e+00,3.155888557434082031e+00,3.127763986587524414e+00,3.108001470565795898e+00,3.103202581405639648e+00,3.116297960281372070e+00,3.149653911590576172e+00,3.199998378753662109e+00,3.261289834976196289e+00,3.330323457717895508e+00,3.395600557327270508e+00,3.456467866897583008e+00,3.505028486251831055e+00,3.549055099487304688e+00,3.593260765075683594e+00,3.637469291687011719e+00,3.679953098297119141e+00,3.717379570007324219e+00,3.746417284011840820e+00,3.765274763107299805e+00,3.770608901977539062e+00,3.763043403625488281e+00,3.742757558822631836e+00,3.717344284057617188e+00,3.688444137573242188e+00,3.661513805389404297e+00,3.643387317657470703e+00,3.631680965423583984e+00,3.621631860733032227e+00,3.609176635742187500e+00,3.598197698593139648e+00,3.586970329284667969e+00,3.575476169586181641e+00,3.566192150115966797e+00,3.560511112213134766e+00,3.563745021820068359e+00,3.571817874908447266e+00,3.578492879867553711e+00,3.578754663467407227e+00,3.585918188095092773e+00,3.596759796142578125e+00,3.610511541366577148e+00,3.621226549148559570e+00,3.629849910736083984e+00,3.640659332275390625e+00,3.650514841079711914e+00,3.664129972457885742e+00,3.674793481826782227e+00,3.689238309860229492e+00,3.690326213836669922e+00,3.647256135940551758e+00,3.644030094146728516e+00,3.610937118530273438e+00,3.597183942794799805e+00,3.567657947540283203e+00,3.511830568313598633e+00,3.388543128967285156e+00,3.196245193481445312e+00,2.970620393753051758e+00,2.734920501708984375e+00,2.605391025543212891e+00,2.540861368179321289e+00,2.444644927978515625e+00,2.226205825805664062e+00,1.897605657577514648e+00,1.466700553894042969e+00,9.108146429061889648e-01,nan,nan,nan,nan,nan,nan,nan,nan,nan,nan,nan,nan,nan,nan,nan,nan,nan,nan,nan,nan,nan,nan,nan,nan,nan,nan,nan,nan,nan,nan,nan,nan,nan,nan,nan,nan,nan,nan,nan,nan,nan,nan,nan,nan,nan,nan,nan,nan,nan,nan,nan,nan,nan,nan,nan,nan,nan,nan,nan,nan,nan,nan,nan,nan,nan,nan,nan,nan,nan,nan,nan,nan,nan,nan,nan,nan,nan,nan,nan,nan,nan,nan,nan,nan,nan
3.316537380218505859e+00,3.313356161117553711e+00,3.305797815322875977e+00,3.293246269226074219e+00,3.277049779891967773e+00,3.258380174636840820e+00,3.236125469207763672e+00,3.209401130676269531e+00,3.177168607711791992e+00,3.143078088760375977e+00,3.112654447555541992e+00,3.094195604324340820e+00,3.095031738281250000e+00,3.117920398712158203e+00,3.164443492889404297e+00,3.228255271911621094e+00,3.300313711166381836e+00,3.374634027481079102e+00,3.440535068511962891e+00,3.499900817871093750e+00,3.548342466354370117e+00,3.592531204223632812e+00,3.635915040969848633e+00,3.679346323013305664e+00,3.717876672744750977e+00,3.749433517456054688e+00,3.770935773849487305e+00,3.780551910400390625e+00,3.778164625167846680e+00,3.761279582977294922e+00,3.735895156860351562e+00,3.705637216567993164e+00,3.676987648010253906e+00,3.652330875396728516e+00,3.637187957763671875e+00,3.623907089233398438e+00,3.609104394912719727e+00,3.595585584640502930e+00,3.584006786346435547e+00,3.572171449661254883e+00,3.561970710754394531e+00,3.555150508880615234e+00,3.556264162063598633e+00,3.561417102813720703e+00,3.566237449645996094e+00,3.568211555480957031e+00,3.567316293716430664e+00,3.574306249618530273e+00,3.583092927932739258e+00,3.593174219131469727e+00,3.600672245025634766e+00,3.609656572341918945e+00,3.622936487197875977e+00,3.638014078140258789e+00,3.651411771774291992e+00,3.660896062850952148e+00,3.671103239059448242e+00,3.682164669036865234e+00,3.679628610610961914e+00,3.672434329986572266e+00,3.608516216278076172e+00,3.565864801406860352e+00,3.570634841918945312e+00,3.548144102096557617e+00,3.449906349182128906e+00,3.267419338226318359e+00,3.039193868637084961e+00,2.795973300933837891e+00,2.684293746948242188e+00,2.624882459640502930e+00,2.534286499023437500e+00,2.373546361923217773e+00,2.134693384170532227e+00,1.828702926635742188e+00,1.314499974250793457e+00,nan,nan,nan,nan,nan,nan,nan,nan,nan,nan,nan,nan,nan,nan,nan,nan,nan,nan,nan,nan,nan,nan,nan,nan,nan,nan,nan,nan,nan,nan,nan,nan,nan,nan,nan,nan,nan,nan,nan,nan,nan,nan,nan,nan,nan,nan,nan,nan,nan,nan,nan,nan,nan,nan,nan,nan,nan,nan,nan,nan,nan,nan,nan,nan,nan,nan,nan,nan,nan,nan,nan,nan,nan,nan,nan,nan,nan,nan,nan,nan,nan,nan,nan,nan,nan
3.339241027832031250e+00,3.333469152450561523e+00,3.321598529815673828e+00,3.304426431655883789e+00,3.284389734268188477e+00,3.260941028594970703e+00,3.233206987380981445e+00,3.200236082077026367e+00,3.163196802139282227e+00,3.127006292343139648e+00,3.095489740371704102e+00,3.080985307693481445e+00,3.092157125473022461e+00,3.130051374435424805e+00,3.192192316055297852e+00,3.268182039260864258e+00,3.347707271575927734e+00,3.424124240875244141e+00,3.490370988845825195e+00,3.549075126647949219e+00,3.596658229827880859e+00,3.638768672943115234e+00,3.680395841598510742e+00,3.721539497375488281e+00,3.754186391830444336e+00,3.778520584106445312e+00,3.791176319122314453e+00,3.791099071502685547e+00,3.779010772705078125e+00,3.755446434020996094e+00,3.730815172195434570e+00,3.702274084091186523e+00,3.674615383148193359e+00,3.651048421859741211e+00,3.632580280303955078e+00,3.611058235168457031e+00,3.592138767242431641e+00,3.578003168106079102e+00,3.567283868789672852e+00,3.556641340255737305e+00,3.549461841583251953e+00,3.546230077743530273e+00,3.549422264099121094e+00,3.551979780197143555e+00,3.552809238433837891e+00,3.553235530853271484e+00,3.556271076202392578e+00,3.561609745025634766e+00,3.566867113113403320e+00,3.572583436965942383e+00,3.578235149383544922e+00,3.588458299636840820e+00,3.606264352798461914e+00,3.620836496353149414e+00,3.630925416946411133e+00,3.640285253524780273e+00,3.655891656875610352e+00,3.672979831695556641e+00,3.678625583648681641e+00,3.661558866500854492e+00,3.589885950088500977e+00,3.545006036758422852e+00,3.571838378906250000e+00,3.562745332717895508e+00,3.499758481979370117e+00,3.348416328430175781e+00,3.143282890319824219e+00,2.905421018600463867e+00,2.791952610015869141e+00,2.710588932037353516e+00,2.616389989852905273e+00,2.473399639129638672e+00,2.284077405929565430e+00,2.059589624404907227e+00,1.716938972473144531e+00,1.385642528533935547e+00,nan,nan,nan,nan,nan,nan,nan,nan,nan,nan,nan,nan,nan,nan,nan,nan,nan,nan,nan,nan,nan,nan,nan,nan,nan,nan,nan,nan,nan,nan,nan,nan,nan,nan,nan,nan,nan,nan,nan,nan,nan,nan,nan,nan,nan,nan,nan,nan,nan,nan,nan,nan,nan,nan,nan,nan,nan,nan,nan,nan,nan,nan,nan,nan,nan,nan,nan,nan,nan,nan,nan,nan,nan,nan,nan,nan,nan,nan,nan,nan,nan,nan,nan,nan
3.361238241195678711e+00,3.350680589675903320e+00,3.332922697067260742e+00,3.310368776321411133e+00,3.285187244415283203e+00,3.256461620330810547e+00,3.223301887512207031e+00,3.185936689376831055e+00,3.147524356842041016e+00,3.110399007797241211e+00,3.079842329025268555e+00,3.073181390762329102e+00,3.099358797073364258e+00,3.155085086822509766e+00,3.234263181686401367e+00,3.320991039276123047e+00,3.405849218368530273e+00,3.483837366104125977e+00,3.549565553665161133e+00,3.607065200805664062e+00,3.652435779571533203e+00,3.691690206527709961e+00,3.731369256973266602e+00,3.769029378890991211e+00,3.794741392135620117e+00,3.809722423553466797e+00,3.813017129898071289e+00,3.804040431976318359e+00,3.784634828567504883e+00,3.760467529296875000e+00,3.732491493225097656e+00,3.703005075454711914e+00,3.674410343170166016e+00,3.648111820220947266e+00,3.619682788848876953e+00,3.593630552291870117e+00,3.574066877365112305e+00,3.561803102493286133e+00,3.552240848541259766e+00,3.543464660644531250e+00,3.538829565048217773e+00,3.540283679962158203e+00,3.543354272842407227e+00,3.544704675674438477e+00,3.544297933578491211e+00,3.547390222549438477e+00,3.549936056137084961e+00,3.551257371902465820e+00,3.552661657333374023e+00,3.554934501647949219e+00,3.561521291732788086e+00,3.574330091476440430e+00,3.593232154846191406e+00,3.603921413421630859e+00,3.612085103988647461e+00,3.627271890640258789e+00,3.649380207061767578e+00,3.671052217483520508e+00,3.678026676177978516e+00,3.666550397872924805e+00,3.600595235824584961e+00,3.581226348876953125e+00,3.608610868453979492e+00,3.595745086669921875e+00,3.543630838394165039e+00,3.436840772628784180e+00,3.274073600769042969e+00,3.054011106491088867e+00,2.929260969161987305e+00,2.810609817504882812e+00,2.690729856491088867e+00,2.553149461746215820e+00,2.391787290573120117e+00,2.212297201156616211e+00,2.041500329971313477e+00,1.826490640640258789e+00,1.201815605163574219e+00,nan,nan,nan,nan,nan,nan,nan,nan,nan,nan,nan,nan,nan,nan,nan,nan,nan,nan,nan,nan,nan,nan,nan,nan,nan,nan,nan,nan,nan,nan,nan,nan,nan,nan,nan,nan,nan,nan,nan,nan,nan,nan,nan,nan,nan,nan,nan,nan,nan,nan,nan,nan,nan,nan,nan,nan,nan,nan,nan,nan,nan,nan,nan,nan,nan,nan,nan,nan,nan,nan,nan,nan,nan,nan,nan,nan,nan,nan,nan,nan,nan,nan,nan
3.379540681838989258e+00,3.360850811004638672e+00,3.335687160491943359e+00,3.306958913803100586e+00,3.277205705642700195e+00,3.244420766830444336e+00,3.208039760589599609e+00,3.170295238494873047e+00,3.131125926971435547e+00,3.093483209609985352e+00,3.066655158996582031e+00,3.072399616241455078e+00,3.116986751556396484e+00,3.193434000015258789e+00,3.290780067443847656e+00,3.387861490249633789e+00,3.476285457611083984e+00,3.553695678710937500e+00,3.616371393203735352e+00,3.670586824417114258e+00,3.711908578872680664e+00,3.747935771942138672e+00,3.785615205764770508e+00,3.814780235290527344e+00,3.830149650573730469e+00,3.835593938827514648e+00,3.829880714416503906e+00,3.812713861465454102e+00,3.788794517517089844e+00,3.760872125625610352e+00,3.729207515716552734e+00,3.697352409362792969e+00,3.664189338684082031e+00,3.629871368408203125e+00,3.597604990005493164e+00,3.571084737777709961e+00,3.554155111312866211e+00,3.542397499084472656e+00,3.533737659454345703e+00,3.527889251708984375e+00,3.529667139053344727e+00,3.534557104110717773e+00,3.537704706192016602e+00,3.538237333297729492e+00,3.538719415664672852e+00,3.536538839340209961e+00,3.535349607467651367e+00,3.533274412155151367e+00,3.535179376602172852e+00,3.540779113769531250e+00,3.550316333770751953e+00,3.561524868011474609e+00,3.570109605789184570e+00,3.577986001968383789e+00,3.598052978515625000e+00,3.624134540557861328e+00,3.652112483978271484e+00,3.674221992492675781e+00,3.682278633117675781e+00,3.689297199249267578e+00,3.658780097961425781e+00,3.644674301147460938e+00,3.613069534301757812e+00,3.579668998718261719e+00,3.559292078018188477e+00,3.520474910736083984e+00,3.431823730468750000e+00,3.295850276947021484e+00,3.146198511123657227e+00,2.976565361022949219e+00,2.812147617340087891e+00,2.664961576461791992e+00,2.509765625000000000e+00,2.349250078201293945e+00,2.193506002426147461e+00,2.027251243591308594e+00,1.418208360671997070e+00,nan,nan,nan,nan,nan,nan,nan,nan,nan,nan,nan,nan,nan,nan,nan,nan,nan,nan,nan,nan,nan,nan,nan,nan,nan,nan,nan,nan,nan,nan,nan,nan,nan,nan,nan,nan,nan,nan,nan,nan,nan,nan,nan,nan,nan,nan,nan,nan,nan,nan,nan,nan,nan,nan,nan,nan,nan,nan,nan,nan,nan,nan,nan,nan,nan,nan,nan,nan,nan,nan,nan,nan,nan,nan,nan,nan,nan,nan,nan,nan,nan,nan,nan
3.386731386184692383e+00,3.360931396484375000e+00,3.330865144729614258e+00,3.299018144607543945e+00,3.266843318939208984e+00,3.232105970382690430e+00,3.195697784423828125e+00,3.158388376235961914e+00,3.118392705917358398e+00,3.081246614456176758e+00,3.061949253082275391e+00,3.085295677185058594e+00,3.156258106231689453e+00,3.258835554122924805e+00,3.372504472732543945e+00,3.475188493728637695e+00,3.562289237976074219e+00,3.634025335311889648e+00,3.690086841583251953e+00,3.737269639968872070e+00,3.771753072738647461e+00,3.804635047912597656e+00,3.834965229034423828e+00,3.849671125411987305e+00,3.854830265045166016e+00,3.851179599761962891e+00,3.837319850921630859e+00,3.813659429550170898e+00,3.785116910934448242e+00,3.751533031463623047e+00,3.713675498962402344e+00,3.678086280822753906e+00,3.638287544250488281e+00,3.598569631576538086e+00,3.566195487976074219e+00,3.542840003967285156e+00,3.529479980468750000e+00,3.519051551818847656e+00,3.510703086853027344e+00,3.511520385742187500e+00,3.516916036605834961e+00,3.523625135421752930e+00,3.525090456008911133e+00,3.524238109588623047e+00,3.525887966156005859e+00,3.522097826004028320e+00,3.512912988662719727e+00,3.513178348541259766e+00,3.518625020980834961e+00,3.528998374938964844e+00,3.540432929992675781e+00,3.552917242050170898e+00,3.555031776428222656e+00,3.571338415145874023e+00,3.605541944503784180e+00,3.638296127319335938e+00,3.669111967086791992e+00,3.688191652297973633e+00,3.703927993774414062e+00,3.717911720275878906e+00,3.705874443054199219e+00,3.666881799697875977e+00,3.576976776123046875e+00,3.562551736831665039e+00,3.590669870376586914e+00,3.621521949768066406e+00,3.597428798675537109e+00,3.505718231201171875e+00,3.327148675918579102e+00,3.112653493881225586e+00,2.926171779632568359e+00,2.775717973709106445e+00,2.626440763473510742e+00,2.477717876434326172e+00,2.329919815063476562e+00,2.178653478622436523e+00,1.609870553016662598e+00,nan,nan,nan,nan,nan,nan,nan,nan,nan,nan,nan,nan,nan,nan,nan,nan,nan,nan,nan,nan,nan,nan,nan,nan,nan,nan,nan,nan,nan,nan,nan,nan,nan,nan,nan,nan,nan,nan,nan,nan,nan,nan,nan,nan,nan,nan,nan,nan,nan,nan,nan,nan,nan,nan,nan,nan,nan,nan,nan,nan,nan,nan,nan,nan,nan,nan,nan,nan,nan,nan,nan,nan,nan,nan,nan,nan,nan,nan,nan,nan,nan,nan,nan
3.393210887908935547e+00,3.361459016799926758e+00,3.327787876129150391e+00,3.294171094894409180e+00,3.261137962341308594e+00,3.226608753204345703e+00,3.191840648651123047e+00,3.154312133789062500e+00,3.114622116088867188e+00,3.079616785049438477e+00,3.074759006500244141e+00,3.125537157058715820e+00,3.231637954711914062e+00,3.358855247497558594e+00,3.478728532791137695e+00,3.579372644424438477e+00,3.658019304275512695e+00,3.719136476516723633e+00,3.764179229736328125e+00,3.800729990005493164e+00,3.825107574462890625e+00,3.849403858184814453e+00,3.866199731826782227e+00,3.870159387588500977e+00,3.867312431335449219e+00,3.856665849685668945e+00,3.836078405380249023e+00,3.806269645690917969e+00,3.771285533905029297e+00,3.731437921524047852e+00,3.687407970428466797e+00,3.644241809844970703e+00,3.602529287338256836e+00,3.561661243438720703e+00,3.531895637512207031e+00,3.512692928314208984e+00,3.500997781753540039e+00,3.491698265075683594e+00,3.488373279571533203e+00,3.493352890014648438e+00,3.500711202621459961e+00,3.506402492523193359e+00,3.506247758865356445e+00,3.506928205490112305e+00,3.507697820663452148e+00,3.501755714416503906e+00,3.494423866271972656e+00,3.496952056884765625e+00,3.505168437957763672e+00,3.517923116683959961e+00,3.530944347381591797e+00,3.548971652984619141e+00,3.560052633285522461e+00,3.584984064102172852e+00,3.619798660278320312e+00,3.653179883956909180e+00,3.683374166488647461e+00,3.702458858489990234e+00,3.722109317779541016e+00,3.731889486312866211e+00,3.715695858001708984e+00,3.683167219161987305e+00,3.591707229614257812e+00,3.607234954833984375e+00,3.632254838943481445e+00,3.687864780426025391e+00,3.698724508285522461e+00,3.630333423614501953e+00,3.442245006561279297e+00,3.270533084869384766e+00,3.061710596084594727e+00,2.895614385604858398e+00,2.724446058273315430e+00,2.560878038406372070e+00,2.410907030105590820e+00,2.272703170776367188e+00,1.940356254577636719e+00,nan,nan,nan,nan,nan,nan,nan,nan,nan,nan,nan,nan,nan,nan,nan,nan,nan,nan,nan,nan,nan,nan,nan,nan,nan,nan,nan,nan,nan,nan,nan,nan,nan,nan,nan,nan,nan,nan,nan,nan,nan,nan,nan,nan,nan,nan,nan,nan,nan,nan,nan,nan,nan,nan,nan,nan,nan,nan,nan,nan,nan,nan,nan,nan,nan,nan,nan,nan,nan,nan,nan,nan,nan,nan,nan,nan,nan,nan,nan,nan,nan,nan,nan
3.401191234588623047e+00,3.367049932479858398e+00,3.334570407867431641e+00,3.305386304855346680e+00,3.276153087615966797e+00,3.244994401931762695e+00,3.210963010787963867e+00,3.171265840530395508e+00,3.129375219345092773e+00,3.104077100753784180e+00,3.128430604934692383e+00,3.221447944641113281e+00,3.361659288406372070e+00,3.498744964599609375e+00,3.614546298980712891e+00,3.703135728836059570e+00,3.763396263122558594e+00,3.805855751037597656e+00,3.834940671920776367e+00,3.856984615325927734e+00,3.869267702102661133e+00,3.881472110748291016e+00,3.887326717376708984e+00,3.884946823120117188e+00,3.876702308654785156e+00,3.860297679901123047e+00,3.831943988800048828e+00,3.794650316238403320e+00,3.753105878829956055e+00,3.707739114761352539e+00,3.658398151397705078e+00,3.608062744140625000e+00,3.564595937728881836e+00,3.528272628784179688e+00,3.501243352890014648e+00,3.483873605728149414e+00,3.471924781799316406e+00,3.466889142990112305e+00,3.469717025756835938e+00,3.477152585983276367e+00,3.485512018203735352e+00,3.489742994308471680e+00,3.490829467773437500e+00,3.491864681243896484e+00,3.490062713623046875e+00,3.483948230743408203e+00,3.479970693588256836e+00,3.481193065643310547e+00,3.489785671234130859e+00,3.501759052276611328e+00,3.516762018203735352e+00,3.536994695663452148e+00,3.556918382644653320e+00,3.581440210342407227e+00,3.609352350234985352e+00,3.640845537185668945e+00,3.669705629348754883e+00,3.689143180847167969e+00,3.706124305725097656e+00,3.712185144424438477e+00,3.698726892471313477e+00,3.665259122848510742e+00,3.615110158920288086e+00,3.625993728637695312e+00,3.646032810211181641e+00,3.676154851913452148e+00,3.709440708160400391e+00,3.627149581909179688e+00,3.507317066192626953e+00,3.379529237747192383e+00,3.185296535491943359e+00,2.975440979003906250e+00,2.759104490280151367e+00,2.561135530471801758e+00,2.413263082504272461e+00,2.277621269226074219e+00,2.096863746643066406e+00,1.561217546463012695e+00,nan,nan,nan,nan,nan,nan,nan,nan,nan,nan,nan,nan,nan,nan,nan,nan,nan,nan,nan,nan,nan,nan,nan,nan,nan,nan,nan,nan,nan,nan,nan,nan,nan,nan,nan,nan,nan,nan,nan,nan,nan,nan,nan,nan,nan,nan,nan,nan,nan,nan,nan,nan,nan,nan,nan,nan,nan,nan,nan,nan,nan,nan,nan,nan,nan,nan,nan,nan,nan,nan,nan,nan,nan,nan,nan,nan,nan,nan,nan,nan,nan,nan
3.418182611465454102e+00,3.387737751007080078e+00,3.366402864456176758e+00,3.346469640731811523e+00,3.319678068161010742e+00,3.289577484130859375e+00,3.251566648483276367e+00,3.206739187240600586e+00,3.168216943740844727e+00,3.178637504577636719e+00,3.253160476684570312e+00,3.397251605987548828e+00,3.553969144821166992e+00,3.680652379989624023e+00,3.778117656707763672e+00,3.837829589843750000e+00,3.866793632507324219e+00,3.884710550308227539e+00,3.894244909286499023e+00,3.901969432830810547e+00,3.904328584671020508e+00,3.908643960952758789e+00,3.908620357513427734e+00,3.901866436004638672e+00,3.889088630676269531e+00,3.864303350448608398e+00,3.826880931854248047e+00,3.783424377441406250e+00,3.735932826995849609e+00,3.684267759323120117e+00,3.629929780960083008e+00,3.576597690582275391e+00,3.532524585723876953e+00,3.498320102691650391e+00,3.471351385116577148e+00,3.453945159912109375e+00,3.444682836532592773e+00,3.445704936981201172e+00,3.453427314758300781e+00,3.463421344757080078e+00,3.472128391265869141e+00,3.475703001022338867e+00,3.477063417434692383e+00,3.475311040878295898e+00,3.469408512115478516e+00,3.461606264114379883e+00,3.456170320510864258e+00,3.457110404968261719e+00,3.465940237045288086e+00,3.478152036666870117e+00,3.493749856948852539e+00,3.513160943984985352e+00,3.532642364501953125e+00,3.556849956512451172e+00,3.584708452224731445e+00,3.615589380264282227e+00,3.642194271087646484e+00,3.660580873489379883e+00,3.676551580429077148e+00,3.683088302612304688e+00,3.671472549438476562e+00,3.644316911697387695e+00,3.614126205444335938e+00,3.624976396560668945e+00,3.643670320510864258e+00,3.676467418670654297e+00,3.688136100769042969e+00,3.585627079010009766e+00,3.525193691253662109e+00,3.422348260879516602e+00,3.258330821990966797e+00,3.050565242767333984e+00,2.812749385833740234e+00,2.578437089920043945e+00,2.407518625259399414e+00,2.263247013092041016e+00,2.112719297409057617e+00,1.802147626876831055e+00,1.105895638465881348e+00,nan,nan,nan,nan,nan,nan,nan,nan,nan,nan,nan,nan,nan,nan,nan,nan,nan,nan,nan,nan,nan,nan,nan,nan,nan,nan,nan,nan,nan,nan,nan,nan,nan,nan,nan,nan,nan,nan,nan,nan,nan,nan,nan,nan,nan,nan,nan,nan,nan,nan,nan,nan,nan,nan,nan,nan,nan,nan,nan,nan,nan,nan,nan,nan,nan,nan,nan,nan,nan,nan,nan,nan,nan,nan,nan,nan,nan,nan,nan,nan,nan
3.403971195220947266e+00,3.382015466690063477e+00,3.373493909835815430e+00,3.357189655303955078e+00,3.327674865722656250e+00,3.298638582229614258e+00,3.263898372650146484e+00,3.221858978271484375e+00,3.221409082412719727e+00,3.300944805145263672e+00,3.439877986907958984e+00,3.616335630416870117e+00,3.756299495697021484e+00,3.851245641708374023e+00,3.912923574447631836e+00,3.927187204360961914e+00,3.924206256866455078e+00,3.921245574951171875e+00,3.915833473205566406e+00,3.915208339691162109e+00,3.914150714874267578e+00,3.916217088699340820e+00,3.913040876388549805e+00,3.902977705001831055e+00,3.883255243301391602e+00,3.848264932632446289e+00,3.804337501525878906e+00,3.756089210510253906e+00,3.704269409179687500e+00,3.646448373794555664e+00,3.587180137634277344e+00,3.535110712051391602e+00,3.490934133529663086e+00,3.454283475875854492e+00,3.427447319030761719e+00,3.413666486740112305e+00,3.412396907806396484e+00,3.421256780624389648e+00,3.434657812118530273e+00,3.446793556213378906e+00,3.455921173095703125e+00,3.460318803787231445e+00,3.458133935928344727e+00,3.451342582702636719e+00,3.439653158187866211e+00,3.430528163909912109e+00,3.426419973373413086e+00,3.431974411010742188e+00,3.443649768829345703e+00,3.454849243164062500e+00,3.469549417495727539e+00,3.488860845565795898e+00,3.511281251907348633e+00,3.538673639297485352e+00,3.568907737731933594e+00,3.599339723587036133e+00,3.624097347259521484e+00,3.644202947616577148e+00,3.660518646240234375e+00,3.666067838668823242e+00,3.653834819793701172e+00,3.632025957107543945e+00,3.619040250778198242e+00,3.635070323944091797e+00,3.651031255722045898e+00,3.690860033035278320e+00,3.682936906814575195e+00,3.563454151153564453e+00,3.497088432312011719e+00,3.408418893814086914e+00,3.290105104446411133e+00,3.125207662582397461e+00,2.914788007736206055e+00,2.669766426086425781e+00,2.461074113845825195e+00,2.294466257095336914e+00,2.146691560745239258e+00,1.893293857574462891e+00,1.236723780632019043e+00,nan,nan,nan,nan,nan,nan,nan,nan,nan,nan,nan,nan,nan,nan,nan,nan,nan,nan,nan,nan,nan,nan,nan,nan,nan,nan,nan,nan,nan,nan,nan,nan,nan,nan,nan,nan,nan,nan,nan,nan,nan,nan,nan,nan,nan,nan,nan,nan,nan,nan,nan,nan,nan,nan,nan,nan,nan,nan,nan,nan,nan,nan,nan,nan,nan,nan,nan,nan,nan,nan,nan,nan,nan,nan,nan,nan,nan,nan,nan,nan,nan
3.381971836090087891e+00,3.372144937515258789e+00,3.364846229553222656e+00,3.342684268951416016e+00,3.321755647659301758e+00,3.314054965972900391e+00,3.305197477340698242e+00,3.309256553649902344e+00,3.408407926559448242e+00,3.562375545501708984e+00,3.736167907714843750e+00,3.879299163818359375e+00,3.972262859344482422e+00,4.016155719757080078e+00,4.014037132263183594e+00,3.983785390853881836e+00,3.955859184265136719e+00,3.937899112701416016e+00,3.924939870834350586e+00,3.922077655792236328e+00,3.920631647109985352e+00,3.920717716217041016e+00,3.914729595184326172e+00,3.899080514907836914e+00,3.869726657867431641e+00,3.827693700790405273e+00,3.779273986816406250e+00,3.727345466613769531e+00,3.671672105789184570e+00,3.610993623733520508e+00,3.548926591873168945e+00,3.497116565704345703e+00,3.451955795288085938e+00,3.415409088134765625e+00,3.392127037048339844e+00,3.386981248855590820e+00,3.396838665008544922e+00,3.415345191955566406e+00,3.433719873428344727e+00,3.446518898010253906e+00,3.452335357666015625e+00,3.453470468521118164e+00,3.444118499755859375e+00,3.431905269622802734e+00,3.418637037277221680e+00,3.413865089416503906e+00,3.414339065551757812e+00,3.423059940338134766e+00,3.434124231338500977e+00,3.442889928817749023e+00,3.456877946853637695e+00,3.479395151138305664e+00,3.506848096847534180e+00,3.538525819778442383e+00,3.570679426193237305e+00,3.599748134613037109e+00,3.624326705932617188e+00,3.644680738449096680e+00,3.659189701080322266e+00,3.663001060485839844e+00,3.652314186096191406e+00,3.637301445007324219e+00,3.642292261123657227e+00,3.657216072082519531e+00,3.679994583129882812e+00,3.712749958038330078e+00,3.664486646652221680e+00,3.514912366867065430e+00,3.428145885467529297e+00,3.358763694763183594e+00,3.286711931228637695e+00,3.168467044830322266e+00,2.990785837173461914e+00,2.759424448013305664e+00,2.536294460296630859e+00,2.343333482742309570e+00,2.189527750015258789e+00,2.011605978012084961e+00,1.492410540580749512e+00,nan,nan,nan,nan,nan,nan,nan,nan,nan,nan,nan,nan,nan,nan,nan,nan,nan,nan,nan,nan,nan,nan,nan,nan,nan,nan,nan,nan,nan,nan,nan,nan,nan,nan,nan,nan,nan,nan,nan,nan,nan,nan,nan,nan,nan,nan,nan,nan,nan,nan,nan,nan,nan,nan,nan,nan,nan,nan,nan,nan,nan,nan,nan,nan,nan,nan,nan,nan,nan,nan,nan,nan,nan,nan,nan,nan,nan,nan,nan,nan,nan
3.363495111465454102e+00,3.362158060073852539e+00,3.338783264160156250e+00,3.335430622100830078e+00,3.348809242248535156e+00,3.388671398162841797e+00,3.439349651336669922e+00,3.566870450973510742e+00,3.756928205490112305e+00,3.904767990112304688e+00,4.029567718505859375e+00,4.095662593841552734e+00,4.117153167724609375e+00,4.090057373046875000e+00,4.028320312500000000e+00,3.965825319290161133e+00,3.925775289535522461e+00,3.903686523437500000e+00,3.895128965377807617e+00,3.896757125854492188e+00,3.896229982376098633e+00,3.896961688995361328e+00,3.889256238937377930e+00,3.868771076202392578e+00,3.833245515823364258e+00,3.787745714187622070e+00,3.735992908477783203e+00,3.681399106979370117e+00,3.622175693511962891e+00,3.560116052627563477e+00,3.496416091918945312e+00,3.442427635192871094e+00,3.397074460983276367e+00,3.361984968185424805e+00,3.347905874252319336e+00,3.356035947799682617e+00,3.378943681716918945e+00,3.406474828720092773e+00,3.428332328796386719e+00,3.438647747039794922e+00,3.438135862350463867e+00,3.430585861206054688e+00,3.416062355041503906e+00,3.404867410659790039e+00,3.398516654968261719e+00,3.399561882019042969e+00,3.403927326202392578e+00,3.407847166061401367e+00,3.417400598526000977e+00,3.425819873809814453e+00,3.444511175155639648e+00,3.473503589630126953e+00,3.507548332214355469e+00,3.542658567428588867e+00,3.574868917465209961e+00,3.602390050888061523e+00,3.626173734664916992e+00,3.647549152374267578e+00,3.657741785049438477e+00,3.658499479293823242e+00,3.660586833953857422e+00,3.655003547668457031e+00,3.672354698181152344e+00,3.688030719757080078e+00,3.707480430603027344e+00,3.693990707397460938e+00,3.599791049957275391e+00,3.435499429702758789e+00,3.340960264205932617e+00,3.291591644287109375e+00,3.253403663635253906e+00,3.163456201553344727e+00,3.011208057403564453e+00,2.815606594085693359e+00,2.591284751892089844e+00,2.400746107101440430e+00,2.230513572692871094e+00,2.055577278137207031e+00,1.878080129623413086e+00,nan,nan,nan,nan,nan,nan,nan,nan,nan,nan,nan,nan,nan,nan,nan,nan,nan,nan,nan,nan,nan,nan,nan,nan,nan,nan,nan,nan,nan,nan,nan,nan,nan,nan,nan,nan,nan,nan,nan,nan,nan,nan,nan,nan,nan,nan,nan,nan,nan,nan,nan,nan,nan,nan,nan,nan,nan,nan,nan,nan,nan,nan,nan,nan,nan,nan,nan,nan,nan,nan,nan,nan,nan,nan,nan,nan,nan,nan,nan,nan,nan
3.358014106750488281e+00,3.351518869400024414e+00,3.337945938110351562e+00,3.377384424209594727e+00,3.456283330917358398e+00,3.536245584487915039e+00,3.652818441390991211e+00,3.849289178848266602e+00,3.976301431655883789e+00,4.057409763336181641e+00,4.104585170745849609e+00,4.107048511505126953e+00,4.060245990753173828e+00,3.977032184600830078e+00,3.895577669143676758e+00,3.833234786987304688e+00,3.804418563842773438e+00,3.801738262176513672e+00,3.811119794845581055e+00,3.823396205902099609e+00,3.829362869262695312e+00,3.834924936294555664e+00,3.827535867691040039e+00,3.803512334823608398e+00,3.765007019042968750e+00,3.715861082077026367e+00,3.662228822708129883e+00,3.605399608612060547e+00,3.543192148208618164e+00,3.477866888046264648e+00,3.414101123809814453e+00,3.359388828277587891e+00,3.316103935241699219e+00,3.290085792541503906e+00,3.290911197662353516e+00,3.314491271972656250e+00,3.349696874618530273e+00,3.382921218872070312e+00,3.403660535812377930e+00,3.408372640609741211e+00,3.401121139526367188e+00,3.385755300521850586e+00,3.372296333312988281e+00,3.365029096603393555e+00,3.363778591156005859e+00,3.367003202438354492e+00,3.370622873306274414e+00,3.372765064239501953e+00,3.380839824676513672e+00,3.395077705383300781e+00,3.422300100326538086e+00,3.459822177886962891e+00,3.497946023941040039e+00,3.532263994216918945e+00,3.561458110809326172e+00,3.586795330047607422e+00,3.610947608947753906e+00,3.632317066192626953e+00,3.639580011367797852e+00,3.641091823577880859e+00,3.657124519348144531e+00,3.667848348617553711e+00,3.691719293594360352e+00,3.705726146697998047e+00,3.692940711975097656e+00,3.632705688476562500e+00,3.513483047485351562e+00,3.362368106842041016e+00,3.282838344573974609e+00,3.235455036163330078e+00,3.203450202941894531e+00,3.104483127593994141e+00,2.960053920745849609e+00,2.811789512634277344e+00,2.628827333450317383e+00,2.442857742309570312e+00,2.252737998962402344e+00,2.083104372024536133e+00,1.941204190254211426e+00,1.548141598701477051e+00,nan,nan,nan,nan,nan,nan,nan,nan,nan,nan,nan,nan,nan,nan,nan,nan,nan,nan,nan,nan,nan,nan,nan,nan,nan,nan,nan,nan,nan,nan,nan,nan,nan,nan,nan,nan,nan,nan,nan,nan,nan,nan,nan,nan,nan,nan,nan,nan,nan,nan,nan,nan,nan,nan,nan,nan,nan,nan,nan,nan,nan,nan,nan,nan,nan,nan,nan,nan,nan,nan,nan,nan,nan,nan,nan,nan,nan,nan,nan,nan
3.365723848342895508e+00,3.400315523147583008e+00,3.424929618835449219e+00,3.506692409515380859e+00,3.587416648864746094e+00,3.668553352355957031e+00,3.752550601959228516e+00,3.897988796234130859e+00,3.955947875976562500e+00,3.995756149291992188e+00,3.992285728454589844e+00,3.946338176727294922e+00,3.849080801010131836e+00,3.751021623611450195e+00,3.688379526138305664e+00,3.658443927764892578e+00,3.661582469940185547e+00,3.690314531326293945e+00,3.718139648437500000e+00,3.739713907241821289e+00,3.753454208374023438e+00,3.762803792953491211e+00,3.754384040832519531e+00,3.725217103958129883e+00,3.683273315429687500e+00,3.631138086318969727e+00,3.578071594238281250e+00,3.519724369049072266e+00,3.454508304595947266e+00,3.386937141418457031e+00,3.323934078216552734e+00,3.273383378982543945e+00,3.237725019454956055e+00,3.225362062454223633e+00,3.241968154907226562e+00,3.277945280075073242e+00,3.321543693542480469e+00,3.354223489761352539e+00,3.370522737503051758e+00,3.369093894958496094e+00,3.354900598526000977e+00,3.337399959564208984e+00,3.324356794357299805e+00,3.317330598831176758e+00,3.315660476684570312e+00,3.319836854934692383e+00,3.323357820510864258e+00,3.331628322601318359e+00,3.346901893615722656e+00,3.371181964874267578e+00,3.404912471771240234e+00,3.446280717849731445e+00,3.481058120727539062e+00,3.512340545654296875e+00,3.537857294082641602e+00,3.565030813217163086e+00,3.590220928192138672e+00,3.612277984619140625e+00,3.621855735778808594e+00,3.645177602767944336e+00,3.670138835906982422e+00,3.681330680847167969e+00,3.704576969146728516e+00,3.703214168548583984e+00,3.674342393875122070e+00,3.586881160736083984e+00,3.454898595809936523e+00,3.334101676940917969e+00,3.242345094680786133e+00,3.195672512054443359e+00,3.120400428771972656e+00,2.987983226776123047e+00,2.882208108901977539e+00,2.775074243545532227e+00,2.639504909515380859e+00,2.460116863250732422e+00,2.281051635742187500e+00,2.094203710556030273e+00,1.915921568870544434e+00,1.705545425415039062e+00,nan,nan,nan,nan,nan,nan,nan,nan,nan,nan,nan,nan,nan,nan,nan,nan,nan,nan,nan,nan,nan,nan,nan,nan,nan,nan,nan,nan,nan,nan,nan,nan,nan,nan,nan,nan,nan,nan,nan,nan,nan,nan,nan,nan,nan,nan,nan,nan,nan,nan,nan,nan,nan,nan,nan,nan,nan,nan,nan,nan,nan,nan,nan,nan,nan,nan,nan,nan,nan,nan,nan,nan,nan,nan,nan,nan,nan,nan,nan,nan
3.386145114898681641e+00,3.431388854980468750e+00,3.474418163299560547e+00,3.527922630310058594e+00,3.580731391906738281e+00,3.646573781967163086e+00,3.704463005065917969e+00,3.753212213516235352e+00,3.783204317092895508e+00,3.790610313415527344e+00,3.752403736114501953e+00,3.676208734512329102e+00,3.577447175979614258e+00,3.505857467651367188e+00,3.485369205474853516e+00,3.501054763793945312e+00,3.544092178344726562e+00,3.597424507141113281e+00,3.635517835617065430e+00,3.663778066635131836e+00,3.681067705154418945e+00,3.690703868865966797e+00,3.677732229232788086e+00,3.641824960708618164e+00,3.595038175582885742e+00,3.542036771774291992e+00,3.488545179367065430e+00,3.428135633468627930e+00,3.361448526382446289e+00,3.295049905776977539e+00,3.236450195312500000e+00,3.193816900253295898e+00,3.170017957687377930e+00,3.170798301696777344e+00,3.199591398239135742e+00,3.245932340621948242e+00,3.293711900711059570e+00,3.322727680206298828e+00,3.329544544219970703e+00,3.319247484207153320e+00,3.299738407135009766e+00,3.280035495758056641e+00,3.266904830932617188e+00,3.261691570281982422e+00,3.261364459991455078e+00,3.268987894058227539e+00,3.277739524841308594e+00,3.295027732849121094e+00,3.321671247482299805e+00,3.354498386383056641e+00,3.393416404724121094e+00,3.433286190032958984e+00,3.463530063629150391e+00,3.492026090621948242e+00,3.517890453338623047e+00,3.548691034317016602e+00,3.577257394790649414e+00,3.600134134292602539e+00,3.620552778244018555e+00,3.651813507080078125e+00,3.674791097640991211e+00,3.683782100677490234e+00,3.708572626113891602e+00,3.701510429382324219e+00,3.646073102951049805e+00,3.533129453659057617e+00,3.408060789108276367e+00,3.304235935211181641e+00,3.206138610839843750e+00,3.119921684265136719e+00,2.995347499847412109e+00,2.870989561080932617e+00,2.773207187652587891e+00,2.694065332412719727e+00,2.571733236312866211e+00,2.397535800933837891e+00,2.201497316360473633e+00,1.973704934120178223e+00,1.691556096076965332e+00,1.608754277229309082e+00,nan,nan,nan,nan,nan,nan,nan,nan,nan,nan,nan,nan,nan,nan,nan,nan,nan,nan,nan,nan,nan,nan,nan,nan,nan,nan,nan,nan,nan,nan,nan,nan,nan,nan,nan,nan,nan,nan,nan,nan,nan,nan,nan,nan,nan,nan,nan,nan,nan,nan,nan,nan,nan,nan,nan,nan,nan,nan,nan,nan,nan,nan,nan,nan,nan,nan,nan,nan,nan,nan,nan,nan,nan,nan,nan,nan,nan,nan,nan,nan
3.382496118545532227e+00,3.417812347412109375e+00,3.444169759750366211e+00,3.475714683532714844e+00,3.500321626663208008e+00,3.533517599105834961e+00,3.546396732330322266e+00,3.558417558670043945e+00,3.567981958389282227e+00,3.561268568038940430e+00,3.526001691818237305e+00,3.486282348632812500e+00,3.398036241531372070e+00,3.353420257568359375e+00,3.370658159255981445e+00,3.422375679016113281e+00,3.491183042526245117e+00,3.551873922348022461e+00,3.589094400405883789e+00,3.612890720367431641e+00,3.625673055648803711e+00,3.630544662475585938e+00,3.609982728958129883e+00,3.567194700241088867e+00,3.516028404235839844e+00,3.461151361465454102e+00,3.404573917388916016e+00,3.341748476028442383e+00,3.278892278671264648e+00,3.219804048538208008e+00,3.167192220687866211e+00,3.134544134140014648e+00,3.123302221298217773e+00,3.135059595108032227e+00,3.171630859375000000e+00,3.223032712936401367e+00,3.269327878952026367e+00,3.290855169296264648e+00,3.285976886749267578e+00,3.265077590942382812e+00,3.241680860519409180e+00,3.219790935516357422e+00,3.208153963088989258e+00,3.206543922424316406e+00,3.212976217269897461e+00,3.228451967239379883e+00,3.245113134384155273e+00,3.272796392440795898e+00,3.308116436004638672e+00,3.344735145568847656e+00,3.384765148162841797e+00,3.419013500213623047e+00,3.449141263961791992e+00,3.478421211242675781e+00,3.506361484527587891e+00,3.538948059082031250e+00,3.563848972320556641e+00,3.583589076995849609e+00,3.607462644577026367e+00,3.643718957901000977e+00,3.668087959289550781e+00,3.679844379425048828e+00,3.719278812408447266e+00,3.702799081802368164e+00,3.613008022308349609e+00,3.493687391281127930e+00,3.369016885757446289e+00,3.279817819595336914e+00,3.177101135253906250e+00,3.038282155990600586e+00,2.883056163787841797e+00,2.764030933380126953e+00,2.660204648971557617e+00,2.569267272949218750e+00,2.437644481658935547e+00,2.260359764099121094e+00,2.057248115539550781e+00,1.816504001617431641e+00,1.520041346549987793e+00,1.428705334663391113e+00,nan,nan,nan,nan,nan,nan,nan,nan,nan,nan,nan,nan,nan,nan,nan,nan,nan,nan,nan,nan,nan,nan,nan,nan,nan,nan,nan,nan,nan,nan,nan,nan,nan,nan,nan,nan,nan,nan,nan,nan,nan,nan,nan,nan,nan,nan,nan,nan,nan,nan,nan,nan,nan,nan,nan,nan,nan,nan,nan,nan,nan,nan,nan,nan,nan,nan,nan,nan,nan,nan,nan,nan,nan,nan,nan,nan,nan,nan,nan,nan
3.375894308090209961e+00,3.406212091445922852e+00,3.429118156433105469e+00,3.445509910583496094e+00,3.450867176055908203e+00,3.451623678207397461e+00,3.449186563491821289e+00,3.457416296005249023e+00,3.464148044586181641e+00,3.455338716506958008e+00,3.437713384628295898e+00,3.401722908020019531e+00,3.341292619705200195e+00,3.315347194671630859e+00,3.360739946365356445e+00,3.421492576599121094e+00,3.493361234664916992e+00,3.546838045120239258e+00,3.570883512496948242e+00,3.583032846450805664e+00,3.583357572555541992e+00,3.580951690673828125e+00,3.552184104919433594e+00,3.503289699554443359e+00,3.448518514633178711e+00,3.391124010086059570e+00,3.331514358520507812e+00,3.269084692001342773e+00,3.211435317993164062e+00,3.155657052993774414e+00,3.111139535903930664e+00,3.089924097061157227e+00,3.090201854705810547e+00,3.113993883132934570e+00,3.160505533218383789e+00,3.216162919998168945e+00,3.251202106475830078e+00,3.258811950683593750e+00,3.239944219589233398e+00,3.208986520767211914e+00,3.179702997207641602e+00,3.159178972244262695e+00,3.152255296707153320e+00,3.158018350601196289e+00,3.173933029174804688e+00,3.196809768676757812e+00,3.221246957778930664e+00,3.258176326751708984e+00,3.298861026763916016e+00,3.336016893386840820e+00,3.373608112335205078e+00,3.406964063644409180e+00,3.441279411315917969e+00,3.471382617950439453e+00,3.499311685562133789e+00,3.529345750808715820e+00,3.551664590835571289e+00,3.570319652557373047e+00,3.601184844970703125e+00,3.644488334655761719e+00,3.672756671905517578e+00,3.700094699859619141e+00,3.755995273590087891e+00,3.711807250976562500e+00,3.615490198135375977e+00,3.516446352005004883e+00,3.415107965469360352e+00,3.339924812316894531e+00,3.228940725326538086e+00,3.079431056976318359e+00,2.880500316619873047e+00,2.762467861175537109e+00,2.679523229598999023e+00,2.571501255035400391e+00,2.423493385314941406e+00,2.250362873077392578e+00,2.128838539123535156e+00,1.974368572235107422e+00,1.772201061248779297e+00,1.521938920021057129e+00,nan,nan,nan,nan,nan,nan,nan,nan,nan,nan,nan,nan,nan,nan,nan,nan,nan,nan,nan,nan,nan,nan,nan,nan,nan,nan,nan,nan,nan,nan,nan,nan,nan,nan,nan,nan,nan,nan,nan,nan,nan,nan,nan,nan,nan,nan,nan,nan,nan,nan,nan,nan,nan,nan,nan,nan,nan,nan,nan,nan,nan,nan,nan,nan,nan,nan,nan,nan,nan,nan,nan,nan,nan,nan,nan,nan,nan,nan,nan,nan
3.377919197082519531e+00,3.404057741165161133e+00,3.416409730911254883e+00,3.417552232742309570e+00,3.409982681274414062e+00,3.402002334594726562e+00,3.402257442474365234e+00,3.414813041687011719e+00,3.422640800476074219e+00,3.425680637359619141e+00,3.406841516494750977e+00,3.365792274475097656e+00,3.347504854202270508e+00,3.357834577560424805e+00,3.402448415756225586e+00,3.454890251159667969e+00,3.510595083236694336e+00,3.539831399917602539e+00,3.548219442367553711e+00,3.542540073394775391e+00,3.537456989288330078e+00,3.532339096069335938e+00,3.495175600051879883e+00,3.441762208938598633e+00,3.385320186614990234e+00,3.325623273849487305e+00,3.264248132705688477e+00,3.203953266143798828e+00,3.146735668182373047e+00,3.098632335662841797e+00,3.063807249069213867e+00,3.054899215698242188e+00,3.067202568054199219e+00,3.105705261230468750e+00,3.162635564804077148e+00,3.214858770370483398e+00,3.232896804809570312e+00,3.218242406845092773e+00,3.184234380722045898e+00,3.146378517150878906e+00,3.117403984069824219e+00,3.104571819305419922e+00,3.108735322952270508e+00,3.126143217086791992e+00,3.149996042251586914e+00,3.177807807922363281e+00,3.210409879684448242e+00,3.253793478012084961e+00,3.297260522842407227e+00,3.335079193115234375e+00,3.372169733047485352e+00,3.408471107482910156e+00,3.443858623504638672e+00,3.470407962799072266e+00,3.499953508377075195e+00,3.526606559753417969e+00,3.547160863876342773e+00,3.569753408432006836e+00,3.610454559326171875e+00,3.658624410629272461e+00,3.694391012191772461e+00,3.756985902786254883e+00,3.812747240066528320e+00,3.800212383270263672e+00,3.709619522094726562e+00,3.631731986999511719e+00,3.582795619964599609e+00,3.486937761306762695e+00,3.381393671035766602e+00,3.221684932708740234e+00,3.030289888381958008e+00,2.960944652557373047e+00,2.890852928161621094e+00,2.827513456344604492e+00,2.709321737289428711e+00,2.513430595397949219e+00,2.086785316467285156e+00,1.587712407112121582e+00,1.250974655151367188e+00,nan,nan,nan,nan,nan,nan,nan,nan,nan,nan,nan,nan,nan,nan,nan,nan,nan,nan,nan,nan,nan,nan,nan,nan,nan,nan,nan,nan,nan,nan,nan,nan,nan,nan,nan,nan,nan,nan,nan,nan,nan,nan,nan,nan,nan,nan,nan,nan,nan,nan,nan,nan,nan,nan,nan,nan,nan,nan,nan,nan,nan,nan,nan,nan,nan,nan,nan,nan,nan,nan,nan,nan,nan,nan,nan,nan,nan,nan,nan,nan,nan
3.373910903930664062e+00,3.392247438430786133e+00,3.397864103317260742e+00,3.392647504806518555e+00,3.383518695831298828e+00,3.381645202636718750e+00,3.387192249298095703e+00,3.400520324707031250e+00,3.408135652542114258e+00,3.408382177352905273e+00,3.399291276931762695e+00,3.369090318679809570e+00,3.387459754943847656e+00,3.442331075668334961e+00,3.458444595336914062e+00,3.469273090362548828e+00,3.497674226760864258e+00,3.505074739456176758e+00,3.503425598144531250e+00,3.496195793151855469e+00,3.491361618041992188e+00,3.482907295227050781e+00,3.441242218017578125e+00,3.386831045150756836e+00,3.327540636062622070e+00,3.264382362365722656e+00,3.201276779174804688e+00,3.140790700912475586e+00,3.084460258483886719e+00,3.046071529388427734e+00,3.024940967559814453e+00,3.029233217239379883e+00,3.054216861724853516e+00,3.104336500167846680e+00,3.162301778793334961e+00,3.200082302093505859e+00,3.189553737640380859e+00,3.158735990524291992e+00,3.117128849029541016e+00,3.081669569015502930e+00,3.062497615814208984e+00,3.064984083175659180e+00,3.085382461547851562e+00,3.114672660827636719e+00,3.142777919769287109e+00,3.178431034088134766e+00,3.219410657882690430e+00,3.265425205230712891e+00,3.309049367904663086e+00,3.350381851196289062e+00,3.388908624649047852e+00,3.425744533538818359e+00,3.455628633499145508e+00,3.481132030487060547e+00,3.513242483139038086e+00,3.534713029861450195e+00,3.553387641906738281e+00,3.585039854049682617e+00,3.631981611251831055e+00,3.683842182159423828e+00,3.746515274047851562e+00,3.821229219436645508e+00,3.864580869674682617e+00,3.907914638519287109e+00,3.847723484039306641e+00,3.814767837524414062e+00,3.724915266036987305e+00,3.561266660690307617e+00,3.468451499938964844e+00,3.303436756134033203e+00,3.140600442886352539e+00,3.051931381225585938e+00,2.917320489883422852e+00,2.863624811172485352e+00,2.681426048278808594e+00,1.997016906738281250e+00,nan,nan,nan,nan,nan,nan,nan,nan,nan,nan,nan,nan,nan,nan,nan,nan,nan,nan,nan,nan,nan,nan,nan,nan,nan,nan,nan,nan,nan,nan,nan,nan,nan,nan,nan,nan,nan,nan,nan,nan,nan,nan,nan,nan,nan,nan,nan,nan,nan,nan,nan,nan,nan,nan,nan,nan,nan,nan,nan,nan,nan,nan,nan,nan,nan,nan,nan,nan,nan,nan,nan,nan,nan,nan,nan,nan,nan,nan,nan,nan,nan,nan,nan,nan
3.365505456924438477e+00,3.379048824310302734e+00,3.381863355636596680e+00,3.381263017654418945e+00,3.375618934631347656e+00,3.379680156707763672e+00,3.388085126876831055e+00,3.400112152099609375e+00,3.406569957733154297e+00,3.404145956039428711e+00,3.398696660995483398e+00,3.402063131332397461e+00,3.429003000259399414e+00,3.472409248352050781e+00,3.480563402175903320e+00,3.458156585693359375e+00,3.468973159790039062e+00,3.473955154418945312e+00,3.475925683975219727e+00,3.470063447952270508e+00,3.458728551864624023e+00,3.443300962448120117e+00,3.400877714157104492e+00,3.343003034591674805e+00,3.276906728744506836e+00,3.209251403808593750e+00,3.144226551055908203e+00,3.082939624786376953e+00,3.028929471969604492e+00,2.996127367019653320e+00,2.995508670806884766e+00,3.011216640472412109e+00,3.045597314834594727e+00,3.098037481307983398e+00,3.142110586166381836e+00,3.154961347579956055e+00,3.126731872558593750e+00,3.090428829193115234e+00,3.051057815551757812e+00,3.026238441467285156e+00,3.025164365768432617e+00,3.047684431076049805e+00,3.084492206573486328e+00,3.121994256973266602e+00,3.155532836914062500e+00,3.198721885681152344e+00,3.245953559875488281e+00,3.292232513427734375e+00,3.334628343582153320e+00,3.377479791641235352e+00,3.417897939682006836e+00,3.451550245285034180e+00,3.477101087570190430e+00,3.503572225570678711e+00,3.531275987625122070e+00,3.547514438629150391e+00,3.566494464874267578e+00,3.604509830474853516e+00,3.655507802963256836e+00,3.710995435714721680e+00,3.786140203475952148e+00,3.862545490264892578e+00,3.907852649688720703e+00,3.958890199661254883e+00,3.944232940673828125e+00,3.876440525054931641e+00,3.720672607421875000e+00,3.514927148818969727e+00,3.397886276245117188e+00,3.231041193008422852e+00,3.019057035446166992e+00,2.833279132843017578e+00,2.669331312179565430e+00,2.620653390884399414e+00,2.271574020385742188e+00,nan,nan,nan,nan,nan,nan,nan,nan,nan,nan,nan,nan,nan,nan,nan,nan,nan,nan,nan,nan,nan,nan,nan,nan,nan,nan,nan,nan,nan,nan,nan,nan,nan,nan,nan,nan,nan,nan,nan,nan,nan,nan,nan,nan,nan,nan,nan,nan,nan,nan,nan,nan,nan,nan,nan,nan,nan,nan,nan,nan,nan,nan,nan,nan,nan,nan,nan,nan,nan,nan,nan,nan,nan,nan,nan,nan,nan,nan,nan,nan,nan,nan,nan,nan,nan
3.353245019912719727e+00,3.365968465805053711e+00,3.374053001403808594e+00,3.382496118545532227e+00,3.382756233215332031e+00,3.387175559997558594e+00,3.396084785461425781e+00,3.406218051910400391e+00,3.412752389907836914e+00,3.410442113876342773e+00,3.412335872650146484e+00,3.421269893646240234e+00,3.451202154159545898e+00,3.478974342346191406e+00,3.468416929244995117e+00,3.465173721313476562e+00,3.471198081970214844e+00,3.475336790084838867e+00,3.476713895797729492e+00,3.459669828414916992e+00,3.433572053909301758e+00,3.414517402648925781e+00,3.371624708175659180e+00,3.304210186004638672e+00,3.230626583099365234e+00,3.159363985061645508e+00,3.092307090759277344e+00,3.031085252761840820e+00,2.980966567993164062e+00,2.956849336624145508e+00,2.966203689575195312e+00,2.995937585830688477e+00,3.032477617263793945e+00,3.077676057815551758e+00,3.096732854843139648e+00,3.092416524887084961e+00,3.059728860855102539e+00,3.028694629669189453e+00,2.998768329620361328e+00,2.990463972091674805e+00,3.012012004852294922e+00,3.055060386657714844e+00,3.102470874786376953e+00,3.143356323242187500e+00,3.184804916381835938e+00,3.232867240905761719e+00,3.281813144683837891e+00,3.325576782226562500e+00,3.365719556808471680e+00,3.409944057464599609e+00,3.449386596679687500e+00,3.479665994644165039e+00,3.502423048019409180e+00,3.526818990707397461e+00,3.545440435409545898e+00,3.560241699218750000e+00,3.584145784378051758e+00,3.625728368759155273e+00,3.677651643753051758e+00,3.730658292770385742e+00,3.801003217697143555e+00,3.885997772216796875e+00,3.957682132720947266e+00,3.988450050354003906e+00,3.940466403961181641e+00,3.898604154586791992e+00,3.783536672592163086e+00,3.563652038574218750e+00,3.341662883758544922e+00,3.063930511474609375e+00,2.775028944015502930e+00,2.528616905212402344e+00,2.327167749404907227e+00,2.256446838378906250e+00,1.901187062263488770e+00,nan,nan,nan,nan,nan,nan,nan,nan,nan,nan,nan,nan,nan,nan,nan,nan,nan,nan,nan,nan,nan,nan,nan,nan,nan,nan,nan,nan,nan,nan,nan,nan,nan,nan,nan,nan,nan,nan,nan,nan,nan,nan,nan,nan,nan,nan,nan,nan,nan,nan,nan,nan,nan,nan,nan,nan,nan,nan,nan,nan,nan,nan,nan,nan,nan,nan,nan,nan,nan,nan,nan,nan,nan,nan,nan,nan,nan,nan,nan,nan,nan,nan,nan,nan,nan
3.355800867080688477e+00,3.368255138397216797e+00,3.379146814346313477e+00,3.389655828475952148e+00,3.396609783172607422e+00,3.400517702102661133e+00,3.409301757812500000e+00,3.421385526657104492e+00,3.429501533508300781e+00,3.429430246353149414e+00,3.434930562973022461e+00,3.447845220565795898e+00,3.470366954803466797e+00,3.481835603713989258e+00,3.483183145523071289e+00,3.481501579284667969e+00,3.480780124664306641e+00,3.481238365173339844e+00,3.476274490356445312e+00,3.438679695129394531e+00,3.409191131591796875e+00,3.396767854690551758e+00,3.343547344207763672e+00,3.265977382659912109e+00,3.186899423599243164e+00,3.112754821777343750e+00,3.044225931167602539e+00,2.984905481338500977e+00,2.940180063247680664e+00,2.923488378524780273e+00,2.936297178268432617e+00,2.969685077667236328e+00,3.007339000701904297e+00,3.040446519851684570e+00,3.043748140335083008e+00,3.027064085006713867e+00,3.001146793365478516e+00,2.983189344406127930e+00,2.974009513854980469e+00,2.989063262939453125e+00,3.030798673629760742e+00,3.087531328201293945e+00,3.136403083801269531e+00,3.178347587585449219e+00,3.224723577499389648e+00,3.278415203094482422e+00,3.322789669036865234e+00,3.361789941787719727e+00,3.400673389434814453e+00,3.443166017532348633e+00,3.478556394577026367e+00,3.506701231002807617e+00,3.527220487594604492e+00,3.546658754348754883e+00,3.563086748123168945e+00,3.581130027770996094e+00,3.610631465911865234e+00,3.652953147888183594e+00,3.697614192962646484e+00,3.745903730392456055e+00,3.811113834381103516e+00,3.888008832931518555e+00,3.974738121032714844e+00,3.962672233581542969e+00,3.933186292648315430e+00,3.945618629455566406e+00,3.898693323135375977e+00,3.681804895401000977e+00,3.297240972518920898e+00,2.898391962051391602e+00,2.471382856369018555e+00,2.152753829956054688e+00,1.950265884399414062e+00,1.882151961326599121e+00,1.518828272819519043e+00,nan,nan,nan,nan,nan,nan,nan,nan,nan,nan,nan,nan,nan,nan,nan,nan,nan,nan,nan,nan,nan,nan,nan,nan,nan,nan,nan,nan,nan,nan,nan,nan,nan,nan,nan,nan,nan,nan,nan,nan,nan,nan,nan,nan,nan,nan,nan,nan,nan,nan,nan,nan,nan,nan,nan,nan,nan,nan,nan,nan,nan,nan,nan,nan,nan,nan,nan,nan,nan,nan,nan,nan,nan,nan,nan,nan,nan,nan,nan,nan,nan,nan,nan,nan,nan
3.360026836395263672e+00,3.371930837631225586e+00,3.383790731430053711e+00,3.395857572555541992e+00,3.403534173965454102e+00,3.414338350296020508e+00,3.431742429733276367e+00,3.445405483245849609e+00,3.451383113861083984e+00,3.448507308959960938e+00,3.454338788986206055e+00,3.457754373550415039e+00,3.467738389968872070e+00,3.468447685241699219e+00,3.472816944122314453e+00,3.476799011230468750e+00,3.494935035705566406e+00,3.491326093673706055e+00,3.466767787933349609e+00,3.419819355010986328e+00,3.398484468460083008e+00,3.383768558502197266e+00,3.315260171890258789e+00,3.229307889938354492e+00,3.145935773849487305e+00,3.069226741790771484e+00,2.999901533126831055e+00,2.942842245101928711e+00,2.901789426803588867e+00,2.882765531539916992e+00,2.896645784378051758e+00,2.931077718734741211e+00,2.962533712387084961e+00,2.984033107757568359e+00,2.981962680816650391e+00,2.973138093948364258e+00,2.964745759963989258e+00,2.968693971633911133e+00,2.981858491897583008e+00,3.018284320831298828e+00,3.074377775192260742e+00,3.130154848098754883e+00,3.177320957183837891e+00,3.220498800277709961e+00,3.271084308624267578e+00,3.325092792510986328e+00,3.363152265548706055e+00,3.397100448608398438e+00,3.431821584701538086e+00,3.468226432800292969e+00,3.500825166702270508e+00,3.526223659515380859e+00,3.547371864318847656e+00,3.565663099288940430e+00,3.579884529113769531e+00,3.602180242538452148e+00,3.632956266403198242e+00,3.666222095489501953e+00,3.701089620590209961e+00,3.744324207305908203e+00,3.797977924346923828e+00,3.861112594604492188e+00,3.927513360977172852e+00,3.918126583099365234e+00,3.968363046646118164e+00,3.989841222763061523e+00,3.967932462692260742e+00,3.803912401199340820e+00,3.438262701034545898e+00,2.885496854782104492e+00,2.181214809417724609e+00,1.757165312767028809e+00,1.568400740623474121e+00,1.468959331512451172e+00,1.229918241500854492e+00,3.092552423477172852e-01,nan,nan,nan,nan,nan,nan,nan,nan,nan,nan,nan,nan,nan,nan,nan,nan,nan,nan,nan,nan,nan,nan,nan,nan,nan,nan,nan,nan,nan,nan,nan,nan,nan,nan,nan,nan,nan,nan,nan,nan,nan,nan,nan,nan,nan,nan,nan,nan,nan,nan,nan,nan,nan,nan,nan,nan,nan,nan,nan,nan,nan,nan,nan,nan,nan,nan,nan,nan,nan,nan,nan,nan,nan,nan,nan,nan,nan,nan,nan,nan,nan,nan,nan,nan
3.361100196838378906e+00,3.376943111419677734e+00,3.391068220138549805e+00,3.405128717422485352e+00,3.417916059494018555e+00,3.440225601196289062e+00,3.459809303283691406e+00,3.471139669418334961e+00,3.471819400787353516e+00,3.464333057403564453e+00,3.467010259628295898e+00,3.461359739303588867e+00,3.457111597061157227e+00,3.455824851989746094e+00,3.464045763015747070e+00,3.487095355987548828e+00,3.509263038635253906e+00,3.505607128143310547e+00,3.455347061157226562e+00,3.412077188491821289e+00,3.397590398788452148e+00,3.361894369125366211e+00,3.283494710922241211e+00,3.192334413528442383e+00,3.104134798049926758e+00,3.024701356887817383e+00,2.954939126968383789e+00,2.900778055191040039e+00,2.865249633789062500e+00,2.851249217987060547e+00,2.859692811965942383e+00,2.891044378280639648e+00,2.914768218994140625e+00,2.932398796081542969e+00,2.937423944473266602e+00,2.945271968841552734e+00,2.957565069198608398e+00,2.982161283493041992e+00,3.015264034271240234e+00,3.067074537277221680e+00,3.126370906829833984e+00,3.179294824600219727e+00,3.225351572036743164e+00,3.269165515899658203e+00,3.322276592254638672e+00,3.372550964355468750e+00,3.406487464904785156e+00,3.438318967819213867e+00,3.471087217330932617e+00,3.501585483551025391e+00,3.531661987304687500e+00,3.556900024414062500e+00,3.578040838241577148e+00,3.592386245727539062e+00,3.603154659271240234e+00,3.626619338989257812e+00,3.656324148178100586e+00,3.681680202484130859e+00,3.713687896728515625e+00,3.749546527862548828e+00,3.792154788970947266e+00,3.843673467636108398e+00,3.889771699905395508e+00,3.931687355041503906e+00,3.979233026504516602e+00,3.967920780181884766e+00,3.928742647171020508e+00,3.808932065963745117e+00,3.621621370315551758e+00,3.040483236312866211e+00,2.057288408279418945e+00,1.207465648651123047e+00,9.122028350830078125e-01,9.378377795219421387e-01,8.079823255538940430e-01,3.863395750522613525e-01,nan,nan,nan,nan,nan,nan,nan,nan,nan,nan,nan,nan,nan,nan,nan,nan,nan,nan,nan,nan,nan,nan,nan,nan,nan,nan,nan,nan,nan,nan,nan,nan,nan,nan,nan,nan,nan,nan,nan,nan,nan,nan,nan,nan,nan,nan,nan,nan,nan,nan,nan,nan,nan,nan,nan,nan,nan,nan,nan,nan,nan,nan,nan,nan,nan,nan,nan,nan,nan,nan,nan,nan,nan,nan,nan,nan,nan,nan,nan,nan,nan,nan,nan,nan
3.365647554397583008e+00,3.383370161056518555e+00,3.402633666992187500e+00,3.420482158660888672e+00,3.438717365264892578e+00,3.463067054748535156e+00,3.488050460815429688e+00,3.496471881866455078e+00,3.490120172500610352e+00,3.475410699844360352e+00,3.461937665939331055e+00,3.444222211837768555e+00,3.437406301498413086e+00,3.445730686187744141e+00,3.474900722503662109e+00,3.510807275772094727e+00,3.528759956359863281e+00,3.517529964447021484e+00,3.467767477035522461e+00,3.419296979904174805e+00,3.375377893447875977e+00,3.320013523101806641e+00,3.242316722869873047e+00,3.149477720260620117e+00,3.057404279708862305e+00,2.974914789199829102e+00,2.908339977264404297e+00,2.860354185104370117e+00,2.829877614974975586e+00,2.815499544143676758e+00,2.822022199630737305e+00,2.841340065002441406e+00,2.860632658004760742e+00,2.886899709701538086e+00,2.915586709976196289e+00,2.944882869720458984e+00,2.977815866470336914e+00,3.020635843276977539e+00,3.066107273101806641e+00,3.124423742294311523e+00,3.181355714797973633e+00,3.231267452239990234e+00,3.276206016540527344e+00,3.320533037185668945e+00,3.372242212295532227e+00,3.419439792633056641e+00,3.450487136840820312e+00,3.482286214828491211e+00,3.513905286788940430e+00,3.543835163116455078e+00,3.571131944656372070e+00,3.590906381607055664e+00,3.605334997177124023e+00,3.620666742324829102e+00,3.631867170333862305e+00,3.653601408004760742e+00,3.681216478347778320e+00,3.702998876571655273e+00,3.729354858398437500e+00,3.746280670166015625e+00,3.773961067199707031e+00,3.817080020904541016e+00,3.845408678054809570e+00,3.878923654556274414e+00,3.908352375030517578e+00,3.911643743515014648e+00,3.934660673141479492e+00,3.860987424850463867e+00,3.775339126586914062e+00,3.224079132080078125e+00,2.275798320770263672e+00,1.135229587554931641e+00,5.055327415466308594e-01,8.613641858100891113e-01,9.086754918098449707e-01,2.770355343818664551e-01,nan,nan,nan,nan,nan,nan,nan,nan,nan,nan,nan,nan,nan,nan,nan,nan,nan,nan,nan,nan,nan,nan,nan,nan,nan,nan,nan,nan,nan,nan,nan,nan,nan,nan,nan,nan,nan,nan,nan,nan,nan,nan,nan,nan,nan,nan,nan,nan,nan,nan,nan,nan,nan,nan,nan,nan,nan,nan,nan,nan,nan,nan,nan,nan,nan,nan,nan,nan,nan,nan,nan,nan,nan,nan,nan,nan,nan,nan,nan,nan,nan,nan,nan,nan
3.373220443725585938e+00,3.395491123199462891e+00,3.419549942016601562e+00,3.438076257705688477e+00,3.457877874374389648e+00,3.482251882553100586e+00,3.502177715301513672e+00,3.511611461639404297e+00,3.495051145553588867e+00,3.463878631591796875e+00,3.429051637649536133e+00,3.406645059585571289e+00,3.407236576080322266e+00,3.431803703308105469e+00,3.477731227874755859e+00,3.535502433776855469e+00,3.542130708694458008e+00,3.516088008880615234e+00,3.471011877059936523e+00,3.398342847824096680e+00,3.329973459243774414e+00,3.275477886199951172e+00,3.200787782669067383e+00,3.104105710983276367e+00,3.009385108947753906e+00,2.927424669265747070e+00,2.865960359573364258e+00,2.824630498886108398e+00,2.800359725952148438e+00,2.792899847030639648e+00,2.801431179046630859e+00,2.814390182495117188e+00,2.839593887329101562e+00,2.877746343612670898e+00,2.922595500946044922e+00,2.968877553939819336e+00,3.019974470138549805e+00,3.071397066116333008e+00,3.125996589660644531e+00,3.184437036514282227e+00,3.239617347717285156e+00,3.287329196929931641e+00,3.331577301025390625e+00,3.375799655914306641e+00,3.424376249313354492e+00,3.467206478118896484e+00,3.496760129928588867e+00,3.527501583099365234e+00,3.557502269744873047e+00,3.584581613540649414e+00,3.605298757553100586e+00,3.618468999862670898e+00,3.627281665802001953e+00,3.640555143356323242e+00,3.659147739410400391e+00,3.680058956146240234e+00,3.702501773834228516e+00,3.718790531158447266e+00,3.732378244400024414e+00,3.740688562393188477e+00,3.763232231140136719e+00,3.793103218078613281e+00,3.805008888244628906e+00,3.828490972518920898e+00,3.849575996398925781e+00,3.880694150924682617e+00,3.908113718032836914e+00,3.902673482894897461e+00,3.921319961547851562e+00,3.495335102081298828e+00,2.899019241333007812e+00,nan,nan,1.721112012863159180e+00,1.729076743125915527e+00,nan,nan,nan,nan,nan,nan,nan,nan,nan,nan,nan,nan,nan,nan,nan,nan,nan,nan,nan,nan,nan,nan,nan,nan,nan,nan,nan,nan,nan,nan,nan,nan,nan,nan,nan,nan,nan,nan,nan,nan,nan,nan,nan,nan,nan,nan,nan,nan,nan,nan,nan,nan,nan,nan,nan,nan,nan,nan,nan,nan,nan,nan,nan,nan,nan,nan,nan,nan,nan,nan,nan,nan,nan,nan,nan,nan,nan,nan,nan,nan,nan,nan,nan,nan,nan
3.383564949035644531e+00,3.409029245376586914e+00,3.431617736816406250e+00,3.449238300323486328e+00,3.475873708724975586e+00,3.498104095458984375e+00,3.507570981979370117e+00,3.499869108200073242e+00,3.465001106262207031e+00,3.417329311370849609e+00,3.377256393432617188e+00,3.363696813583374023e+00,3.381849288940429688e+00,3.427393913269042969e+00,3.488464593887329102e+00,3.544654369354248047e+00,3.553246974945068359e+00,3.512314319610595703e+00,3.454658031463623047e+00,3.366823911666870117e+00,3.304570913314819336e+00,3.255607843399047852e+00,3.172005891799926758e+00,3.066494941711425781e+00,2.967388391494750977e+00,2.883580446243286133e+00,2.826465606689453125e+00,2.794437408447265625e+00,2.780299425125122070e+00,2.782271146774291992e+00,2.794381380081176758e+00,2.815907001495361328e+00,2.851504325866699219e+00,2.899566411972045898e+00,2.955345869064331055e+00,3.014030456542968750e+00,3.073196887969970703e+00,3.132205963134765625e+00,3.193549633026123047e+00,3.252325773239135742e+00,3.306434869766235352e+00,3.351742267608642578e+00,3.394522905349731445e+00,3.436985015869140625e+00,3.481507539749145508e+00,3.520058870315551758e+00,3.545988321304321289e+00,3.573994636535644531e+00,3.600251674652099609e+00,3.621241807937622070e+00,3.634612083435058594e+00,3.642774820327758789e+00,3.651090860366821289e+00,3.664560317993164062e+00,3.685040950775146484e+00,3.703948497772216797e+00,3.720755577087402344e+00,3.731209516525268555e+00,3.736765146255493164e+00,3.744379520416259766e+00,3.764542102813720703e+00,3.764640808105468750e+00,3.768129587173461914e+00,3.784309387207031250e+00,3.791663408279418945e+00,3.809986829757690430e+00,3.834029912948608398e+00,3.895664453506469727e+00,4.013713836669921875e+00,3.912617444992065430e+00,3.355546951293945312e+00,2.921736478805541992e+00,2.694144725799560547e+00,2.762553453445434570e+00,2.690397262573242188e+00,2.472288846969604492e+00,nan,nan,nan,nan,nan,nan,nan,nan,nan,nan,nan,nan,nan,nan,nan,nan,nan,nan,nan,nan,nan,nan,nan,nan,nan,nan,nan,nan,nan,nan,nan,nan,nan,nan,nan,nan,nan,nan,nan,nan,nan,nan,nan,nan,nan,nan,nan,nan,nan,nan,nan,nan,nan,nan,nan,nan,nan,nan,nan,nan,nan,nan,nan,nan,nan,nan,nan,nan,nan,nan,nan,nan,nan,nan,nan,nan,nan,nan,nan,nan,nan,nan,nan,nan
3.393284082412719727e+00,3.417402029037475586e+00,3.436787366867065430e+00,3.457525014877319336e+00,3.488095998764038086e+00,3.500729799270629883e+00,3.493058919906616211e+00,3.461899518966674805e+00,3.410161495208740234e+00,3.357245683670043945e+00,3.326632738113403320e+00,3.333318710327148438e+00,3.376123666763305664e+00,3.441401958465576172e+00,3.508879184722900391e+00,3.553961753845214844e+00,3.554703712463378906e+00,3.509629249572753906e+00,3.442103862762451172e+00,3.353123188018798828e+00,3.303460836410522461e+00,3.248620033264160156e+00,3.145760536193847656e+00,3.021018743515014648e+00,2.918391227722167969e+00,2.838026046752929688e+00,2.791561365127563477e+00,2.772555589675903320e+00,2.769574880599975586e+00,2.779571294784545898e+00,2.800555229187011719e+00,2.834263086318969727e+00,2.883366107940673828e+00,2.942873954772949219e+00,3.010066986083984375e+00,3.077149629592895508e+00,3.143407583236694336e+00,3.207748889923095703e+00,3.271194934844970703e+00,3.327741384506225586e+00,3.377727746963500977e+00,3.421154022216796875e+00,3.461527347564697266e+00,3.500471830368041992e+00,3.537409305572509766e+00,3.569546937942504883e+00,3.592279911041259766e+00,3.617515563964843750e+00,3.638316392898559570e+00,3.650671482086181641e+00,3.657702207565307617e+00,3.662614345550537109e+00,3.673356771469116211e+00,3.686461687088012695e+00,3.704525947570800781e+00,3.719772577285766602e+00,3.730805873870849609e+00,3.734344720840454102e+00,3.736158609390258789e+00,3.742723226547241211e+00,3.749093055725097656e+00,3.743176698684692383e+00,3.732599735260009766e+00,3.736307621002197266e+00,3.734369993209838867e+00,3.744211912155151367e+00,3.781190395355224609e+00,3.862271070480346680e+00,3.938548803329467773e+00,3.908201217651367188e+00,3.857293605804443359e+00,3.744003534317016602e+00,3.602426767349243164e+00,3.476420879364013672e+00,3.394378185272216797e+00,3.336308479309082031e+00,3.212283849716186523e+00,3.071367979049682617e+00,2.481812953948974609e+00,nan,nan,nan,1.047112107276916504e+00,nan,nan,nan,nan,nan,nan,7.794471383094787598e-01,6.455276012420654297e-01,nan,nan,nan,nan,nan,nan,nan,nan,nan,nan,nan,nan,nan,nan,nan,nan,nan,nan,nan,nan,nan,nan,nan,nan,nan,nan,nan,nan,nan,nan,nan,nan,nan,nan,nan,nan,nan,nan,nan,nan,nan,nan,nan,nan,nan,nan,nan,nan,nan,nan,nan,nan,nan,nan,nan,nan,nan,nan,nan,nan,nan,nan,nan,nan,nan,nan,nan,nan,nan
3.395939350128173828e+00,3.416687011718750000e+00,3.432730913162231445e+00,3.458561420440673828e+00,3.484988927841186523e+00,3.482800960540771484e+00,3.458114624023437500e+00,3.408223390579223633e+00,3.347460031509399414e+00,3.303506612777709961e+00,3.292243480682373047e+00,3.323956012725830078e+00,3.387553215026855469e+00,3.463777780532836914e+00,3.529268980026245117e+00,3.561161041259765625e+00,3.545576333999633789e+00,3.504295825958251953e+00,3.430049180984497070e+00,3.360227108001708984e+00,3.305852413177490234e+00,3.228624343872070312e+00,3.101198911666870117e+00,2.968566656112670898e+00,2.868280649185180664e+00,2.799861669540405273e+00,2.769217014312744141e+00,2.759431838989257812e+00,2.768368721008300781e+00,2.788899898529052734e+00,2.823502779006958008e+00,2.873478412628173828e+00,2.937114953994750977e+00,3.009721517562866211e+00,3.085621118545532227e+00,3.159147739410400391e+00,3.228511095046997070e+00,3.294916629791259766e+00,3.355226278305053711e+00,3.406955718994140625e+00,3.452093601226806641e+00,3.491544723510742188e+00,3.527386426925659180e+00,3.560237169265747070e+00,3.590112209320068359e+00,3.614845275878906250e+00,3.635437250137329102e+00,3.655640125274658203e+00,3.669225454330444336e+00,3.674740314483642578e+00,3.678278207778930664e+00,3.682030677795410156e+00,3.691942691802978516e+00,3.701648712158203125e+00,3.715848684310913086e+00,3.725781440734863281e+00,3.729205846786499023e+00,3.728229999542236328e+00,3.729757547378540039e+00,3.734668970108032227e+00,3.735983610153198242e+00,3.728708028793334961e+00,3.714738130569458008e+00,3.706578731536865234e+00,3.705940008163452148e+00,3.716188669204711914e+00,3.750289678573608398e+00,3.776239156723022461e+00,3.766999959945678711e+00,3.737315654754638672e+00,3.699973583221435547e+00,3.665332555770874023e+00,3.595271110534667969e+00,3.509761333465576172e+00,3.451538324356079102e+00,3.378356695175170898e+00,3.271610975265502930e+00,3.133007049560546875e+00,3.125964164733886719e+00,2.717579364776611328e+00,nan,1.825543045997619629e+00,1.946791529655456543e+00,1.551935434341430664e+00,1.063626646995544434e+00,8.059243559837341309e-01,7.239971756935119629e-01,9.077677130699157715e-01,1.214339256286621094e+00,1.282440423965454102e+00,1.142356991767883301e+00,6.385933160781860352e-01,nan,nan,nan,nan,nan,nan,nan,nan,nan,nan,nan,nan,nan,nan,nan,nan,nan,nan,nan,nan,nan,nan,nan,nan,nan,nan,nan,nan,nan,nan,nan,nan,nan,nan,nan,nan,nan,nan,nan,nan,nan,nan,nan,nan,nan,nan,nan,nan,nan,nan,nan,nan,nan,nan,nan,nan,nan,nan,nan,nan,nan,nan,nan,nan,nan,nan,nan,nan
3.384333610534667969e+00,3.402531147003173828e+00,3.424232959747314453e+00,3.453076601028442383e+00,3.470419645309448242e+00,3.452992439270019531e+00,3.408510446548461914e+00,3.344102859497070312e+00,3.287704706192016602e+00,3.263231039047241211e+00,3.277554035186767578e+00,3.333585500717163086e+00,3.411077499389648438e+00,3.491899013519287109e+00,3.549323320388793945e+00,3.565340757369995117e+00,3.538904905319213867e+00,3.494513988494873047e+00,3.426553487777709961e+00,3.358962059020996094e+00,3.296113491058349609e+00,3.187804937362670898e+00,3.045829772949218750e+00,2.924158096313476562e+00,2.830287694931030273e+00,2.771066188812255859e+00,2.752891302108764648e+00,2.757839679718017578e+00,2.780812263488769531e+00,2.816133737564086914e+00,2.867196559906005859e+00,2.935053348541259766e+00,3.013588428497314453e+00,3.096870660781860352e+00,3.177284717559814453e+00,3.252921104431152344e+00,3.322585344314575195e+00,3.385916948318481445e+00,3.440026521682739258e+00,3.487180471420288086e+00,3.526395082473754883e+00,3.559928417205810547e+00,3.589165687561035156e+00,3.614957809448242188e+00,3.637726306915283203e+00,3.657121896743774414e+00,3.674903869628906250e+00,3.686864852905273438e+00,3.693288803100585938e+00,3.694833755493164062e+00,3.696575880050659180e+00,3.699491739273071289e+00,3.705350875854492188e+00,3.711480140686035156e+00,3.720871448516845703e+00,3.724312067031860352e+00,3.722737550735473633e+00,3.722548484802246094e+00,3.725581169128417969e+00,3.730945587158203125e+00,3.731539964675903320e+00,3.721590042114257812e+00,3.708077907562255859e+00,3.692712545394897461e+00,3.687063932418823242e+00,3.678944349288940430e+00,3.690044164657592773e+00,3.652241706848144531e+00,3.629110813140869141e+00,3.613840341567993164e+00,3.624901056289672852e+00,3.603933572769165039e+00,3.544679164886474609e+00,3.500167369842529297e+00,3.452445030212402344e+00,3.370310068130493164e+00,3.254015922546386719e+00,3.129688978195190430e+00,3.094470739364624023e+00,3.138220071792602539e+00,3.007769584655761719e+00,2.879149675369262695e+00,2.730799436569213867e+00,2.329906225204467773e+00,1.882416129112243652e+00,1.597618460655212402e+00,1.467343449592590332e+00,1.575497746467590332e+00,1.690723180770874023e+00,1.642869353294372559e+00,1.467489004135131836e+00,9.658730030059814453e-01,nan,nan,nan,nan,nan,nan,nan,nan,nan,nan,nan,nan,nan,nan,nan,nan,nan,nan,nan,nan,nan,nan,nan,nan,nan,nan,nan,nan,nan,nan,nan,nan,nan,nan,nan,nan,nan,nan,nan,nan,nan,nan,nan,nan,nan,nan,nan,nan,nan,nan,nan,nan,nan,nan,nan,nan,nan,nan,nan,nan,nan,nan,nan,nan,nan,nan,nan,nan
3.374537229537963867e+00,3.395399093627929688e+00,3.421861648559570312e+00,3.447039842605590820e+00,3.441752910614013672e+00,3.400275230407714844e+00,3.336263179779052734e+00,3.274217367172241211e+00,3.242533206939697266e+00,3.242812395095825195e+00,3.283369302749633789e+00,3.359103918075561523e+00,3.448995113372802734e+00,3.526340007781982422e+00,3.568624496459960938e+00,3.566314697265625000e+00,3.533872127532958984e+00,3.483047485351562500e+00,3.413081407546997070e+00,3.336834669113159180e+00,3.267866134643554688e+00,3.137685298919677734e+00,2.998791217803955078e+00,2.888481140136718750e+00,2.800136089324951172e+00,2.747335433959960938e+00,2.747074842453002930e+00,2.773751974105834961e+00,2.814653158187866211e+00,2.865722656250000000e+00,2.933481216430664062e+00,3.017349958419799805e+00,3.107831478118896484e+00,3.198270797729492188e+00,3.280920028686523438e+00,3.354846000671386719e+00,3.421087980270385742e+00,3.477644443511962891e+00,3.524749755859375000e+00,3.565015316009521484e+00,3.598088502883911133e+00,3.624228477478027344e+00,3.645821332931518555e+00,3.663885116577148438e+00,3.679621696472167969e+00,3.694060564041137695e+00,3.705514430999755859e+00,3.710327148437500000e+00,3.711263179779052734e+00,3.709547996520996094e+00,3.709550619125366211e+00,3.711804151535034180e+00,3.715151309967041016e+00,3.719534873962402344e+00,3.724524497985839844e+00,3.722793817520141602e+00,3.721482992172241211e+00,3.722942113876342773e+00,3.725895643234252930e+00,3.729364395141601562e+00,3.724987506866455078e+00,3.711455583572387695e+00,3.694925069808959961e+00,3.677084445953369141e+00,3.655536651611328125e+00,3.636708259582519531e+00,3.613266944885253906e+00,3.571669101715087891e+00,3.553329229354858398e+00,3.563346385955810547e+00,3.568040370941162109e+00,3.500766038894653320e+00,3.443665742874145508e+00,3.408350944519042969e+00,3.339278459548950195e+00,3.242541074752807617e+00,3.129793882369995117e+00,3.042730569839477539e+00,3.005205154418945312e+00,3.019499063491821289e+00,3.032673358917236328e+00,3.110941648483276367e+00,3.142555475234985352e+00,2.993927717208862305e+00,2.722462415695190430e+00,2.443911075592041016e+00,2.260475158691406250e+00,2.148805141448974609e+00,2.133626461029052734e+00,2.029147624969482422e+00,1.808222651481628418e+00,1.367588996887207031e+00,8.103863596916198730e-01,nan,nan,nan,nan,nan,nan,nan,nan,nan,nan,nan,nan,nan,nan,nan,nan,nan,nan,nan,nan,nan,nan,nan,nan,nan,nan,nan,nan,nan,nan,nan,nan,nan,nan,nan,nan,nan,nan,nan,nan,nan,nan,nan,nan,nan,nan,nan,nan,nan,nan,nan,nan,nan,nan,nan,nan,nan,nan,nan,nan,nan,nan,nan,nan,nan,nan,nan
3.370307445526123047e+00,3.393508672714233398e+00,3.416270017623901367e+00,3.423211336135864258e+00,3.379058837890625000e+00,3.319133520126342773e+00,3.256466865539550781e+00,3.227258443832397461e+00,3.223063707351684570e+00,3.244501352310180664e+00,3.309494018554687500e+00,3.403330564498901367e+00,3.497477531433105469e+00,3.558376789093017578e+00,3.579076290130615234e+00,3.558325290679931641e+00,3.512100458145141602e+00,3.448499441146850586e+00,3.380411148071289062e+00,3.298913478851318359e+00,3.221939802169799805e+00,3.087181568145751953e+00,2.964773416519165039e+00,2.857775211334228516e+00,2.775279760360717773e+00,2.741100311279296875e+00,2.761875867843627930e+00,2.813803195953369141e+00,2.873222351074218750e+00,2.940248489379882812e+00,3.022605419158935547e+00,3.120326757431030273e+00,3.220272541046142578e+00,3.314379692077636719e+00,3.395099639892578125e+00,3.463976621627807617e+00,3.521496534347534180e+00,3.568725585937500000e+00,3.607109069824218750e+00,3.638461351394653320e+00,3.663203001022338867e+00,3.681511163711547852e+00,3.694356679916381836e+00,3.704231977462768555e+00,3.712857723236083984e+00,3.720269203186035156e+00,3.725056171417236328e+00,3.725304841995239258e+00,3.724042415618896484e+00,3.721337556838989258e+00,3.720242023468017578e+00,3.721541881561279297e+00,3.723831892013549805e+00,3.725374221801757812e+00,3.726016998291015625e+00,3.722169637680053711e+00,3.721982717514038086e+00,3.721940755844116211e+00,3.722064971923828125e+00,3.719648599624633789e+00,3.707885742187500000e+00,3.690314531326293945e+00,3.674305200576782227e+00,3.653208255767822266e+00,3.628343343734741211e+00,3.605944871902465820e+00,3.579170942306518555e+00,3.537268161773681641e+00,3.514325857162475586e+00,3.516166210174560547e+00,3.455192327499389648e+00,3.371222019195556641e+00,3.344367980957031250e+00,3.263053417205810547e+00,3.181172132492065430e+00,3.081922769546508789e+00,2.996489763259887695e+00,2.959017038345336914e+00,3.035475730895996094e+00,3.094559431076049805e+00,3.180930137634277344e+00,3.273046731948852539e+00,3.328937768936157227e+00,3.306593418121337891e+00,3.184243917465209961e+00,3.013843536376953125e+00,2.835926294326782227e+00,2.666422843933105469e+00,2.538795709609985352e+00,2.369927167892456055e+00,2.110498905181884766e+00,1.679074525833129883e+00,1.122331261634826660e+00,6.531837582588195801e-01,nan,nan,nan,nan,nan,nan,nan,nan,nan,nan,nan,nan,nan,nan,nan,nan,nan,nan,nan,nan,nan,nan,nan,nan,nan,nan,nan,nan,nan,nan,nan,nan,nan,nan,nan,nan,nan,nan,nan,nan,nan,nan,nan,nan,nan,nan,nan,nan,nan,nan,nan,nan,nan,nan,nan,nan,nan,nan,nan,nan,nan,nan,nan,nan,nan,nan
3.364668846130371094e+00,3.381054639816284180e+00,3.393341064453125000e+00,3.370160818099975586e+00,3.312056064605712891e+00,3.253775119781494141e+00,3.214266061782836914e+00,3.205392122268676758e+00,3.214534044265747070e+00,3.259650945663452148e+00,3.347901344299316406e+00,3.454800605773925781e+00,3.543731212615966797e+00,3.581677913665771484e+00,3.575405120849609375e+00,3.536506414413452148e+00,3.476166248321533203e+00,3.406581163406372070e+00,3.338554620742797852e+00,3.259742736816406250e+00,3.171145200729370117e+00,3.049731492996215820e+00,2.927980184555053711e+00,2.824855089187622070e+00,2.760545015335083008e+00,2.758204698562622070e+00,2.811011075973510742e+00,2.885175704956054688e+00,2.960675716400146484e+00,3.042116880416870117e+00,3.138018131256103516e+00,3.246530532836914062e+00,3.351464271545410156e+00,3.441222906112670898e+00,3.513459205627441406e+00,3.570960044860839844e+00,3.615972518920898438e+00,3.652552127838134766e+00,3.681158065795898438e+00,3.702667951583862305e+00,3.717600822448730469e+00,3.727409362792968750e+00,3.730849027633666992e+00,3.732540607452392578e+00,3.735373973846435547e+00,3.738444566726684570e+00,3.738230943679809570e+00,3.736577272415161133e+00,3.732301235198974609e+00,3.728604555130004883e+00,3.726530551910400391e+00,3.726033926010131836e+00,3.725556850433349609e+00,3.723506927490234375e+00,3.717972755432128906e+00,3.713002681732177734e+00,3.711154460906982422e+00,3.707425594329833984e+00,3.702111005783081055e+00,3.695552825927734375e+00,3.680231809616088867e+00,3.662649631500244141e+00,3.646667718887329102e+00,3.621969461441040039e+00,3.592266082763671875e+00,3.565345764160156250e+00,3.532046318054199219e+00,3.488915681838989258e+00,3.460829973220825195e+00,3.421427249908447266e+00,3.336897373199462891e+00,3.287136316299438477e+00,3.264788389205932617e+00,3.169760465621948242e+00,3.078800201416015625e+00,3.008830308914184570e+00,2.966122150421142578e+00,2.977315187454223633e+00,3.113568067550659180e+00,3.219190359115600586e+00,3.277303934097290039e+00,3.309919834136962891e+00,3.349259138107299805e+00,3.404546737670898438e+00,3.400094270706176758e+00,3.329207897186279297e+00,3.198698043823242188e+00,3.049103736877441406e+00,2.891602993011474609e+00,2.685480833053588867e+00,2.388602972030639648e+00,1.960696578025817871e+00,1.524410605430603027e+00,1.045074939727783203e+00,4.334688484668731689e-01,nan,nan,nan,nan,nan,nan,nan,nan,nan,nan,nan,nan,nan,nan,nan,nan,nan,nan,nan,nan,nan,nan,nan,nan,nan,nan,nan,nan,nan,nan,nan,nan,nan,nan,nan,nan,nan,nan,nan,nan,nan,nan,nan,nan,nan,nan,nan,nan,nan,nan,nan,nan,nan,nan,nan,nan,nan,nan,nan,nan,nan,nan,nan,nan,nan
3.346604585647583008e+00,3.364013433456420898e+00,3.362537145614624023e+00,3.331933736801147461e+00,3.267189025878906250e+00,3.215171575546264648e+00,3.188194990158081055e+00,3.184153079986572266e+00,3.214470624923706055e+00,3.284922361373901367e+00,3.395895481109619141e+00,3.509987831115722656e+00,3.579253673553466797e+00,3.585859537124633789e+00,3.556745529174804688e+00,3.504113912582397461e+00,3.433067083358764648e+00,3.362828731536865234e+00,3.287194967269897461e+00,3.199120521545410156e+00,3.100015878677368164e+00,2.991078138351440430e+00,2.885172367095947266e+00,2.810226440429687500e+00,2.780974149703979492e+00,2.826096057891845703e+00,2.908443689346313477e+00,2.998247623443603516e+00,3.086024761199951172e+00,3.177927494049072266e+00,3.277771234512329102e+00,3.391311407089233398e+00,3.493926048278808594e+00,3.568618535995483398e+00,3.626205682754516602e+00,3.669325351715087891e+00,3.703041315078735352e+00,3.729866504669189453e+00,3.748727798461914062e+00,3.758347749710083008e+00,3.761114597320556641e+00,3.759844303131103516e+00,3.754960775375366211e+00,3.750922441482543945e+00,3.750809192657470703e+00,3.751177072525024414e+00,3.749291181564331055e+00,3.744027137756347656e+00,3.736088991165161133e+00,3.730632066726684570e+00,3.727692365646362305e+00,3.724325180053710938e+00,3.719213485717773438e+00,3.712408304214477539e+00,3.701556921005249023e+00,3.695168733596801758e+00,3.692022085189819336e+00,3.685141324996948242e+00,3.677109718322753906e+00,3.668640613555908203e+00,3.653618574142456055e+00,3.637252569198608398e+00,3.617617368698120117e+00,3.588039398193359375e+00,3.556788206100463867e+00,3.526826858520507812e+00,3.492631196975708008e+00,3.445704221725463867e+00,3.399497270584106445e+00,3.348799467086791992e+00,3.269688367843627930e+00,3.229335784912109375e+00,3.182621240615844727e+00,3.117354393005371094e+00,3.055755853652954102e+00,3.031470298767089844e+00,3.027754783630371094e+00,3.078144788742065430e+00,3.167657852172851562e+00,3.240592002868652344e+00,3.276801347732543945e+00,3.317938327789306641e+00,3.371536970138549805e+00,3.441990613937377930e+00,3.480562210083007812e+00,3.453232526779174805e+00,3.381832361221313477e+00,3.279359340667724609e+00,3.139509916305541992e+00,2.946728467941284180e+00,2.659425973892211914e+00,2.235139369964599609e+00,1.868227601051330566e+00,1.456465005874633789e+00,8.710922002792358398e-01,nan,nan,nan,nan,nan,nan,nan,nan,nan,nan,nan,nan,nan,nan,nan,nan,nan,nan,nan,nan,nan,nan,nan,nan,nan,nan,nan,nan,nan,nan,nan,nan,nan,nan,nan,nan,nan,nan,nan,nan,nan,nan,nan,nan,nan,nan,nan,nan,nan,nan,nan,nan,nan,nan,nan,nan,nan,nan,nan,nan,nan,nan,nan,nan,nan
3.333910942077636719e+00,3.342514991760253906e+00,3.323457002639770508e+00,3.278732538223266602e+00,3.224930047988891602e+00,3.188919305801391602e+00,3.179116487503051758e+00,3.194730520248413086e+00,3.252859830856323242e+00,3.350273609161376953e+00,3.470115661621093750e+00,3.563758611679077148e+00,3.597047328948974609e+00,3.566312074661254883e+00,3.516586065292358398e+00,3.458950042724609375e+00,3.384788036346435547e+00,3.309718370437622070e+00,3.226765871047973633e+00,3.134340524673461914e+00,3.037870645523071289e+00,2.945120573043823242e+00,2.870344400405883789e+00,2.841024637222290039e+00,2.862442255020141602e+00,2.948956727981567383e+00,3.047549724578857422e+00,3.146884679794311523e+00,3.237333774566650391e+00,3.333270549774169922e+00,3.440952301025390625e+00,3.557258367538452148e+00,3.643063306808471680e+00,3.695607423782348633e+00,3.734513044357299805e+00,3.762004137039184570e+00,3.783685684204101562e+00,3.798461198806762695e+00,3.804170131683349609e+00,3.800021171569824219e+00,3.791027545928955078e+00,3.779400825500488281e+00,3.768620252609252930e+00,3.762492656707763672e+00,3.761219501495361328e+00,3.759444475173950195e+00,3.754007816314697266e+00,3.743827581405639648e+00,3.732603549957275391e+00,3.725671768188476562e+00,3.720662593841552734e+00,3.714605569839477539e+00,3.704785346984863281e+00,3.693329572677612305e+00,3.680868625640869141e+00,3.676132678985595703e+00,3.672648906707763672e+00,3.663549900054931641e+00,3.655119419097900391e+00,3.645707607269287109e+00,3.632169008255004883e+00,3.612459659576416016e+00,3.585350036621093750e+00,3.552190303802490234e+00,3.517299652099609375e+00,3.481451272964477539e+00,3.437292098999023438e+00,3.384495973587036133e+00,3.325943708419799805e+00,3.265036582946777344e+00,3.192600250244140625e+00,3.141931295394897461e+00,3.099200487136840820e+00,3.069363355636596680e+00,3.046721220016479492e+00,3.045887708663940430e+00,3.057730913162231445e+00,3.093890190124511719e+00,3.111106872558593750e+00,3.164839982986450195e+00,3.255901336669921875e+00,3.307775974273681641e+00,3.371183156967163086e+00,3.446350812911987305e+00,3.492342710494995117e+00,3.487874984741210938e+00,3.468296289443969727e+00,3.421877622604370117e+00,3.330792188644409180e+00,3.170207023620605469e+00,2.910789251327514648e+00,2.524983167648315430e+00,2.180927515029907227e+00,1.831186056137084961e+00,1.191165208816528320e+00,4.725451767444610596e-01,nan,nan,nan,nan,nan,nan,nan,nan,nan,nan,nan,nan,nan,nan,nan,nan,nan,nan,nan,nan,nan,nan,nan,nan,nan,nan,nan,nan,nan,nan,nan,nan,nan,nan,nan,nan,nan,nan,nan,nan,nan,nan,nan,nan,nan,nan,nan,nan,nan,nan,nan,nan,nan,nan,nan,nan,nan,nan,nan,nan,nan,nan,nan,nan
3.307168483734130859e+00,3.303853273391723633e+00,3.275140762329101562e+00,3.230410099029541016e+00,3.204792499542236328e+00,3.200430393218994141e+00,3.216423034667968750e+00,3.255605220794677734e+00,3.326692581176757812e+00,3.433523654937744141e+00,3.528830766677856445e+00,3.574429035186767578e+00,3.560360670089721680e+00,3.512795448303222656e+00,3.456950664520263672e+00,3.396190404891967773e+00,3.318797588348388672e+00,3.247375965118408203e+00,3.164798974990844727e+00,3.086333274841308594e+00,2.998665332794189453e+00,2.927769184112548828e+00,2.894738912582397461e+00,2.913133621215820312e+00,2.992707729339599609e+00,3.106239080429077148e+00,3.214056968688964844e+00,3.324748992919921875e+00,3.419352293014526367e+00,3.515502214431762695e+00,3.625928640365600586e+00,3.725123405456542969e+00,3.770872592926025391e+00,3.799098014831542969e+00,3.816693305969238281e+00,3.830887794494628906e+00,3.840793609619140625e+00,3.841600179672241211e+00,3.835180282592773438e+00,3.819537639617919922e+00,3.801479339599609375e+00,3.785071611404418945e+00,3.772835493087768555e+00,3.766734600067138672e+00,3.762787580490112305e+00,3.757098436355590820e+00,3.748453855514526367e+00,3.735350131988525391e+00,3.723335504531860352e+00,3.715162754058837891e+00,3.707871675491333008e+00,3.698154926300048828e+00,3.685689687728881836e+00,3.672581672668457031e+00,3.663811445236206055e+00,3.660291194915771484e+00,3.653524637222290039e+00,3.644206285476684570e+00,3.635730266571044922e+00,3.623875141143798828e+00,3.605222463607788086e+00,3.579795598983764648e+00,3.547257661819458008e+00,3.510394811630249023e+00,3.470627784729003906e+00,3.424299716949462891e+00,3.364277124404907227e+00,3.305575847625732422e+00,3.245581150054931641e+00,3.194453954696655273e+00,3.136418819427490234e+00,3.096190452575683594e+00,3.069598913192749023e+00,3.055613517761230469e+00,3.050800323486328125e+00,3.056110620498657227e+00,3.071316003799438477e+00,3.091978311538696289e+00,3.113305568695068359e+00,3.147995233535766602e+00,3.243558168411254883e+00,3.294731378555297852e+00,3.411823511123657227e+00,3.495864868164062500e+00,3.527444124221801758e+00,3.515658140182495117e+00,3.517671346664428711e+00,3.511432886123657227e+00,3.463067531585693359e+00,3.347477197647094727e+00,3.141808032989501953e+00,2.851581573486328125e+00,2.563434123992919922e+00,2.226427555084228516e+00,1.544892907142639160e+00,nan,nan,nan,nan,nan,nan,nan,nan,nan,nan,nan,nan,nan,nan,nan,nan,nan,nan,nan,nan,nan,nan,nan,nan,nan,nan,nan,nan,nan,nan,nan,nan,nan,nan,nan,nan,nan,nan,nan,nan,nan,nan,nan,nan,nan,nan,nan,nan,nan,nan,nan,nan,nan,nan,nan,nan,nan,nan,nan,nan,nan,nan,nan,nan,nan
3.286093473434448242e+00,3.277030944824218750e+00,3.249203920364379883e+00,3.221526384353637695e+00,3.217742204666137695e+00,3.238486289978027344e+00,3.270817518234252930e+00,3.331793308258056641e+00,3.406975030899047852e+00,3.498482704162597656e+00,3.546019077301025391e+00,3.555743217468261719e+00,3.516999244689941406e+00,3.465916395187377930e+00,3.409258127212524414e+00,3.344274997711181641e+00,3.265212774276733398e+00,3.193296194076538086e+00,3.116237163543701172e+00,3.045513153076171875e+00,2.985609769821166992e+00,2.953096866607666016e+00,2.961499691009521484e+00,3.033848524093627930e+00,3.148939609527587891e+00,3.281508445739746094e+00,3.399494886398315430e+00,3.503427982330322266e+00,3.588357448577880859e+00,3.672253847122192383e+00,3.763836383819580078e+00,3.817739486694335938e+00,3.835244178771972656e+00,3.843370199203491211e+00,3.849501609802246094e+00,3.857358455657958984e+00,3.860692262649536133e+00,3.852868318557739258e+00,3.836014747619628906e+00,3.812396526336669922e+00,3.791251897811889648e+00,3.774267435073852539e+00,3.763727903366088867e+00,3.758373975753784180e+00,3.751271963119506836e+00,3.745347261428833008e+00,3.736379623413085938e+00,3.723861694335937500e+00,3.712113618850708008e+00,3.702729225158691406e+00,3.693013668060302734e+00,3.680086612701416016e+00,3.666922330856323242e+00,3.655676841735839844e+00,3.649819374084472656e+00,3.642262935638427734e+00,3.632875680923461914e+00,3.625901937484741211e+00,3.615462541580200195e+00,3.599367856979370117e+00,3.574437379837036133e+00,3.543646097183227539e+00,3.506547689437866211e+00,3.464979648590087891e+00,3.418971300125122070e+00,3.358245611190795898e+00,3.294087886810302734e+00,3.234658241271972656e+00,3.181893587112426758e+00,3.137932300567626953e+00,3.100373029708862305e+00,3.070032119750976562e+00,3.051972866058349609e+00,3.044849872589111328e+00,3.045330524444580078e+00,3.052410602569580078e+00,3.071927309036254883e+00,3.097359657287597656e+00,3.130547523498535156e+00,3.166844606399536133e+00,3.221738576889038086e+00,3.315763711929321289e+00,3.437650203704833984e+00,3.512587547302246094e+00,3.513203859329223633e+00,3.505360603332519531e+00,3.534646034240722656e+00,3.561605930328369141e+00,3.547039747238159180e+00,3.480199813842773438e+00,3.347187995910644531e+00,3.151960372924804688e+00,2.889948368072509766e+00,2.564588308334350586e+00,1.749013900756835938e+00,nan,nan,nan,nan,nan,nan,nan,nan,nan,nan,nan,nan,nan,nan,nan,nan,nan,nan,nan,nan,nan,nan,nan,nan,nan,nan,nan,nan,nan,nan,nan,nan,nan,nan,nan,nan,nan,nan,nan,nan,nan,nan,nan,nan,nan,nan,nan,nan,nan,nan,nan,nan,nan,nan,nan,nan,nan,nan,nan,nan,nan,nan,nan,nan,nan
3.286889791488647461e+00,3.273510694503784180e+00,3.251292943954467773e+00,3.239826679229736328e+00,3.249174833297729492e+00,3.279058218002319336e+00,3.328608989715576172e+00,3.399025917053222656e+00,3.472484350204467773e+00,3.536479711532592773e+00,3.557432174682617188e+00,3.543082475662231445e+00,3.490855455398559570e+00,3.427802562713623047e+00,3.360475778579711914e+00,3.282756805419921875e+00,3.202382802963256836e+00,3.136277914047241211e+00,3.073146820068359375e+00,3.028277635574340820e+00,3.005164861679077148e+00,3.015489578247070312e+00,3.064661264419555664e+00,3.169642448425292969e+00,3.302186965942382812e+00,3.443946599960327148e+00,3.559913396835327148e+00,3.646904945373535156e+00,3.716306686401367188e+00,3.785193443298339844e+00,3.847131967544555664e+00,3.874101638793945312e+00,3.876791238784790039e+00,3.874277114868164062e+00,3.875905752182006836e+00,3.879981756210327148e+00,3.873776912689208984e+00,3.853207111358642578e+00,3.825033664703369141e+00,3.795882463455200195e+00,3.775121688842773438e+00,3.759804010391235352e+00,3.751092910766601562e+00,3.744622707366943359e+00,3.738340616226196289e+00,3.734430789947509766e+00,3.725097179412841797e+00,3.712622880935668945e+00,3.700536251068115234e+00,3.690000534057617188e+00,3.677063465118408203e+00,3.660380601882934570e+00,3.646894693374633789e+00,3.638898134231567383e+00,3.632521390914916992e+00,3.623218297958374023e+00,3.612475156784057617e+00,3.604732036590576172e+00,3.591620683670043945e+00,3.570668458938598633e+00,3.540854930877685547e+00,3.504444599151611328e+00,3.461886644363403320e+00,3.413907289505004883e+00,3.359966754913330078e+00,3.295649766921997070e+00,3.233685255050659180e+00,3.179121971130371094e+00,3.133976936340332031e+00,3.096650362014770508e+00,3.067180395126342773e+00,3.045182466506958008e+00,3.031852960586547852e+00,3.028136730194091797e+00,3.030817747116088867e+00,3.042572498321533203e+00,3.067534923553466797e+00,3.097395896911621094e+00,3.133218526840209961e+00,3.173087358474731445e+00,3.218221902847290039e+00,3.327347040176391602e+00,3.395063161849975586e+00,3.440998077392578125e+00,3.440939903259277344e+00,3.510233879089355469e+00,3.571956634521484375e+00,3.602244615554809570e+00,3.604598999023437500e+00,3.573901891708374023e+00,3.508783102035522461e+00,3.386370658874511719e+00,3.146146774291992188e+00,2.832224130630493164e+00,2.076773643493652344e+00,nan,nan,nan,5.279586315155029297e-01,nan,nan,nan,nan,nan,nan,nan,nan,nan,nan,nan,nan,nan,nan,nan,nan,nan,nan,nan,nan,nan,nan,nan,nan,nan,nan,nan,nan,nan,nan,nan,nan,nan,nan,nan,nan,nan,nan,nan,nan,nan,nan,nan,nan,nan,nan,nan,nan,nan,nan,nan,nan,nan,nan,nan,nan,nan,nan,nan,nan,nan
3.289050817489624023e+00,3.277118921279907227e+00,3.263697624206542969e+00,3.263636112213134766e+00,3.282850503921508789e+00,3.320152759552001953e+00,3.375600576400756836e+00,3.451442718505859375e+00,3.515001535415649414e+00,3.554694652557373047e+00,3.548892736434936523e+00,3.512354612350463867e+00,3.443944215774536133e+00,3.360661268234252930e+00,3.286007404327392578e+00,3.200951814651489258e+00,3.137955427169799805e+00,3.094728946685791016e+00,3.063227176666259766e+00,3.043309450149536133e+00,3.055827856063842773e+00,3.101231098175048828e+00,3.181269407272338867e+00,3.308459043502807617e+00,3.453217744827270508e+00,3.591779708862304688e+00,3.705257892608642578e+00,3.775214910507202148e+00,3.839333295822143555e+00,3.893692255020141602e+00,3.936822414398193359e+00,3.944835186004638672e+00,3.933207988739013672e+00,3.921020269393920898e+00,3.915671825408935547e+00,3.908473730087280273e+00,3.878936290740966797e+00,3.844266891479492188e+00,3.809058427810668945e+00,3.777743816375732422e+00,3.759240865707397461e+00,3.746100902557373047e+00,3.737748384475708008e+00,3.731041908264160156e+00,3.728625774383544922e+00,3.725123167037963867e+00,3.713593006134033203e+00,3.699736118316650391e+00,3.685679674148559570e+00,3.671988725662231445e+00,3.653031110763549805e+00,3.632399797439575195e+00,3.621797084808349609e+00,3.614048242568969727e+00,3.604337215423583984e+00,3.595603942871093750e+00,3.585351228713989258e+00,3.574213981628417969e+00,3.557220935821533203e+00,3.531447887420654297e+00,3.498241424560546875e+00,3.456501483917236328e+00,3.405365943908691406e+00,3.349887847900390625e+00,3.289750099182128906e+00,3.228937149047851562e+00,3.170139312744140625e+00,3.121336698532104492e+00,3.081483364105224609e+00,3.049744606018066406e+00,3.025265693664550781e+00,3.008991003036499023e+00,3.001070261001586914e+00,3.000547170639038086e+00,3.010132312774658203e+00,3.030719041824340820e+00,3.059816122055053711e+00,3.092308998107910156e+00,3.130775451660156250e+00,3.176022052764892578e+00,3.228754520416259766e+00,3.299676179885864258e+00,3.339101314544677734e+00,3.369168758392333984e+00,3.428324699401855469e+00,3.565825223922729492e+00,3.627195358276367188e+00,3.637676477432250977e+00,3.628455638885498047e+00,3.629636287689208984e+00,3.612982273101806641e+00,3.515270233154296875e+00,3.344160079956054688e+00,3.075412750244140625e+00,2.409403324127197266e+00,1.706514954566955566e+00,nan,6.376450061798095703e-01,1.012511730194091797e+00,9.618433117866516113e-01,nan,nan,nan,nan,nan,nan,nan,nan,nan,nan,nan,nan,nan,nan,nan,nan,nan,nan,nan,nan,nan,nan,nan,nan,nan,nan,nan,nan,nan,nan,nan,nan,nan,nan,nan,nan,nan,nan,nan,nan,nan,nan,nan,nan,nan,nan,nan,nan,nan,nan,nan,nan,nan,nan,nan,nan,nan,nan,nan,nan
3.293632268905639648e+00,3.288192033767700195e+00,3.282886266708374023e+00,3.292167663574218750e+00,3.315994501113891602e+00,3.355971574783325195e+00,3.411816835403442383e+00,3.480048418045043945e+00,3.520093917846679688e+00,3.531823873519897461e+00,3.501554250717163086e+00,3.451509475708007812e+00,3.371787548065185547e+00,3.282063245773315430e+00,3.218700885772705078e+00,3.155315637588500977e+00,3.117019891738891602e+00,3.094935417175292969e+00,3.080618143081665039e+00,3.082596302032470703e+00,3.121287584304809570e+00,3.195014238357543945e+00,3.306683301925659180e+00,3.456139087677001953e+00,3.606136322021484375e+00,3.735643625259399414e+00,3.832214355468750000e+00,3.905419588088989258e+00,3.953899383544921875e+00,3.994562864303588867e+00,4.023104190826416016e+00,4.010653495788574219e+00,3.985329627990722656e+00,3.966164827346801758e+00,3.951804637908935547e+00,3.914301395416259766e+00,3.867040157318115234e+00,3.825697422027587891e+00,3.791799068450927734e+00,3.763158321380615234e+00,3.745090007781982422e+00,3.736829996109008789e+00,3.728518962860107422e+00,3.724387645721435547e+00,3.723769426345825195e+00,3.718059062957763672e+00,3.704121828079223633e+00,3.686780929565429688e+00,3.668283462524414062e+00,3.646813631057739258e+00,3.620022773742675781e+00,3.598121404647827148e+00,3.589600563049316406e+00,3.580863952636718750e+00,3.570201873779296875e+00,3.561658143997192383e+00,3.552319049835205078e+00,3.538031578063964844e+00,3.516331672668457031e+00,3.486915826797485352e+00,3.449362993240356445e+00,3.400715827941894531e+00,3.341446638107299805e+00,3.279483079910278320e+00,3.216517210006713867e+00,3.156901359558105469e+00,3.103881359100341797e+00,3.059604406356811523e+00,3.024337530136108398e+00,2.997673511505126953e+00,2.979120254516601562e+00,2.969113349914550781e+00,2.968079328536987305e+00,2.975397109985351562e+00,2.995931386947631836e+00,3.023153066635131836e+00,3.054046392440795898e+00,3.091371297836303711e+00,3.135133504867553711e+00,3.185116529464721680e+00,3.238308668136596680e+00,3.284947395324707031e+00,3.325697422027587891e+00,3.367848396301269531e+00,3.484023809432983398e+00,3.586067676544189453e+00,3.617366075515747070e+00,3.643731355667114258e+00,3.631555318832397461e+00,3.667352437973022461e+00,3.666635513305664062e+00,3.570904731750488281e+00,3.459880352020263672e+00,3.297088146209716797e+00,2.970196008682250977e+00,2.279386520385742188e+00,1.817700743675231934e+00,1.283553600311279297e+00,1.317907452583312988e+00,1.168300151824951172e+00,9.352630376815795898e-01,nan,nan,nan,nan,nan,nan,nan,nan,nan,nan,nan,nan,nan,nan,nan,nan,nan,nan,nan,nan,nan,nan,nan,nan,nan,nan,nan,nan,nan,nan,nan,nan,nan,nan,nan,nan,nan,nan,nan,nan,nan,nan,nan,nan,nan,nan,nan,nan,nan,nan,nan,nan,nan,nan,nan,nan,nan,nan,nan
3.302677154541015625e+00,3.303523778915405273e+00,3.305810451507568359e+00,3.319980382919311523e+00,3.343023300170898438e+00,3.382057905197143555e+00,3.432097434997558594e+00,3.476192474365234375e+00,3.486610889434814453e+00,3.475532531738281250e+00,3.443353176116943359e+00,3.388428211212158203e+00,3.306411504745483398e+00,3.236538410186767578e+00,3.198112726211547852e+00,3.148623704910278320e+00,3.121286630630493164e+00,3.102652072906494141e+00,3.099721431732177734e+00,3.124554634094238281e+00,3.202916622161865234e+00,3.310963392257690430e+00,3.452041387557983398e+00,3.613519668579101562e+00,3.759297370910644531e+00,3.871633529663085938e+00,3.951212406158447266e+00,4.010462760925292969e+00,4.046258926391601562e+00,4.077055454254150391e+00,4.084446907043457031e+00,4.064978599548339844e+00,4.023127079010009766e+00,3.994566202163696289e+00,3.950861215591430664e+00,3.882579326629638672e+00,3.822302818298339844e+00,3.783609151840209961e+00,3.753901720046997070e+00,3.725682020187377930e+00,3.712461471557617188e+00,3.709321498870849609e+00,3.702003240585327148e+00,3.700759887695312500e+00,3.698121309280395508e+00,3.690402507781982422e+00,3.673727989196777344e+00,3.649843692779541016e+00,3.623214721679687500e+00,3.590101242065429688e+00,3.563428640365600586e+00,3.547095775604248047e+00,3.540108680725097656e+00,3.533864974975585938e+00,3.528234720230102539e+00,3.519862651824951172e+00,3.508414268493652344e+00,3.491452932357788086e+00,3.466452836990356445e+00,3.433803796768188477e+00,3.389277219772338867e+00,3.332401514053344727e+00,3.266474485397338867e+00,3.200498104095458984e+00,3.136608123779296875e+00,3.079448461532592773e+00,3.030976533889770508e+00,2.992491960525512695e+00,2.963946104049682617e+00,2.945313692092895508e+00,2.935162544250488281e+00,2.933522939682006836e+00,2.941872358322143555e+00,2.961108446121215820e+00,2.990775346755981445e+00,3.018395900726318359e+00,3.053665161132812500e+00,3.097557306289672852e+00,3.146817684173583984e+00,3.200542688369750977e+00,3.254104137420654297e+00,3.301283836364746094e+00,3.347705841064453125e+00,3.403018236160278320e+00,3.496842861175537109e+00,3.521899938583374023e+00,3.573335886001586914e+00,3.630806446075439453e+00,3.647412061691284180e+00,3.695646762847900391e+00,3.688305139541625977e+00,3.606719017028808594e+00,3.552116632461547852e+00,3.476755857467651367e+00,3.301608324050903320e+00,2.888890743255615234e+00,2.417417526245117188e+00,1.927473306655883789e+00,1.565229892730712891e+00,1.308562874794006348e+00,1.135998129844665527e+00,7.982715368270874023e-01,nan,nan,nan,nan,nan,nan,nan,nan,nan,nan,nan,nan,nan,nan,nan,nan,nan,nan,nan,nan,nan,nan,nan,nan,nan,nan,nan,nan,nan,nan,nan,nan,nan,nan,nan,nan,nan,nan,nan,nan,nan,nan,nan,nan,nan,nan,nan,nan,nan,nan,nan,nan,nan,nan,nan,nan,nan,nan
3.314203977584838867e+00,3.318203687667846680e+00,3.324994325637817383e+00,3.339345932006835938e+00,3.363080739974975586e+00,3.399297475814819336e+00,3.431785106658935547e+00,3.454945564270019531e+00,3.446336269378662109e+00,3.423288345336914062e+00,3.390805244445800781e+00,3.333287239074707031e+00,3.257156610488891602e+00,3.211197137832641602e+00,3.179917573928833008e+00,3.136521816253662109e+00,3.116240978240966797e+00,3.112166166305541992e+00,3.133068084716796875e+00,3.199433326721191406e+00,3.316684246063232422e+00,3.455621957778930664e+00,3.617043256759643555e+00,3.778420686721801758e+00,3.904841899871826172e+00,3.995985984802246094e+00,4.057547569274902344e+00,4.097126960754394531e+00,4.120892047882080078e+00,4.131052017211914062e+00,4.118073940277099609e+00,4.076231956481933594e+00,4.019906520843505859e+00,3.962105035781860352e+00,3.874519824981689453e+00,3.793573379516601562e+00,3.735390424728393555e+00,3.706715345382690430e+00,3.679370403289794922e+00,3.652904987335205078e+00,3.653177499771118164e+00,3.655000209808349609e+00,3.649080514907836914e+00,3.647634744644165039e+00,3.643979549407958984e+00,3.633808851242065430e+00,3.610264539718627930e+00,3.576071262359619141e+00,3.540488719940185547e+00,3.507012367248535156e+00,3.488456726074218750e+00,3.483392477035522461e+00,3.482651948928833008e+00,3.481097221374511719e+00,3.475918054580688477e+00,3.464497327804565430e+00,3.449872493743896484e+00,3.430635452270507812e+00,3.403897047042846680e+00,3.365377426147460938e+00,3.312232017517089844e+00,3.246894121170043945e+00,3.175645112991333008e+00,3.107514858245849609e+00,3.044068813323974609e+00,2.991344451904296875e+00,2.950109243392944336e+00,2.920455217361450195e+00,2.902278900146484375e+00,2.893619537353515625e+00,2.893982410430908203e+00,2.903061628341674805e+00,2.922063112258911133e+00,2.952492952346801758e+00,2.985785722732543945e+00,3.018924236297607422e+00,3.063053607940673828e+00,3.111495256423950195e+00,3.164606571197509766e+00,3.218939781188964844e+00,3.272309541702270508e+00,3.319626808166503906e+00,3.368575334548950195e+00,3.424889087677001953e+00,3.463194847106933594e+00,3.490461349487304688e+00,3.568467378616333008e+00,3.618449687957763672e+00,3.672526836395263672e+00,3.720511198043823242e+00,3.715273618698120117e+00,3.646934032440185547e+00,3.661530256271362305e+00,3.634998559951782227e+00,3.436170101165771484e+00,3.045707702636718750e+00,2.515284538269042969e+00,2.134590387344360352e+00,1.854944825172424316e+00,1.607428550720214844e+00,1.457390427589416504e+00,1.370371103286743164e+00,nan,nan,nan,nan,nan,nan,nan,nan,nan,nan,nan,nan,nan,nan,nan,nan,nan,nan,nan,nan,nan,nan,nan,nan,nan,nan,nan,nan,nan,nan,nan,nan,nan,nan,nan,nan,nan,nan,nan,nan,nan,nan,nan,nan,nan,nan,nan,nan,nan,nan,nan,nan,nan,nan,nan,nan,nan,nan
3.326081514358520508e+00,3.332731008529663086e+00,3.342462539672851562e+00,3.357239484786987305e+00,3.379806995391845703e+00,3.402604341506958008e+00,3.419062852859497070e+00,3.423502445220947266e+00,3.404508829116821289e+00,3.382703065872192383e+00,3.341566085815429688e+00,3.279264450073242188e+00,3.216760635375976562e+00,3.181826114654541016e+00,3.160575151443481445e+00,3.142861604690551758e+00,3.141283750534057617e+00,3.161164999008178711e+00,3.219422817230224609e+00,3.325365781784057617e+00,3.469183683395385742e+00,3.632122039794921875e+00,3.799437999725341797e+00,3.943045854568481445e+00,4.040845870971679688e+00,4.110089302062988281e+00,4.151093482971191406e+00,4.166204929351806641e+00,4.166034221649169922e+00,4.146500110626220703e+00,4.104189872741699219e+00,4.037781238555908203e+00,3.962048768997192383e+00,3.881090402603149414e+00,3.785879135131835938e+00,3.722778797149658203e+00,3.679988145828247070e+00,3.657618045806884766e+00,3.617797851562500000e+00,3.603127002716064453e+00,3.620867252349853516e+00,3.620726108551025391e+00,3.612810373306274414e+00,3.611188650131225586e+00,3.602340459823608398e+00,3.582047462463378906e+00,3.541959047317504883e+00,3.499965190887451172e+00,3.465822935104370117e+00,3.443905591964721680e+00,3.434892416000366211e+00,3.437798500061035156e+00,3.441643476486206055e+00,3.440122604370117188e+00,3.428673982620239258e+00,3.411468505859375000e+00,3.393733501434326172e+00,3.372961521148681641e+00,3.342427492141723633e+00,3.295762062072753906e+00,3.232681274414062500e+00,3.160150289535522461e+00,3.085982084274291992e+00,3.016657590866088867e+00,2.956573963165283203e+00,2.910888195037841797e+00,2.880229473114013672e+00,2.862542152404785156e+00,2.856372594833374023e+00,2.858908414840698242e+00,2.870618343353271484e+00,2.890451192855834961e+00,2.919908523559570312e+00,2.957453012466430664e+00,2.996742486953735352e+00,3.038372278213500977e+00,3.088049173355102539e+00,3.135995864868164062e+00,3.189950704574584961e+00,3.242681503295898438e+00,3.296013355255126953e+00,3.345460653305053711e+00,3.396992206573486328e+00,3.449436902999877930e+00,3.483930110931396484e+00,3.520122289657592773e+00,3.557574987411499023e+00,3.598191976547241211e+00,3.706911087036132812e+00,3.779908418655395508e+00,3.756320953369140625e+00,3.717329502105712891e+00,3.754777669906616211e+00,3.695513725280761719e+00,3.573944807052612305e+00,3.157783508300781250e+00,2.113639593124389648e+00,1.376807928085327148e+00,1.011684298515319824e+00,8.345603942871093750e-01,7.446565628051757812e-01,7.188850641250610352e-01,nan,nan,nan,nan,nan,nan,nan,nan,nan,nan,nan,nan,nan,nan,nan,nan,nan,nan,nan,nan,nan,nan,nan,nan,nan,nan,nan,nan,nan,nan,nan,nan,nan,nan,nan,nan,nan,nan,nan,nan,nan,nan,nan,nan,nan,nan,nan,nan,nan,nan,nan,nan,nan,nan,nan,nan,nan,nan
3.337745666503906250e+00,3.345458030700683594e+00,3.355119228363037109e+00,3.368247270584106445e+00,3.385938882827758789e+00,3.398043870925903320e+00,3.400082588195800781e+00,3.389937877655029297e+00,3.370028018951416016e+00,3.341189861297607422e+00,3.292452812194824219e+00,3.240279674530029297e+00,3.194695711135864258e+00,3.176916122436523438e+00,3.178569078445434570e+00,3.188064098358154297e+00,3.214017152786254883e+00,3.263348579406738281e+00,3.368226766586303711e+00,3.509725093841552734e+00,3.664806365966796875e+00,3.836846590042114258e+00,3.996029138565063477e+00,4.103658199310302734e+00,4.168675899505615234e+00,4.203413963317871094e+00,4.213062763214111328e+00,4.201519012451171875e+00,4.175609111785888672e+00,4.128407955169677734e+00,4.060178279876708984e+00,3.978244781494140625e+00,3.890370845794677734e+00,3.805684804916381836e+00,3.730197906494140625e+00,3.680731058120727539e+00,3.649680137634277344e+00,3.622352123260498047e+00,3.593752622604370117e+00,3.606835603713989258e+00,3.634823560714721680e+00,3.627981424331665039e+00,3.616348028182983398e+00,3.608138799667358398e+00,3.584697246551513672e+00,3.545368671417236328e+00,3.497152805328369141e+00,3.457272529602050781e+00,3.431569576263427734e+00,3.419247865676879883e+00,3.416021108627319336e+00,3.421805143356323242e+00,3.425752878189086914e+00,3.417591333389282227e+00,3.396793842315673828e+00,3.372539281845092773e+00,3.350686073303222656e+00,3.327901601791381836e+00,3.291320323944091797e+00,3.234617710113525391e+00,3.161337137222290039e+00,3.082982063293457031e+00,3.007898569107055664e+00,2.940098762512207031e+00,2.885952711105346680e+00,2.851506471633911133e+00,2.834076642990112305e+00,2.830114364624023438e+00,2.836099147796630859e+00,2.850317478179931641e+00,2.872740268707275391e+00,2.902070522308349609e+00,2.939433097839355469e+00,2.981029987335205078e+00,3.025006055831909180e+00,3.074378490447998047e+00,3.122735977172851562e+00,3.172451257705688477e+00,3.228462696075439453e+00,3.283401727676391602e+00,3.335087299346923828e+00,3.388027191162109375e+00,3.439193248748779297e+00,3.484719038009643555e+00,3.521363973617553711e+00,3.553548812866210938e+00,3.565113782882690430e+00,3.619075775146484375e+00,3.736288785934448242e+00,3.782109975814819336e+00,3.757509946823120117e+00,3.737992048263549805e+00,3.733372449874877930e+00,3.698132514953613281e+00,3.694035530090332031e+00,3.418178558349609375e+00,nan,nan,nan,nan,nan,nan,nan,nan,nan,nan,nan,nan,nan,nan,nan,nan,nan,nan,nan,nan,nan,nan,nan,nan,nan,nan,nan,nan,nan,nan,nan,nan,nan,nan,nan,nan,nan,nan,nan,nan,nan,nan,nan,nan,nan,nan,nan,nan,nan,nan,nan,nan,nan,nan,nan,nan,nan,nan,nan,nan,nan,nan,nan,nan
3.347191572189331055e+00,3.353066205978393555e+00,3.360628604888916016e+00,3.371041059494018555e+00,3.384208679199218750e+00,3.387733459472656250e+00,3.378762245178222656e+00,3.360007524490356445e+00,3.332991838455200195e+00,3.300528049468994141e+00,3.259418725967407227e+00,3.226373910903930664e+00,3.199761867523193359e+00,3.202934026718139648e+00,3.229265928268432617e+00,3.269673347473144531e+00,3.338678598403930664e+00,3.422507762908935547e+00,3.560469388961791992e+00,3.720355272293090820e+00,3.879540681838989258e+00,4.038590908050537109e+00,4.152058601379394531e+00,4.212405204772949219e+00,4.238584518432617188e+00,4.234942913055419922e+00,4.213731765747070312e+00,4.178308486938476562e+00,4.126407623291015625e+00,4.055408477783203125e+00,3.969461202621459961e+00,3.877808570861816406e+00,3.788065195083618164e+00,3.713394880294799805e+00,3.660464286804199219e+00,3.627487659454345703e+00,3.617232799530029297e+00,3.616019248962402344e+00,3.603539466857910156e+00,3.636862993240356445e+00,3.659121513366699219e+00,3.634224414825439453e+00,3.610704421997070312e+00,3.580917119979858398e+00,3.540272951126098633e+00,3.494846343994140625e+00,3.450308322906494141e+00,3.418358802795410156e+00,3.399264335632324219e+00,3.391763210296630859e+00,3.393573999404907227e+00,3.403539657592773438e+00,3.402683734893798828e+00,3.384067058563232422e+00,3.351710796356201172e+00,3.319484233856201172e+00,3.295540809631347656e+00,3.271408319473266602e+00,3.227813005447387695e+00,3.160507917404174805e+00,3.080819368362426758e+00,2.997988224029541016e+00,2.920626163482666016e+00,2.858080387115478516e+00,2.817200899124145508e+00,2.799262523651123047e+00,2.797469377517700195e+00,2.809115886688232422e+00,2.828154087066650391e+00,2.853723049163818359e+00,2.885780572891235352e+00,2.923225164413452148e+00,2.967575311660766602e+00,3.013323545455932617e+00,3.060630559921264648e+00,3.113141059875488281e+00,3.163979053497314453e+00,3.218528032302856445e+00,3.276874780654907227e+00,3.332770347595214844e+00,3.384865045547485352e+00,3.436686992645263672e+00,3.481694698333740234e+00,3.519902229309082031e+00,3.551228284835815430e+00,3.578955888748168945e+00,3.594047546386718750e+00,3.647001504898071289e+00,3.694831848144531250e+00,3.699028730392456055e+00,3.685222148895263672e+00,3.731637477874755859e+00,3.746861696243286133e+00,3.748317241668701172e+00,3.774845838546752930e+00,3.728439092636108398e+00,3.126115798950195312e+00,2.251549243927001953e+00,nan,nan,nan,nan,nan,nan,nan,nan,nan,nan,nan,nan,nan,nan,nan,nan,nan,nan,nan,nan,nan,nan,nan,nan,nan,nan,nan,nan,nan,nan,nan,nan,nan,nan,nan,nan,nan,nan,nan,nan,nan,nan,nan,nan,nan,nan,nan,nan,nan,nan,nan,nan,nan,nan,nan,nan,nan,nan,nan,nan,nan,nan
3.352045536041259766e+00,3.356621503829956055e+00,3.363218545913696289e+00,3.371684312820434570e+00,3.379009485244750977e+00,3.372521877288818359e+00,3.355756282806396484e+00,3.333599567413330078e+00,3.307583808898925781e+00,3.281773090362548828e+00,3.259608030319213867e+00,3.246206521987915039e+00,3.246522426605224609e+00,3.279192209243774414e+00,3.338245868682861328e+00,3.413787126541137695e+00,3.511305332183837891e+00,3.628134012222290039e+00,3.777925014495849609e+00,3.929671287536621094e+00,4.067132949829101562e+00,4.172127723693847656e+00,4.228415966033935547e+00,4.238583087921142578e+00,4.222483158111572266e+00,4.189099788665771484e+00,4.144443511962890625e+00,4.085071086883544922e+00,4.012317657470703125e+00,3.925424098968505859e+00,3.833409070968627930e+00,3.745342731475830078e+00,3.668796300888061523e+00,3.615930795669555664e+00,3.590052366256713867e+00,3.586905479431152344e+00,3.601165533065795898e+00,3.608694076538085938e+00,3.612043142318725586e+00,3.648128032684326172e+00,3.643456697463989258e+00,3.587221622467041016e+00,3.550681114196777344e+00,3.518857240676879883e+00,3.472382545471191406e+00,3.437173366546630859e+00,3.406501770019531250e+00,3.384143114089965820e+00,3.375465869903564453e+00,3.374548912048339844e+00,3.383356332778930664e+00,3.388383388519287109e+00,3.372541189193725586e+00,3.336134910583496094e+00,3.290712594985961914e+00,3.253828763961791992e+00,3.230222940444946289e+00,3.205854415893554688e+00,3.152947187423706055e+00,3.073052883148193359e+00,2.986871719360351562e+00,2.901469945907592773e+00,2.827335596084594727e+00,2.779220342636108398e+00,2.759000539779663086e+00,2.761681079864501953e+00,2.779699325561523438e+00,2.806621074676513672e+00,2.837619304656982422e+00,2.872848272323608398e+00,2.912662982940673828e+00,2.956675291061401367e+00,3.005594015121459961e+00,3.053684473037719727e+00,3.104388236999511719e+00,3.159395456314086914e+00,3.215440750122070312e+00,3.274434089660644531e+00,3.332765340805053711e+00,3.388411760330200195e+00,3.439384222030639648e+00,3.485594034194946289e+00,3.524857282638549805e+00,3.556268692016601562e+00,3.582794427871704102e+00,3.605572938919067383e+00,3.620499134063720703e+00,3.641513109207153320e+00,3.643138408660888672e+00,3.616944551467895508e+00,3.621752262115478516e+00,3.773828506469726562e+00,3.795536041259765625e+00,3.789505243301391602e+00,3.799681901931762695e+00,3.777980089187622070e+00,3.596199274063110352e+00,2.757482051849365234e+00,nan,nan,nan,nan,nan,nan,nan,nan,nan,nan,nan,nan,nan,nan,nan,nan,nan,nan,nan,nan,nan,nan,nan,nan,nan,nan,nan,nan,nan,nan,nan,nan,nan,nan,nan,nan,nan,nan,nan,nan,nan,nan,nan,nan,nan,nan,nan,nan,nan,nan,nan,nan,nan,nan,nan,nan,nan,nan,nan,nan,nan,nan
3.356076240539550781e+00,3.358776092529296875e+00,3.364002227783203125e+00,3.369552373886108398e+00,3.369117021560668945e+00,3.358128786087036133e+00,3.340493679046630859e+00,3.324308872222900391e+00,3.308764934539794922e+00,3.301772832870483398e+00,3.300095558166503906e+00,3.308776617050170898e+00,3.345531940460205078e+00,3.412853479385375977e+00,3.507394552230834961e+00,3.604955673217773438e+00,3.713742971420288086e+00,3.841969251632690430e+00,3.978281021118164062e+00,4.078077793121337891e+00,4.166994094848632812e+00,4.209713459014892578e+00,4.207370281219482422e+00,4.173495292663574219e+00,4.126411437988281250e+00,4.071872234344482422e+00,4.009924888610839844e+00,3.934092760086059570e+00,3.850871324539184570e+00,3.763883352279663086e+00,3.684425592422485352e+00,3.614700555801391602e+00,3.563005447387695312e+00,3.543946266174316406e+00,3.546869993209838867e+00,3.578693389892578125e+00,3.599709033966064453e+00,3.601129055023193359e+00,3.604975223541259766e+00,3.623670816421508789e+00,3.573707580566406250e+00,3.515342235565185547e+00,3.494551420211791992e+00,3.469309091567993164e+00,3.434351205825805664e+00,3.415518999099731445e+00,3.392631530761718750e+00,3.377809762954711914e+00,3.374420642852783203e+00,3.374985933303833008e+00,3.377884864807128906e+00,3.354343175888061523e+00,3.317230701446533203e+00,3.261495828628540039e+00,3.211396932601928711e+00,3.178380489349365234e+00,3.157176256179809570e+00,3.134176254272460938e+00,3.070106983184814453e+00,2.979050397872924805e+00,2.885887861251831055e+00,2.804997444152832031e+00,2.744811058044433594e+00,2.720340728759765625e+00,2.725358963012695312e+00,2.751701116561889648e+00,2.788578987121582031e+00,2.827670574188232422e+00,2.866763114929199219e+00,2.907972335815429688e+00,2.951727628707885742e+00,2.998136520385742188e+00,3.049202442169189453e+00,3.100012063980102539e+00,3.155233621597290039e+00,3.213653802871704102e+00,3.274487495422363281e+00,3.336615324020385742e+00,3.395209074020385742e+00,3.449203968048095703e+00,3.498085498809814453e+00,3.539313793182373047e+00,3.570576190948486328e+00,3.596609354019165039e+00,3.617813348770141602e+00,3.632806301116943359e+00,3.639507055282592773e+00,3.640017509460449219e+00,3.634443044662475586e+00,3.610508918762207031e+00,3.648265361785888672e+00,3.750685691833496094e+00,3.788465261459350586e+00,3.764480829238891602e+00,3.774334669113159180e+00,3.757392644882202148e+00,3.574571132659912109e+00,2.916143894195556641e+00,nan,nan,nan,nan,nan,nan,nan,nan,nan,nan,nan,nan,nan,nan,nan,nan,nan,nan,nan,nan,nan,nan,nan,nan,nan,nan,nan,nan,nan,nan,nan,nan,nan,nan,nan,nan,nan,nan,nan,nan,nan,nan,nan,nan,nan,nan,nan,nan,nan,nan,nan,nan,nan,nan,nan,nan,nan,nan,nan,nan,nan,nan
3.360351800918579102e+00,3.363329172134399414e+00,3.367282629013061523e+00,3.370131254196166992e+00,3.366547584533691406e+00,3.357794046401977539e+00,3.347418546676635742e+00,3.343408346176147461e+00,3.343034505844116211e+00,3.351911306381225586e+00,3.371585845947265625e+00,3.405599355697631836e+00,3.475183963775634766e+00,3.566701889038085938e+00,3.669142961502075195e+00,3.765887260437011719e+00,3.861747503280639648e+00,3.963711977005004883e+00,4.042920589447021484e+00,4.088568687438964844e+00,4.114789962768554688e+00,4.102507591247558594e+00,4.059614658355712891e+00,4.008609294891357422e+00,3.947840929031372070e+00,3.885450601577758789e+00,3.819677352905273438e+00,3.743099451065063477e+00,3.665848016738891602e+00,3.599502563476562500e+00,3.546189546585083008e+00,3.506501197814941406e+00,3.488171100616455078e+00,3.503558635711669922e+00,3.534250020980834961e+00,3.572235822677612305e+00,3.582159757614135742e+00,3.568659305572509766e+00,3.565579414367675781e+00,3.549322605133056641e+00,3.491874217987060547e+00,3.462404012680053711e+00,3.458161115646362305e+00,3.434521198272705078e+00,3.413220882415771484e+00,3.392367601394653320e+00,3.363109827041625977e+00,3.347455024719238281e+00,3.339596271514892578e+00,3.329006671905517578e+00,3.307337045669555664e+00,3.263285875320434570e+00,3.216485977172851562e+00,3.161303520202636719e+00,3.113069057464599609e+00,3.093030929565429688e+00,3.087271213531494141e+00,3.062866926193237305e+00,2.981568098068237305e+00,2.876919746398925781e+00,2.782785415649414062e+00,2.716536760330200195e+00,2.682879209518432617e+00,2.689439773559570312e+00,2.723927736282348633e+00,2.771991014480590820e+00,2.823011159896850586e+00,2.868690013885498047e+00,2.911159276962280273e+00,2.953884840011596680e+00,2.997747898101806641e+00,3.045374155044555664e+00,3.098332643508911133e+00,3.154045104980468750e+00,3.213861703872680664e+00,3.276063680648803711e+00,3.341164350509643555e+00,3.405270099639892578e+00,3.461610794067382812e+00,3.514237165451049805e+00,3.559747219085693359e+00,3.592733144760131836e+00,3.617304325103759766e+00,3.635825157165527344e+00,3.649231672286987305e+00,3.655832290649414062e+00,3.653126955032348633e+00,3.647351264953613281e+00,3.638710498809814453e+00,3.625578880310058594e+00,3.658581256866455078e+00,3.636767864227294922e+00,3.675436258316040039e+00,3.728791952133178711e+00,3.730760574340820312e+00,3.675129175186157227e+00,3.495071649551391602e+00,3.207360982894897461e+00,nan,nan,nan,nan,nan,nan,nan,nan,nan,nan,nan,nan,nan,nan,nan,nan,nan,nan,nan,nan,nan,nan,nan,nan,nan,nan,nan,nan,nan,nan,nan,nan,nan,nan,nan,nan,nan,nan,nan,nan,nan,nan,nan,nan,nan,nan,nan,nan,nan,nan,nan,nan,nan,nan,nan,nan,nan,nan,nan,nan,nan,nan
3.365614652633666992e+00,3.370148420333862305e+00,3.375052928924560547e+00,3.377320289611816406e+00,3.375546932220458984e+00,3.372683048248291016e+00,3.376952648162841797e+00,3.384916067123413086e+00,3.398386240005493164e+00,3.422408819198608398e+00,3.458168983459472656e+00,3.516601562500000000e+00,3.600478649139404297e+00,3.690611124038696289e+00,3.768033027648925781e+00,3.836801290512084961e+00,3.898047685623168945e+00,3.941049098968505859e+00,3.963472366333007812e+00,3.966127157211303711e+00,3.950622558593750000e+00,3.908716917037963867e+00,3.854235410690307617e+00,3.801880359649658203e+00,3.742434501647949219e+00,3.686135053634643555e+00,3.627650737762451172e+00,3.565465688705444336e+00,3.514564275741577148e+00,3.485105752944946289e+00,3.459689617156982422e+00,3.447031259536743164e+00,3.464111089706420898e+00,3.494139909744262695e+00,3.524771928787231445e+00,3.548585891723632812e+00,3.539191484451293945e+00,3.517074346542358398e+00,3.519623756408691406e+00,3.495573997497558594e+00,3.451794147491455078e+00,3.433086872100830078e+00,3.422461509704589844e+00,3.397320032119750977e+00,3.366884469985961914e+00,3.328605890274047852e+00,3.290938138961791992e+00,3.271320581436157227e+00,3.254829645156860352e+00,3.237285137176513672e+00,3.201522588729858398e+00,3.170693397521972656e+00,3.133699417114257812e+00,3.081270217895507812e+00,3.047759771347045898e+00,3.047147274017333984e+00,3.050302743911743164e+00,3.004577159881591797e+00,2.883930444717407227e+00,2.770538806915283203e+00,2.694259405136108398e+00,2.656199932098388672e+00,2.657670259475708008e+00,2.698577642440795898e+00,2.759627819061279297e+00,2.823251724243164062e+00,2.879716157913208008e+00,2.923878192901611328e+00,2.963538408279418945e+00,3.003807067871093750e+00,3.047526836395263672e+00,3.097745180130004883e+00,3.154519081115722656e+00,3.215878963470458984e+00,3.280648469924926758e+00,3.347640752792358398e+00,3.415892601013183594e+00,3.479787111282348633e+00,3.534018516540527344e+00,3.583614587783813477e+00,3.620086908340454102e+00,3.644565582275390625e+00,3.662368774414062500e+00,3.672678232192993164e+00,3.675855159759521484e+00,3.673987865447998047e+00,3.663902997970581055e+00,3.651200532913208008e+00,3.636912107467651367e+00,3.622241497039794922e+00,3.606980562210083008e+00,3.573585748672485352e+00,3.582304716110229492e+00,3.675001621246337891e+00,3.647249698638916016e+00,3.534731149673461914e+00,3.465289115905761719e+00,3.650010108947753906e+00,3.229781866073608398e+00,nan,nan,nan,nan,nan,nan,nan,1.799160122871398926e+00,1.678792715072631836e+00,1.605784893035888672e+00,1.302333593368530273e+00,nan,nan,nan,nan,nan,nan,nan,nan,nan,nan,nan,nan,nan,nan,nan,nan,nan,nan,nan,nan,nan,nan,nan,nan,nan,nan,nan,nan,nan,nan,nan,nan,nan,nan,nan,nan,nan,nan,nan,nan,nan,nan,nan,nan,nan,nan,nan,nan,nan,nan
3.369702339172363281e+00,3.376451015472412109e+00,3.381495714187622070e+00,3.384626626968383789e+00,3.386004447937011719e+00,3.391116142272949219e+00,3.404035806655883789e+00,3.421102762222290039e+00,3.443014144897460938e+00,3.476261615753173828e+00,3.522053956985473633e+00,3.583722352981567383e+00,3.658848524093627930e+00,3.722413539886474609e+00,3.765222549438476562e+00,3.795318365097045898e+00,3.816361904144287109e+00,3.816630840301513672e+00,3.805848360061645508e+00,3.792577028274536133e+00,3.766282796859741211e+00,3.720288515090942383e+00,3.671384572982788086e+00,3.626227617263793945e+00,3.578075408935546875e+00,3.537012577056884766e+00,3.491879463195800781e+00,3.456189155578613281e+00,3.443255901336669922e+00,3.444711446762084961e+00,3.438746452331542969e+00,3.450594663619995117e+00,3.477340936660766602e+00,3.500306606292724609e+00,3.509146928787231445e+00,3.516762256622314453e+00,3.497404336929321289e+00,3.484961271286010742e+00,3.500951290130615234e+00,3.481733798980712891e+00,3.430458545684814453e+00,3.410244464874267578e+00,3.380707025527954102e+00,3.340743780136108398e+00,3.296828985214233398e+00,3.251248836517333984e+00,3.212965011596679688e+00,3.191381692886352539e+00,3.174833536148071289e+00,3.160131454467773438e+00,3.137877941131591797e+00,3.127062797546386719e+00,3.090157985687255859e+00,3.042899608612060547e+00,3.033656358718872070e+00,3.042678594589233398e+00,3.028254270553588867e+00,2.926480531692504883e+00,2.783860683441162109e+00,2.687105894088745117e+00,2.649335384368896484e+00,2.649654865264892578e+00,2.685420513153076172e+00,2.753564596176147461e+00,2.831009864807128906e+00,2.899755001068115234e+00,2.951143264770507812e+00,2.985946893692016602e+00,3.018208026885986328e+00,3.055799245834350586e+00,3.102308273315429688e+00,3.158075332641601562e+00,3.221340656280517578e+00,3.289192676544189453e+00,3.359556674957275391e+00,3.430799245834350586e+00,3.499129295349121094e+00,3.559795379638671875e+00,3.612419605255126953e+00,3.653833150863647461e+00,3.676500797271728516e+00,3.694805860519409180e+00,3.704694032669067383e+00,3.704295396804809570e+00,3.697350978851318359e+00,3.686662673950195312e+00,3.668330669403076172e+00,3.649482250213623047e+00,3.628709793090820312e+00,3.609257459640502930e+00,3.591289758682250977e+00,3.569139003753662109e+00,3.548769474029541016e+00,3.585591077804565430e+00,3.534860134124755859e+00,3.455119371414184570e+00,3.575905084609985352e+00,3.670165777206420898e+00,3.605551242828369141e+00,3.189054965972900391e+00,nan,2.112679004669189453e+00,nan,nan,nan,2.253930568695068359e+00,2.605553865432739258e+00,2.500695705413818359e+00,2.428225755691528320e+00,2.143705606460571289e+00,1.384521842002868652e+00,nan,nan,nan,nan,nan,nan,nan,nan,nan,nan,nan,nan,nan,nan,nan,nan,nan,nan,nan,nan,nan,nan,nan,nan,nan,nan,nan,nan,nan,nan,nan,nan,nan,nan,nan,nan,nan,nan,nan,nan,nan,nan,nan,nan,nan,nan,nan,nan,nan
3.373853921890258789e+00,3.380247116088867188e+00,3.384292602539062500e+00,3.387688159942626953e+00,3.392384052276611328e+00,3.401219129562377930e+00,3.414651393890380859e+00,3.432562589645385742e+00,3.453896045684814453e+00,3.483334064483642578e+00,3.524812698364257812e+00,3.578891515731811523e+00,3.630441665649414062e+00,3.663426399230957031e+00,3.680262327194213867e+00,3.682399272918701172e+00,3.672733306884765625e+00,3.662678956985473633e+00,3.650453805923461914e+00,3.635338068008422852e+00,3.608992815017700195e+00,3.569842815399169922e+00,3.534238100051879883e+00,3.505056619644165039e+00,3.478566884994506836e+00,3.455197334289550781e+00,3.432919979095458984e+00,3.423305034637451172e+00,3.433964729309082031e+00,3.448158979415893555e+00,3.454240322113037109e+00,3.471979618072509766e+00,3.490261077880859375e+00,3.497660160064697266e+00,3.495332717895507812e+00,3.488344669342041016e+00,3.471546888351440430e+00,3.481531620025634766e+00,3.486673355102539062e+00,3.446871757507324219e+00,3.396325588226318359e+00,3.370211601257324219e+00,3.329235553741455078e+00,3.282426357269287109e+00,3.239401102066040039e+00,3.197479724884033203e+00,3.161785364151000977e+00,3.140142202377319336e+00,3.129320859909057617e+00,3.119446039199829102e+00,3.112758874893188477e+00,3.097376346588134766e+00,3.055231332778930664e+00,3.025752544403076172e+00,3.026680469512939453e+00,3.024853706359863281e+00,2.971306324005126953e+00,2.840678691864013672e+00,2.715694665908813477e+00,2.663221120834350586e+00,2.670971393585205078e+00,2.699555873870849609e+00,2.754436016082763672e+00,2.837231159210205078e+00,2.919936418533325195e+00,2.982633829116821289e+00,3.020829677581787109e+00,3.043168783187866211e+00,3.068876266479492188e+00,3.107736349105834961e+00,3.162139415740966797e+00,3.227797508239746094e+00,3.300078630447387695e+00,3.374975919723510742e+00,3.450007915496826172e+00,3.522695779800415039e+00,3.588069438934326172e+00,3.644023656845092773e+00,3.689874887466430664e+00,3.717475891113281250e+00,3.730366468429565430e+00,3.740361213684082031e+00,3.739248514175415039e+00,3.727215528488159180e+00,3.710268974304199219e+00,3.690133094787597656e+00,3.664929389953613281e+00,3.639622211456298828e+00,3.616455554962158203e+00,3.595795392990112305e+00,3.576867103576660156e+00,3.558405399322509766e+00,3.541795730590820312e+00,3.522393226623535156e+00,3.485534429550170898e+00,3.522086381912231445e+00,3.662088394165039062e+00,3.677839994430541992e+00,3.696179866790771484e+00,3.624828100204467773e+00,3.390484094619750977e+00,3.106142520904541016e+00,3.116197109222412109e+00,2.850581169128417969e+00,2.909995555877685547e+00,3.011610031127929688e+00,2.793922901153564453e+00,2.742797136306762695e+00,2.765881299972534180e+00,2.679261922836303711e+00,1.946382880210876465e+00,nan,nan,nan,nan,nan,nan,nan,nan,nan,nan,nan,nan,nan,nan,nan,nan,nan,nan,nan,nan,nan,nan,nan,nan,nan,nan,nan,nan,nan,nan,nan,nan,nan,nan,nan,nan,nan,nan,nan,nan,nan,nan,nan,nan,nan,nan,nan,nan,nan
3.376747608184814453e+00,3.381807088851928711e+00,3.386318683624267578e+00,3.390679121017456055e+00,3.396855592727661133e+00,3.403864383697509766e+00,3.413501977920532227e+00,3.424230575561523438e+00,3.439194917678833008e+00,3.463967561721801758e+00,3.503416299819946289e+00,3.548717737197875977e+00,3.579923152923583984e+00,3.594108104705810547e+00,3.592107534408569336e+00,3.576155900955200195e+00,3.561071157455444336e+00,3.556090354919433594e+00,3.547390222549438477e+00,3.534191608428955078e+00,3.504272460937500000e+00,3.478942632675170898e+00,3.460557699203491211e+00,3.448406219482421875e+00,3.441992521286010742e+00,3.433214902877807617e+00,3.433396100997924805e+00,3.438126564025878906e+00,3.460560083389282227e+00,3.471891641616821289e+00,3.469691038131713867e+00,3.479401350021362305e+00,3.482805490493774414e+00,3.476242303848266602e+00,3.473635911941528320e+00,3.465776205062866211e+00,3.463841915130615234e+00,3.470626115798950195e+00,3.441783666610717773e+00,3.384635686874389648e+00,3.333059549331665039e+00,3.306796789169311523e+00,3.271336317062377930e+00,3.239591836929321289e+00,3.206201314926147461e+00,3.165608882904052734e+00,3.133479833602905273e+00,3.110431671142578125e+00,3.104174137115478516e+00,3.091959476470947266e+00,3.083870172500610352e+00,3.055902004241943359e+00,3.025253295898437500e+00,3.008876800537109375e+00,3.007939100265502930e+00,2.984326839447021484e+00,2.909805059432983398e+00,2.786430358886718750e+00,2.705499887466430664e+00,2.721172571182250977e+00,2.749907970428466797e+00,2.782534599304199219e+00,2.839365243911743164e+00,2.930513381958007812e+00,3.009772062301635742e+00,3.059870481491088867e+00,3.082092761993408203e+00,3.093378067016601562e+00,3.117450952529907227e+00,3.165330886840820312e+00,3.234668731689453125e+00,3.314499139785766602e+00,3.396123170852661133e+00,3.476094722747802734e+00,3.552215099334716797e+00,3.622292280197143555e+00,3.682578802108764648e+00,3.729927301406860352e+00,3.762933254241943359e+00,3.777190446853637695e+00,3.782133579254150391e+00,3.777880907058715820e+00,3.760958909988403320e+00,3.737768888473510742e+00,3.711320161819458008e+00,3.684248447418212891e+00,3.654464960098266602e+00,3.626761674880981445e+00,3.603008270263671875e+00,3.581188917160034180e+00,3.563651084899902344e+00,3.548210382461547852e+00,3.531934022903442383e+00,3.511595010757446289e+00,3.495504379272460938e+00,3.537315368652343750e+00,3.539459705352783203e+00,3.506213426589965820e+00,3.522552013397216797e+00,3.580012559890747070e+00,3.526147127151489258e+00,3.241686344146728516e+00,3.414973258972167969e+00,3.361402750015258789e+00,3.230907201766967773e+00,3.149313449859619141e+00,2.987940549850463867e+00,2.982791900634765625e+00,3.028830766677856445e+00,2.975426435470581055e+00,2.444594621658325195e+00,1.617819428443908691e+00,nan,nan,nan,nan,nan,nan,nan,nan,nan,nan,nan,nan,nan,nan,nan,nan,nan,nan,nan,nan,nan,nan,nan,nan,nan,nan,nan,nan,nan,nan,nan,nan,nan,nan,nan,nan,nan,nan,nan,nan,nan,nan,nan,nan,nan,nan,nan,nan
3.377796649932861328e+00,3.381956815719604492e+00,3.386036396026611328e+00,3.389716148376464844e+00,3.393268823623657227e+00,3.396116256713867188e+00,3.400891780853271484e+00,3.408688545227050781e+00,3.423581600189208984e+00,3.449103355407714844e+00,3.486123323440551758e+00,3.516859531402587891e+00,3.530485630035400391e+00,3.528610944747924805e+00,3.514752388000488281e+00,3.497529506683349609e+00,3.492787122726440430e+00,3.494017601013183594e+00,3.487948656082153320e+00,3.473179817199707031e+00,3.452363729476928711e+00,3.443192958831787109e+00,3.439588785171508789e+00,3.436550378799438477e+00,3.435464382171630859e+00,3.440555095672607422e+00,3.448902130126953125e+00,3.464155435562133789e+00,3.481006383895874023e+00,3.474519968032836914e+00,3.463362455368041992e+00,3.466403961181640625e+00,3.459499597549438477e+00,3.444019556045532227e+00,3.443933010101318359e+00,3.446072578430175781e+00,3.444231033325195312e+00,3.423699378967285156e+00,3.376174688339233398e+00,3.317888975143432617e+00,3.276898860931396484e+00,3.258636474609375000e+00,3.239473342895507812e+00,3.212490320205688477e+00,3.181152105331420898e+00,3.143537521362304688e+00,3.111924171447753906e+00,3.093034982681274414e+00,3.086603641510009766e+00,3.075767278671264648e+00,3.060673236846923828e+00,3.036169052124023438e+00,3.018027544021606445e+00,2.999579191207885742e+00,2.991731643676757812e+00,2.954709053039550781e+00,2.867261886596679688e+00,2.770905017852783203e+00,2.760133743286132812e+00,2.811711549758911133e+00,2.836723566055297852e+00,2.866796970367431641e+00,2.927163124084472656e+00,3.022954463958740234e+00,3.095300674438476562e+00,3.127319335937500000e+00,3.132107019424438477e+00,3.137400388717651367e+00,3.170003175735473633e+00,3.241089344024658203e+00,3.331516027450561523e+00,3.424018859863281250e+00,3.510885715484619141e+00,3.590196371078491211e+00,3.662114143371582031e+00,3.724311351776123047e+00,3.773977279663085938e+00,3.808222532272338867e+00,3.825306892395019531e+00,3.827184915542602539e+00,3.817106723785400391e+00,3.794279575347900391e+00,3.764907598495483398e+00,3.733351945877075195e+00,3.700423717498779297e+00,3.667885780334472656e+00,3.636161565780639648e+00,3.608644247055053711e+00,3.585259199142456055e+00,3.564834356307983398e+00,3.547764539718627930e+00,3.534209489822387695e+00,3.517334461212158203e+00,3.499000072479248047e+00,3.487226486206054688e+00,3.470612287521362305e+00,3.437564611434936523e+00,3.421947240829467773e+00,3.416767597198486328e+00,3.405195713043212891e+00,3.388879060745239258e+00,3.381430387496948242e+00,3.413927078247070312e+00,3.389115095138549805e+00,3.324506998062133789e+00,3.262978792190551758e+00,3.201491117477416992e+00,3.199601173400878906e+00,3.223024129867553711e+00,3.192373752593994141e+00,2.773273706436157227e+00,1.916062831878662109e+00,nan,nan,nan,nan,nan,nan,nan,nan,nan,nan,nan,nan,nan,nan,nan,nan,nan,nan,nan,nan,nan,nan,nan,nan,nan,nan,nan,nan,nan,nan,nan,nan,nan,nan,nan,nan,nan,nan,nan,nan,nan,nan,nan,nan,nan,nan,nan,nan
3.373978614807128906e+00,3.377982378005981445e+00,3.380482196807861328e+00,3.381862878799438477e+00,3.382092714309692383e+00,3.382888555526733398e+00,3.387400627136230469e+00,3.395503520965576172e+00,3.410329818725585938e+00,3.430921554565429688e+00,3.456179857254028320e+00,3.470662117004394531e+00,3.472434997558593750e+00,3.461813449859619141e+00,3.452303409576416016e+00,3.450975418090820312e+00,3.458140373229980469e+00,3.464501619338989258e+00,3.459588527679443359e+00,3.449187278747558594e+00,3.442962646484375000e+00,3.441749572753906250e+00,3.441949129104614258e+00,3.440631866455078125e+00,3.441539287567138672e+00,3.453587770462036133e+00,3.463006734848022461e+00,3.472939014434814453e+00,3.469648838043212891e+00,3.447680711746215820e+00,3.438374280929565430e+00,3.435136795043945312e+00,3.421984434127807617e+00,3.413185834884643555e+00,3.414192914962768555e+00,3.407364368438720703e+00,3.392709255218505859e+00,3.359431743621826172e+00,3.307785511016845703e+00,3.262062788009643555e+00,3.233278989791870117e+00,3.224391222000122070e+00,3.208886146545410156e+00,3.182003021240234375e+00,3.149004697799682617e+00,3.115759134292602539e+00,3.090356588363647461e+00,3.089880704879760742e+00,3.090061902999877930e+00,3.081992626190185547e+00,3.064011573791503906e+00,3.033167839050292969e+00,3.006216764450073242e+00,2.979496240615844727e+00,2.968051195144653320e+00,2.924292564392089844e+00,2.849174499511718750e+00,2.810318946838378906e+00,2.844975233078002930e+00,2.887081861495971680e+00,2.915709018707275391e+00,2.967663764953613281e+00,3.040651082992553711e+00,3.117545127868652344e+00,3.173295974731445312e+00,3.182509422302246094e+00,3.175291776657104492e+00,3.185839891433715820e+00,3.249377489089965820e+00,3.353956460952758789e+00,3.461986064910888672e+00,3.557984590530395508e+00,3.639749288558959961e+00,3.710473060607910156e+00,3.771978855133056641e+00,3.821461915969848633e+00,3.856115102767944336e+00,3.872990846633911133e+00,3.872386455535888672e+00,3.857004165649414062e+00,3.830492734909057617e+00,3.795134544372558594e+00,3.756068229675292969e+00,3.716192007064819336e+00,3.678372859954833984e+00,3.644360065460205078e+00,3.614290237426757812e+00,3.588156223297119141e+00,3.567031383514404297e+00,3.548740148544311523e+00,3.532671451568603516e+00,3.518239259719848633e+00,3.505129814147949219e+00,3.488951444625854492e+00,3.476939439773559570e+00,3.462503910064697266e+00,3.449307680130004883e+00,3.447546005249023438e+00,3.457764148712158203e+00,3.462043285369873047e+00,3.473684310913085938e+00,3.480909109115600586e+00,3.488708496093750000e+00,3.474219322204589844e+00,3.469156026840209961e+00,3.447888135910034180e+00,3.387953758239746094e+00,3.364247322082519531e+00,3.360786914825439453e+00,3.327838897705078125e+00,3.009994983673095703e+00,2.169144868850708008e+00,1.374521613121032715e+00,nan,nan,nan,nan,nan,nan,nan,nan,nan,nan,nan,nan,nan,nan,nan,nan,nan,nan,nan,nan,nan,nan,nan,nan,nan,nan,nan,nan,nan,nan,nan,nan,nan,nan,nan,nan,nan,nan,nan,nan,nan,nan,nan,nan,nan,nan,nan
3.370228528976440430e+00,3.373698949813842773e+00,3.375267505645751953e+00,3.376078844070434570e+00,3.376478195190429688e+00,3.378537654876708984e+00,3.384143590927124023e+00,3.392793893814086914e+00,3.406661272048950195e+00,3.425613403320312500e+00,3.442245006561279297e+00,3.450433015823364258e+00,3.444256544113159180e+00,3.431839942932128906e+00,3.429772853851318359e+00,3.446721315383911133e+00,3.456678867340087891e+00,3.457593202590942383e+00,3.448703050613403320e+00,3.441931724548339844e+00,3.441841363906860352e+00,3.441327333450317383e+00,3.439850091934204102e+00,3.439231634140014648e+00,3.444010496139526367e+00,3.453848361968994141e+00,3.461116075515747070e+00,3.455013990402221680e+00,3.428736686706542969e+00,3.408049821853637695e+00,3.399602890014648438e+00,3.392036199569702148e+00,3.380794763565063477e+00,3.375359296798706055e+00,3.372351169586181641e+00,3.359659910202026367e+00,3.334959983825683594e+00,3.295728206634521484e+00,3.247579813003540039e+00,3.218443632125854492e+00,3.205628156661987305e+00,3.200931549072265625e+00,3.185108184814453125e+00,3.155259609222412109e+00,3.121963262557983398e+00,3.093150377273559570e+00,3.083745241165161133e+00,3.098666667938232422e+00,3.104362964630126953e+00,3.092386484146118164e+00,3.065812349319458008e+00,3.031388521194458008e+00,2.999614953994750977e+00,2.974514961242675781e+00,2.959488630294799805e+00,2.910247564315795898e+00,2.866788387298583984e+00,2.895905256271362305e+00,2.941253423690795898e+00,2.976027965545654297e+00,3.023161649703979492e+00,3.076948642730712891e+00,3.141610145568847656e+00,3.200518846511840820e+00,3.227724313735961914e+00,3.226617097854614258e+00,3.231067657470703125e+00,3.274365901947021484e+00,3.384181261062622070e+00,3.512501239776611328e+00,3.619157791137695312e+00,3.702546358108520508e+00,3.767529487609863281e+00,3.823059558868408203e+00,3.870108604431152344e+00,3.903580665588378906e+00,3.919758081436157227e+00,3.917125701904296875e+00,3.897471904754638672e+00,3.864049196243286133e+00,3.822092771530151367e+00,3.775677919387817383e+00,3.729008674621582031e+00,3.684041738510131836e+00,3.645563125610351562e+00,3.613308906555175781e+00,3.586982965469360352e+00,3.564799785614013672e+00,3.545927286148071289e+00,3.529664993286132812e+00,3.515176057815551758e+00,3.501069068908691406e+00,3.490312576293945312e+00,3.480404376983642578e+00,3.468655347824096680e+00,3.457579851150512695e+00,3.450863361358642578e+00,3.449070215225219727e+00,3.450684547424316406e+00,3.448844432830810547e+00,3.451672792434692383e+00,3.453749179840087891e+00,3.457975149154663086e+00,3.463997840881347656e+00,3.499579429626464844e+00,3.472213745117187500e+00,3.405354738235473633e+00,3.367470741271972656e+00,3.363763332366943359e+00,3.341425657272338867e+00,3.109370946884155273e+00,2.488001585006713867e+00,1.665935516357421875e+00,9.365747570991516113e-01,nan,nan,nan,nan,nan,nan,nan,nan,nan,nan,nan,nan,nan,nan,nan,nan,nan,nan,nan,nan,nan,nan,nan,nan,nan,nan,nan,nan,nan,nan,nan,nan,nan,nan,nan,nan,nan,nan,nan,nan,nan,nan,nan,nan,nan,nan
3.366299152374267578e+00,3.369593858718872070e+00,3.371490001678466797e+00,3.372700929641723633e+00,3.373447179794311523e+00,3.376667022705078125e+00,3.381932258605957031e+00,3.390157938003540039e+00,3.402950286865234375e+00,3.419274806976318359e+00,3.432366371154785156e+00,3.437415361404418945e+00,3.427180767059326172e+00,3.418101787567138672e+00,3.424020051956176758e+00,3.440081834793090820e+00,3.444926977157592773e+00,3.439232110977172852e+00,3.427478313446044922e+00,3.427445888519287109e+00,3.432748317718505859e+00,3.435661077499389648e+00,3.431843042373657227e+00,3.430941104888916016e+00,3.431586265563964844e+00,3.431564092636108398e+00,3.421528339385986328e+00,3.399875640869140625e+00,3.372115612030029297e+00,3.354277849197387695e+00,3.348290205001831055e+00,3.342664480209350586e+00,3.333258390426635742e+00,3.326730728149414062e+00,3.322560548782348633e+00,3.306797266006469727e+00,3.277734041213989258e+00,3.236151456832885742e+00,3.198198318481445312e+00,3.185046195983886719e+00,3.184069156646728516e+00,3.179141759872436523e+00,3.155200004577636719e+00,3.123262882232666016e+00,3.094136953353881836e+00,3.075164318084716797e+00,3.083246231079101562e+00,3.103870868682861328e+00,3.106097698211669922e+00,3.089147329330444336e+00,3.059236526489257812e+00,3.028388738632202148e+00,3.002993583679199219e+00,2.985344648361206055e+00,2.976183176040649414e+00,2.944985628128051758e+00,2.955357074737548828e+00,3.003661870956420898e+00,3.043565034866333008e+00,3.071077108383178711e+00,3.109660387039184570e+00,3.142781019210815430e+00,3.199463605880737305e+00,3.261555910110473633e+00,3.290205478668212891e+00,3.308822393417358398e+00,3.361640691757202148e+00,3.444350242614746094e+00,3.580703258514404297e+00,3.685538291931152344e+00,3.772982120513916016e+00,3.833254575729370117e+00,3.877076387405395508e+00,3.917169332504272461e+00,3.949261188507080078e+00,3.965024948120117188e+00,3.960735797882080078e+00,3.937239408493041992e+00,3.897318840026855469e+00,3.846065282821655273e+00,3.791564226150512695e+00,3.737778186798095703e+00,3.688807010650634766e+00,3.644687891006469727e+00,3.609786272048950195e+00,3.581418514251708984e+00,3.560266733169555664e+00,3.543308973312377930e+00,3.529130935668945312e+00,3.516665458679199219e+00,3.504554748535156250e+00,3.493784666061401367e+00,3.483845233917236328e+00,3.475786447525024414e+00,3.464306116104125977e+00,3.455104827880859375e+00,3.448405504226684570e+00,3.442265510559082031e+00,3.439384698867797852e+00,3.434256553649902344e+00,3.429010152816772461e+00,3.432183980941772461e+00,3.438006162643432617e+00,3.455485582351684570e+00,3.474551439285278320e+00,3.447507619857788086e+00,3.375273704528808594e+00,3.346182823181152344e+00,3.354273796081542969e+00,3.350797176361083984e+00,3.183799505233764648e+00,2.701044559478759766e+00,1.961283326148986816e+00,1.228626132011413574e+00,nan,nan,nan,nan,nan,nan,nan,nan,nan,nan,nan,nan,nan,nan,nan,nan,nan,nan,nan,nan,nan,nan,nan,nan,nan,nan,nan,nan,nan,nan,nan,nan,nan,nan,nan,nan,nan,nan,nan,nan,nan,nan,nan,nan,nan,nan
3.362543821334838867e+00,3.365928411483764648e+00,3.368014335632324219e+00,3.368799686431884766e+00,3.369425535202026367e+00,3.372860431671142578e+00,3.377181768417358398e+00,3.382845163345336914e+00,3.393868207931518555e+00,3.407219886779785156e+00,3.416025400161743164e+00,3.415190935134887695e+00,3.402399301528930664e+00,3.395500183105468750e+00,3.403904199600219727e+00,3.413575172424316406e+00,3.413979053497314453e+00,3.407332658767700195e+00,3.399861812591552734e+00,3.410088777542114258e+00,3.420082569122314453e+00,3.419581890106201172e+00,3.410848140716552734e+00,3.406998634338378906e+00,3.396215438842773438e+00,3.380628585815429688e+00,3.357157945632934570e+00,3.332883834838867188e+00,3.315446615219116211e+00,3.303977012634277344e+00,3.301403284072875977e+00,3.299839973449707031e+00,3.290605306625366211e+00,3.284357786178588867e+00,3.280820846557617188e+00,3.262061834335327148e+00,3.230370521545410156e+00,3.193349123001098633e+00,3.169660568237304688e+00,3.171424150466918945e+00,3.172322988510131836e+00,3.161324977874755859e+00,3.130513668060302734e+00,3.099824190139770508e+00,3.080510854721069336e+00,3.076445817947387695e+00,3.096363067626953125e+00,3.112621545791625977e+00,3.110947847366333008e+00,3.094745397567749023e+00,3.067969322204589844e+00,3.045337200164794922e+00,3.029160022735595703e+00,3.026067256927490234e+00,3.030412912368774414e+00,3.038690328598022461e+00,3.068120002746582031e+00,3.103126287460327148e+00,3.128176689147949219e+00,3.146316051483154297e+00,3.172318220138549805e+00,3.209764003753662109e+00,3.276474237442016602e+00,3.362248182296752930e+00,3.409203529357910156e+00,3.459164619445800781e+00,3.534029245376586914e+00,3.651488065719604492e+00,3.763508319854736328e+00,3.845051765441894531e+00,3.908756256103515625e+00,3.941455364227294922e+00,3.962594270706176758e+00,3.989521265029907227e+00,4.005567550659179688e+00,4.001181125640869141e+00,3.974454164505004883e+00,3.928979158401489258e+00,3.869427442550659180e+00,3.804754734039306641e+00,3.742965698242187500e+00,3.688126802444458008e+00,3.641585826873779297e+00,3.603437900543212891e+00,3.574755907058715820e+00,3.553355455398559570e+00,3.539343833923339844e+00,3.528421640396118164e+00,3.518748521804809570e+00,3.508935213088989258e+00,3.498773097991943359e+00,3.490175962448120117e+00,3.480280160903930664e+00,3.469867229461669922e+00,3.460279941558837891e+00,3.451347827911376953e+00,3.442099571228027344e+00,3.433658361434936523e+00,3.427689075469970703e+00,3.418654680252075195e+00,3.415107727050781250e+00,3.416798353195190430e+00,3.422310829162597656e+00,3.433068275451660156e+00,3.426439046859741211e+00,3.401622772216796875e+00,3.357008934020996094e+00,3.348253726959228516e+00,3.367635250091552734e+00,3.377292871475219727e+00,3.267769575119018555e+00,2.890690565109252930e+00,2.271264791488647461e+00,1.502801895141601562e+00,8.501186370849609375e-01,nan,nan,nan,nan,nan,nan,nan,nan,nan,nan,nan,nan,nan,nan,nan,nan,nan,nan,nan,nan,nan,nan,nan,nan,nan,nan,nan,nan,nan,nan,nan,nan,nan,nan,nan,nan,nan,nan,nan,nan,nan,nan,nan,nan,nan
3.361083507537841797e+00,3.363791704177856445e+00,3.364889860153198242e+00,3.364916324615478516e+00,3.364877462387084961e+00,3.366703510284423828e+00,3.368703603744506836e+00,3.372569084167480469e+00,3.381711006164550781e+00,3.391195297241210938e+00,3.394253253936767578e+00,3.387144804000854492e+00,3.371782779693603516e+00,3.368515968322753906e+00,3.377701282501220703e+00,3.385563373565673828e+00,3.384926557540893555e+00,3.384414911270141602e+00,3.387672662734985352e+00,3.402848005294799805e+00,3.401313066482543945e+00,3.388283729553222656e+00,3.371364831924438477e+00,3.356403589248657227e+00,3.334768295288085938e+00,3.312194824218750000e+00,3.288582563400268555e+00,3.272115230560302734e+00,3.264899730682373047e+00,3.261581420898437500e+00,3.264271259307861328e+00,3.264302492141723633e+00,3.253778457641601562e+00,3.248548984527587891e+00,3.241096735000610352e+00,3.221655607223510742e+00,3.192367792129516602e+00,3.165421247482299805e+00,3.158465623855590820e+00,3.161278724670410156e+00,3.157167911529541016e+00,3.136707544326782227e+00,3.105530738830566406e+00,3.083134889602661133e+00,3.077713966369628906e+00,3.086261272430419922e+00,3.110238790512084961e+00,3.122543096542358398e+00,3.118300199508666992e+00,3.104737520217895508e+00,3.091620445251464844e+00,3.083508253097534180e+00,3.086342096328735352e+00,3.096713542938232422e+00,3.114997625350952148e+00,3.138432502746582031e+00,3.159691810607910156e+00,3.181525707244873047e+00,3.195471048355102539e+00,3.214629173278808594e+00,3.256247997283935547e+00,3.316932201385498047e+00,3.418461561203002930e+00,3.528648614883422852e+00,3.581824779510498047e+00,3.638128042221069336e+00,3.724782466888427734e+00,3.855260848999023438e+00,3.941509485244750977e+00,3.998594045639038086e+00,4.027062416076660156e+00,4.022022247314453125e+00,4.026175498962402344e+00,4.040725708007812500e+00,4.036298274993896484e+00,4.008955001831054688e+00,3.959120512008666992e+00,3.892864465713500977e+00,3.818443536758422852e+00,3.746526956558227539e+00,3.684610843658447266e+00,3.634641647338867188e+00,3.594964981079101562e+00,3.566585540771484375e+00,3.547566413879394531e+00,3.535005092620849609e+00,3.527945041656494141e+00,3.521580457687377930e+00,3.513939142227172852e+00,3.504836082458496094e+00,3.495392560958862305e+00,3.486349344253540039e+00,3.475964546203613281e+00,3.463972330093383789e+00,3.454508066177368164e+00,3.443626642227172852e+00,3.432867765426635742e+00,3.424036502838134766e+00,3.415730237960815430e+00,3.408752918243408203e+00,3.408810853958129883e+00,3.405006170272827148e+00,3.407439470291137695e+00,3.404169797897338867e+00,3.394939661026000977e+00,3.379195451736450195e+00,3.358798265457153320e+00,3.362755060195922852e+00,3.391532421112060547e+00,3.418770551681518555e+00,3.347037315368652344e+00,3.053007125854492188e+00,2.517782688140869141e+00,1.817628622055053711e+00,1.109283208847045898e+00,nan,nan,nan,nan,nan,nan,nan,nan,nan,nan,nan,nan,nan,nan,nan,nan,nan,nan,nan,nan,nan,nan,nan,nan,nan,nan,nan,nan,nan,nan,nan,nan,nan,nan,nan,nan,nan,nan,nan,nan,nan,nan,nan,nan,nan
3.359001159667968750e+00,3.360560655593872070e+00,3.360629081726074219e+00,3.359725713729858398e+00,3.358642578125000000e+00,3.357927560806274414e+00,3.357658863067626953e+00,3.360286951065063477e+00,3.366368293762207031e+00,3.369766473770141602e+00,3.366702079772949219e+00,3.355326890945434570e+00,3.342571496963500977e+00,3.350694656372070312e+00,3.363956212997436523e+00,3.363883972167968750e+00,3.365888118743896484e+00,3.369754552841186523e+00,3.383629083633422852e+00,3.386691093444824219e+00,3.363014936447143555e+00,3.341908454895019531e+00,3.318784475326538086e+00,3.290802240371704102e+00,3.269521951675415039e+00,3.252612113952636719e+00,3.236875534057617188e+00,3.231860399246215820e+00,3.234666347503662109e+00,3.238570451736450195e+00,3.242711544036865234e+00,3.237981319427490234e+00,3.226599931716918945e+00,3.223694562911987305e+00,3.211566448211669922e+00,3.192309856414794922e+00,3.172160387039184570e+00,3.160291910171508789e+00,3.166109800338745117e+00,3.156129837036132812e+00,3.146847248077392578e+00,3.120609760284423828e+00,3.098978042602539062e+00,3.092708587646484375e+00,3.100630521774291992e+00,3.117107868194580078e+00,3.140363931655883789e+00,3.148370027542114258e+00,3.145588159561157227e+00,3.138182163238525391e+00,3.138698339462280273e+00,3.146162748336791992e+00,3.172941923141479492e+00,3.189156293869018555e+00,3.213909149169921875e+00,3.230816602706909180e+00,3.244933843612670898e+00,3.260295867919921875e+00,3.279873609542846680e+00,3.317429304122924805e+00,3.397183895111083984e+00,3.490323066711425781e+00,3.632281303405761719e+00,3.735404014587402344e+00,3.769181013107299805e+00,3.831655263900756836e+00,3.922006845474243164e+00,4.039353847503662109e+00,4.101073741912841797e+00,4.124945163726806641e+00,4.102164268493652344e+00,4.074190139770507812e+00,4.069053173065185547e+00,4.066223144531250000e+00,4.038196563720703125e+00,3.987086057662963867e+00,3.915608406066894531e+00,3.832792758941650391e+00,3.749381065368652344e+00,3.678208827972412109e+00,3.623800277709960938e+00,3.583714008331298828e+00,3.556128978729248047e+00,3.540975332260131836e+00,3.532293796539306641e+00,3.527017593383789062e+00,3.524016618728637695e+00,3.518883705139160156e+00,3.510965585708618164e+00,3.501602649688720703e+00,3.491564512252807617e+00,3.479813337326049805e+00,3.468414068222045898e+00,3.456132411956787109e+00,3.444687366485595703e+00,3.432417631149291992e+00,3.420980930328369141e+00,3.411754846572875977e+00,3.403551340103149414e+00,3.400736093521118164e+00,3.399080514907836914e+00,3.386923789978027344e+00,3.382279157638549805e+00,3.377189397811889648e+00,3.374717235565185547e+00,3.369578838348388672e+00,3.363217830657958984e+00,3.383870124816894531e+00,3.424622535705566406e+00,3.460460186004638672e+00,3.415912389755249023e+00,3.182128906250000000e+00,2.711302280426025391e+00,2.054722785949707031e+00,1.294092535972595215e+00,nan,nan,nan,nan,nan,nan,nan,nan,nan,nan,nan,nan,nan,nan,nan,nan,nan,nan,nan,nan,nan,nan,nan,nan,nan,nan,nan,nan,nan,nan,nan,nan,nan,nan,nan,nan,nan,nan,nan,nan,nan,nan,nan,nan,nan
3.356084346771240234e+00,3.356571435928344727e+00,3.355626106262207031e+00,3.353252887725830078e+00,3.350730895996093750e+00,3.348079919815063477e+00,3.344968080520629883e+00,3.345417737960815430e+00,3.346170663833618164e+00,3.343625545501708984e+00,3.337809085845947266e+00,3.328114271163940430e+00,3.328028440475463867e+00,3.345607519149780273e+00,3.353429794311523438e+00,3.351311922073364258e+00,3.357395410537719727e+00,3.358407258987426758e+00,3.360378742218017578e+00,3.342396974563598633e+00,3.309690713882446289e+00,3.284384965896606445e+00,3.259279251098632812e+00,3.234732866287231445e+00,3.223335027694702148e+00,3.216734409332275391e+00,3.211838006973266602e+00,3.217629909515380859e+00,3.226881265640258789e+00,3.229416847229003906e+00,3.228238344192504883e+00,3.219790935516357422e+00,3.207272291183471680e+00,3.207207918167114258e+00,3.197133779525756836e+00,3.179324865341186523e+00,3.168801546096801758e+00,3.171376228332519531e+00,3.177873373031616211e+00,3.166275024414062500e+00,3.149288892745971680e+00,3.132501602172851562e+00,3.129657983779907227e+00,3.137718439102172852e+00,3.153744459152221680e+00,3.172941207885742188e+00,3.193239927291870117e+00,3.201392650604248047e+00,3.202640771865844727e+00,3.203138351440429688e+00,3.214851379394531250e+00,3.236084461212158203e+00,3.266104221343994141e+00,3.286870002746582031e+00,3.307715892791748047e+00,3.321209192276000977e+00,3.341224670410156250e+00,3.368960618972778320e+00,3.420157194137573242e+00,3.490946769714355469e+00,3.605015277862548828e+00,3.734325885772705078e+00,3.876744031906127930e+00,3.941212415695190430e+00,3.954827070236206055e+00,4.015162467956542969e+00,4.102938652038574219e+00,4.188499927520751953e+00,4.215810775756835938e+00,4.206949234008789062e+00,4.157460689544677734e+00,4.124517440795898438e+00,4.102864265441894531e+00,4.073835372924804688e+00,4.019513130187988281e+00,3.945739984512329102e+00,3.855671405792236328e+00,3.762083530426025391e+00,3.679041385650634766e+00,3.618403434753417969e+00,3.577992200851440430e+00,3.553213357925415039e+00,3.541001796722412109e+00,3.537855386734008789e+00,3.536702871322631836e+00,3.534262657165527344e+00,3.530899524688720703e+00,3.523150682449340820e+00,3.512749433517456055e+00,3.501153469085693359e+00,3.488572120666503906e+00,3.473952054977416992e+00,3.460438489913940430e+00,3.447181701660156250e+00,3.433983802795410156e+00,3.421014308929443359e+00,3.409274339675903320e+00,3.398767948150634766e+00,3.391198635101318359e+00,3.389028310775756836e+00,3.380783081054687500e+00,3.367048740386962891e+00,3.361044406890869141e+00,3.360299587249755859e+00,3.365428686141967773e+00,3.371308565139770508e+00,3.380371570587158203e+00,3.412966728210449219e+00,3.453537702560424805e+00,3.492608070373535156e+00,3.471376657485961914e+00,3.284044265747070312e+00,2.871628284454345703e+00,2.237115859985351562e+00,1.449973106384277344e+00,7.571251988410949707e-01,nan,nan,nan,nan,nan,nan,nan,nan,nan,nan,nan,nan,nan,nan,nan,nan,nan,nan,nan,nan,nan,nan,nan,nan,nan,nan,nan,nan,nan,nan,nan,nan,nan,nan,nan,nan,nan,nan,nan,nan,nan,nan,nan,nan
3.354224920272827148e+00,3.354863882064819336e+00,3.353096723556518555e+00,3.349520921707153320e+00,3.345179796218872070e+00,3.340626955032348633e+00,3.335828542709350586e+00,3.333664655685424805e+00,3.330334186553955078e+00,3.326757907867431641e+00,3.323598146438598633e+00,3.321179866790771484e+00,3.333998441696166992e+00,3.345310211181640625e+00,3.343524456024169922e+00,3.349474191665649414e+00,3.346318006515502930e+00,3.332151651382446289e+00,3.311839103698730469e+00,3.284277915954589844e+00,3.259050607681274414e+00,3.233553171157836914e+00,3.216755151748657227e+00,3.209053277969360352e+00,3.209069728851318359e+00,3.209814548492431641e+00,3.215627431869506836e+00,3.226995468139648438e+00,3.232763767242431641e+00,3.227148056030273438e+00,3.221876144409179688e+00,3.212900161743164062e+00,3.204219341278076172e+00,3.206382751464843750e+00,3.200077772140502930e+00,3.189940929412841797e+00,3.188612222671508789e+00,3.194557189941406250e+00,3.196518659591674805e+00,3.191380977630615234e+00,3.181523799896240234e+00,3.180639743804931641e+00,3.192702054977416992e+00,3.206432104110717773e+00,3.223031759262084961e+00,3.241291999816894531e+00,3.258936882019042969e+00,3.272773027420043945e+00,3.277782440185546875e+00,3.288770914077758789e+00,3.308314085006713867e+00,3.333359479904174805e+00,3.357202768325805664e+00,3.374957799911499023e+00,3.399795532226562500e+00,3.425324916839599609e+00,3.465444087982177734e+00,3.526860952377319336e+00,3.618457317352294922e+00,3.724953174591064453e+00,3.855850219726562500e+00,3.978649377822875977e+00,4.087187290191650391e+00,4.110693931579589844e+00,4.106976985931396484e+00,4.158906459808349609e+00,4.231639862060546875e+00,4.268840312957763672e+00,4.267282485961914062e+00,4.230700492858886719e+00,4.178910255432128906e+00,4.134573459625244141e+00,4.089425563812255859e+00,4.013571262359619141e+00,3.941914081573486328e+00,3.856082916259765625e+00,3.757275104522705078e+00,3.665978193283081055e+00,3.598556280136108398e+00,3.559030532836914062e+00,3.538660049438476562e+00,3.533752202987670898e+00,3.535972833633422852e+00,3.541845083236694336e+00,3.544087886810302734e+00,3.541682243347167969e+00,3.532185554504394531e+00,3.520896196365356445e+00,3.508380651473999023e+00,3.493820428848266602e+00,3.478603601455688477e+00,3.462817668914794922e+00,3.448119163513183594e+00,3.433388233184814453e+00,3.420130968093872070e+00,3.406878471374511719e+00,3.395622491836547852e+00,3.384186029434204102e+00,3.377343416213989258e+00,3.373628616333007812e+00,3.363705873489379883e+00,3.353294849395751953e+00,3.350798606872558594e+00,3.355517387390136719e+00,3.366415023803710938e+00,3.382719516754150391e+00,3.400164604187011719e+00,3.430187702178955078e+00,3.465600013732910156e+00,3.506638526916503906e+00,3.508201837539672852e+00,3.367364645004272461e+00,3.007219314575195312e+00,2.391363143920898438e+00,1.581741929054260254e+00,8.690989613533020020e-01,nan,nan,nan,nan,nan,nan,nan,nan,nan,nan,nan,nan,nan,nan,nan,nan,nan,nan,nan,nan,nan,nan,nan,nan,nan,nan,nan,nan,nan,nan,nan,nan,nan,nan,nan,nan,nan,nan,nan,nan,nan,nan,nan,nan
3.360301733016967773e+00,3.359033346176147461e+00,3.355331897735595703e+00,3.349677324295043945e+00,3.343122482299804688e+00,3.337479352951049805e+00,3.332641839981079102e+00,3.330101251602172852e+00,3.328776359558105469e+00,3.326856136322021484e+00,3.327689409255981445e+00,3.329578399658203125e+00,3.335708856582641602e+00,3.332081079483032227e+00,3.328956127166748047e+00,3.330272912979125977e+00,3.310780286788940430e+00,3.282791376113891602e+00,3.258985280990600586e+00,3.242680072784423828e+00,3.234650611877441406e+00,3.222442626953125000e+00,3.214113950729370117e+00,3.219247817993164062e+00,3.225684165954589844e+00,3.229645490646362305e+00,3.240479946136474609e+00,3.249541759490966797e+00,3.249263763427734375e+00,3.242044925689697266e+00,3.236678361892700195e+00,3.233804702758789062e+00,3.233805656433105469e+00,3.238757610321044922e+00,3.237094879150390625e+00,3.234236955642700195e+00,3.238376140594482422e+00,3.244072675704956055e+00,3.246502876281738281e+00,3.245239734649658203e+00,3.247122764587402344e+00,3.253136157989501953e+00,3.267003059387207031e+00,3.284801959991455078e+00,3.300355434417724609e+00,3.317860126495361328e+00,3.334695816040039062e+00,3.348869562149047852e+00,3.363498926162719727e+00,3.378822326660156250e+00,3.400737285614013672e+00,3.428561925888061523e+00,3.452459812164306641e+00,3.484830379486083984e+00,3.527601242065429688e+00,3.576706647872924805e+00,3.640114307403564453e+00,3.728945732116699219e+00,3.835290193557739258e+00,3.963066577911376953e+00,4.073311328887939453e+00,4.163275718688964844e+00,4.222889900207519531e+00,4.222078323364257812e+00,4.202145576477050781e+00,4.244397640228271484e+00,4.268936157226562500e+00,4.262830734252929688e+00,4.225259304046630859e+00,4.169675827026367188e+00,4.107900142669677734e+00,4.039664745330810547e+00,3.972247123718261719e+00,3.877333641052246094e+00,3.789597988128662109e+00,3.702674865722656250e+00,3.607379913330078125e+00,3.533460140228271484e+00,3.494725227355957031e+00,3.483485460281372070e+00,3.488292932510375977e+00,3.501803636550903320e+00,3.514557600021362305e+00,3.523102283477783203e+00,3.523586034774780273e+00,3.517399787902832031e+00,3.503131866455078125e+00,3.488954067230224609e+00,3.474564313888549805e+00,3.458160161972045898e+00,3.442217826843261719e+00,3.427059650421142578e+00,3.412771224975585938e+00,3.398293733596801758e+00,3.385321378707885742e+00,3.373022317886352539e+00,3.363384246826171875e+00,3.353820323944091797e+00,3.347191095352172852e+00,3.343705177307128906e+00,3.335211515426635742e+00,3.327413082122802734e+00,3.329720735549926758e+00,3.339991569519042969e+00,3.354170799255371094e+00,3.372411489486694336e+00,3.396814584732055664e+00,3.421571969985961914e+00,3.455422878265380859e+00,3.497880220413208008e+00,3.522535085678100586e+00,3.434612751007080078e+00,3.133750915527343750e+00,2.569090843200683594e+00,1.751742839813232422e+00,1.027802467346191406e+00,nan,nan,nan,nan,nan,nan,nan,nan,nan,nan,nan,nan,nan,nan,nan,nan,nan,nan,nan,nan,nan,nan,nan,nan,nan,nan,nan,nan,nan,nan,nan,nan,nan,nan,nan,nan,nan,nan,nan,nan,nan,nan,nan,nan
3.365903139114379883e+00,3.363084077835083008e+00,3.357975721359252930e+00,3.350659132003784180e+00,3.343647241592407227e+00,3.338929653167724609e+00,3.336061239242553711e+00,3.335738182067871094e+00,3.336729288101196289e+00,3.336374044418334961e+00,3.335342168807983398e+00,3.329380512237548828e+00,3.325213670730590820e+00,3.317018032073974609e+00,3.312741518020629883e+00,3.301509380340576172e+00,3.279122352600097656e+00,3.262257814407348633e+00,3.253810882568359375e+00,3.250929355621337891e+00,3.251104831695556641e+00,3.247993230819702148e+00,3.250700712203979492e+00,3.258156538009643555e+00,3.263673543930053711e+00,3.268894433975219727e+00,3.274547815322875977e+00,3.279820680618286133e+00,3.278847694396972656e+00,3.274961948394775391e+00,3.277857065200805664e+00,3.282539367675781250e+00,3.286555767059326172e+00,3.293602705001831055e+00,3.294143676757812500e+00,3.295992851257324219e+00,3.301445007324218750e+00,3.308615684509277344e+00,3.312162876129150391e+00,3.314812183380126953e+00,3.321631908416748047e+00,3.329858064651489258e+00,3.345049858093261719e+00,3.363278388977050781e+00,3.381664514541625977e+00,3.401009559631347656e+00,3.418502330780029297e+00,3.434907197952270508e+00,3.454470157623291016e+00,3.473395347595214844e+00,3.502878189086914062e+00,3.538524389266967773e+00,3.578114032745361328e+00,3.638301372528076172e+00,3.702923536300659180e+00,3.773518085479736328e+00,3.860644340515136719e+00,3.952877759933471680e+00,4.044799327850341797e+00,4.150018215179443359e+00,4.221218585968017578e+00,4.269386768341064453e+00,4.291059017181396484e+00,4.283133983612060547e+00,4.239090919494628906e+00,4.239569187164306641e+00,4.209997177124023438e+00,4.170635700225830078e+00,4.110142230987548828e+00,4.039387702941894531e+00,3.964503049850463867e+00,3.887035846710205078e+00,3.813615322113037109e+00,3.736403703689575195e+00,3.651630401611328125e+00,3.558333873748779297e+00,3.476043224334716797e+00,3.431472063064575195e+00,3.426944255828857422e+00,3.444438934326171875e+00,3.469352245330810547e+00,3.490866661071777344e+00,3.501644134521484375e+00,3.503412723541259766e+00,3.497212171554565430e+00,3.485205173492431641e+00,3.469079971313476562e+00,3.452398538589477539e+00,3.433359622955322266e+00,3.415804624557495117e+00,3.400094270706176758e+00,3.385967731475830078e+00,3.372576475143432617e+00,3.358598947525024414e+00,3.345326900482177734e+00,3.334663629531860352e+00,3.328005790710449219e+00,3.322289705276489258e+00,3.320098161697387695e+00,3.313644409179687500e+00,3.305324077606201172e+00,3.305958032608032227e+00,3.315897703170776367e+00,3.329224348068237305e+00,3.341842651367187500e+00,3.362925291061401367e+00,3.389422893524169922e+00,3.409211874008178711e+00,3.439901828765869141e+00,3.488003015518188477e+00,3.537258625030517578e+00,3.498422384262084961e+00,3.268190145492553711e+00,2.775082826614379883e+00,2.021288156509399414e+00,1.273046970367431641e+00,nan,nan,nan,nan,nan,nan,nan,nan,nan,nan,nan,nan,nan,nan,nan,nan,nan,nan,nan,nan,nan,nan,nan,nan,nan,nan,nan,nan,nan,nan,nan,nan,nan,nan,nan,nan,nan,nan,nan,nan,nan,nan,nan,nan
3.372438907623291016e+00,3.368955135345458984e+00,3.362896919250488281e+00,3.356110334396362305e+00,3.351061582565307617e+00,3.349805355072021484e+00,3.349175214767456055e+00,3.349513053894042969e+00,3.350455284118652344e+00,3.349409818649291992e+00,3.346400976181030273e+00,3.342160463333129883e+00,3.336373805999755859e+00,3.332406044006347656e+00,3.329875469207763672e+00,3.319512128829956055e+00,3.308430433273315430e+00,3.303311347961425781e+00,3.303807497024536133e+00,3.306168556213378906e+00,3.308896303176879883e+00,3.311252117156982422e+00,3.314786672592163086e+00,3.318537235260009766e+00,3.322515964508056641e+00,3.327232360839843750e+00,3.330476999282836914e+00,3.332653999328613281e+00,3.333719253540039062e+00,3.334540843963623047e+00,3.338641881942749023e+00,3.344058513641357422e+00,3.349314928054809570e+00,3.354605674743652344e+00,3.356407403945922852e+00,3.359887123107910156e+00,3.366411924362182617e+00,3.374847412109375000e+00,3.380666971206665039e+00,3.385716915130615234e+00,3.393167257308959961e+00,3.404189348220825195e+00,3.422282934188842773e+00,3.442640066146850586e+00,3.464745998382568359e+00,3.486026287078857422e+00,3.505961894989013672e+00,3.529264211654663086e+00,3.555211067199707031e+00,3.584652423858642578e+00,3.628757476806640625e+00,3.682444334030151367e+00,3.742229938507080078e+00,3.812054872512817383e+00,3.893458604812622070e+00,3.974187850952148438e+00,4.051197528839111328e+00,4.115017414093017578e+00,4.177937507629394531e+00,4.233609676361083984e+00,4.259038448333740234e+00,4.265311241149902344e+00,4.246496200561523438e+00,4.202289104461669922e+00,4.145775318145751953e+00,4.097514152526855469e+00,4.047965049743652344e+00,3.990946769714355469e+00,3.925536394119262695e+00,3.850520372390747070e+00,3.771566867828369141e+00,3.693428516387939453e+00,3.635167121887207031e+00,3.582332134246826172e+00,3.491168022155761719e+00,3.380049228668212891e+00,3.328708887100219727e+00,3.324434518814086914e+00,3.354535341262817383e+00,3.394550561904907227e+00,3.427078485488891602e+00,3.444875717163085938e+00,3.447828531265258789e+00,3.440044641494750977e+00,3.428100585937500000e+00,3.412819147109985352e+00,3.396116733551025391e+00,3.377821445465087891e+00,3.357671260833740234e+00,3.341730594635009766e+00,3.328816890716552734e+00,3.317003488540649414e+00,3.305513620376586914e+00,3.293674707412719727e+00,3.283038854598999023e+00,3.276841402053833008e+00,3.275710105895996094e+00,3.276493072509765625e+00,3.276543855667114258e+00,3.267852067947387695e+00,3.265434265136718750e+00,3.275864601135253906e+00,3.293283224105834961e+00,3.309858798980712891e+00,3.320232629776000977e+00,3.345715761184692383e+00,3.375144720077514648e+00,3.390886068344116211e+00,3.427717447280883789e+00,3.487351179122924805e+00,3.554748535156250000e+00,3.560518503189086914e+00,3.396165132522583008e+00,2.978959321975708008e+00,2.294937372207641602e+00,1.518123149871826172e+00,7.908346652984619141e-01,nan,nan,nan,nan,nan,nan,nan,nan,nan,nan,nan,nan,nan,nan,nan,nan,nan,nan,nan,nan,nan,nan,nan,nan,nan,nan,nan,nan,nan,nan,nan,nan,nan,nan,nan,nan,nan,nan,nan,nan,nan,nan,nan
3.379047155380249023e+00,3.374773740768432617e+00,3.368809461593627930e+00,3.364112138748168945e+00,3.362597942352294922e+00,3.363852739334106445e+00,3.363237142562866211e+00,3.363708972930908203e+00,3.364988088607788086e+00,3.364585876464843750e+00,3.363496065139770508e+00,3.362871646881103516e+00,3.361085891723632812e+00,3.361504554748535156e+00,3.359410047531127930e+00,3.353614091873168945e+00,3.350503683090209961e+00,3.351908445358276367e+00,3.355684518814086914e+00,3.358915328979492188e+00,3.362012386322021484e+00,3.364212512969970703e+00,3.366653203964233398e+00,3.370209932327270508e+00,3.375200271606445312e+00,3.380471467971801758e+00,3.383605241775512695e+00,3.385718584060668945e+00,3.386888265609741211e+00,3.388731956481933594e+00,3.393504858016967773e+00,3.399516820907592773e+00,3.405596733093261719e+00,3.410668849945068359e+00,3.415531158447265625e+00,3.423195600509643555e+00,3.434679031372070312e+00,3.444971799850463867e+00,3.450671911239624023e+00,3.454291343688964844e+00,3.465968847274780273e+00,3.483769893646240234e+00,3.508021116256713867e+00,3.530716657638549805e+00,3.554793357849121094e+00,3.578992128372192383e+00,3.606773138046264648e+00,3.642772674560546875e+00,3.677003145217895508e+00,3.726752281188964844e+00,3.789859771728515625e+00,3.858820199966430664e+00,3.924944639205932617e+00,3.986172914505004883e+00,4.057689666748046875e+00,4.116776466369628906e+00,4.158892154693603516e+00,4.180956840515136719e+00,4.198760986328125000e+00,4.189128398895263672e+00,4.167425155639648438e+00,4.140191078186035156e+00,4.094254970550537109e+00,4.036793231964111328e+00,3.971590518951416016e+00,3.922650814056396484e+00,3.873761415481567383e+00,3.819035291671752930e+00,3.748922348022460938e+00,3.659810304641723633e+00,3.577329874038696289e+00,3.508912086486816406e+00,3.463198184967041016e+00,3.397701263427734375e+00,3.309442281723022461e+00,3.249074697494506836e+00,3.241556406021118164e+00,3.269865989685058594e+00,3.320812702178955078e+00,3.366243124008178711e+00,3.390602111816406250e+00,3.395295381546020508e+00,3.387465953826904297e+00,3.372944831848144531e+00,3.357429981231689453e+00,3.339777469635009766e+00,3.322605848312377930e+00,3.304922819137573242e+00,3.287342309951782227e+00,3.274653911590576172e+00,3.264085292816162109e+00,3.254935741424560547e+00,3.246724128723144531e+00,3.238878726959228516e+00,3.234117269515991211e+00,3.234244585037231445e+00,3.236934423446655273e+00,3.239043951034545898e+00,3.239644289016723633e+00,3.235806465148925781e+00,3.244067192077636719e+00,3.261764526367187500e+00,3.279575347900390625e+00,3.296208143234252930e+00,3.311630964279174805e+00,3.341203689575195312e+00,3.361454248428344727e+00,3.386189699172973633e+00,3.434177875518798828e+00,3.490796566009521484e+00,3.568620681762695312e+00,3.598666906356811523e+00,3.501800298690795898e+00,3.180478811264038086e+00,2.600644826889038086e+00,1.822252511978149414e+00,1.134840607643127441e+00,nan,nan,nan,nan,nan,nan,nan,nan,nan,nan,nan,nan,nan,nan,nan,nan,nan,nan,nan,nan,nan,nan,nan,nan,nan,nan,nan,nan,nan,nan,nan,nan,nan,nan,nan,nan,nan,nan,nan,nan,nan,nan,nan
3.387274742126464844e+00,3.382930517196655273e+00,3.378636598587036133e+00,3.376374244689941406e+00,3.377127647399902344e+00,3.378710985183715820e+00,3.379019260406494141e+00,3.381047248840332031e+00,3.383653402328491211e+00,3.385066986083984375e+00,3.386342763900756836e+00,3.387206554412841797e+00,3.386876344680786133e+00,3.385608911514282227e+00,3.382340908050537109e+00,3.379967451095581055e+00,3.380506277084350586e+00,3.383864164352416992e+00,3.387536048889160156e+00,3.391144990921020508e+00,3.394963264465332031e+00,3.397457599639892578e+00,3.400944948196411133e+00,3.406396150588989258e+00,3.412632942199707031e+00,3.418102979660034180e+00,3.420638561248779297e+00,3.422596931457519531e+00,3.424416065216064453e+00,3.428830862045288086e+00,3.436553716659545898e+00,3.445054531097412109e+00,3.453424930572509766e+00,3.461219310760498047e+00,3.470292568206787109e+00,3.482888936996459961e+00,3.498174428939819336e+00,3.507468223571777344e+00,3.512729167938232422e+00,3.519962072372436523e+00,3.541568517684936523e+00,3.571825981140136719e+00,3.601387023925781250e+00,3.627917289733886719e+00,3.655786514282226562e+00,3.686041116714477539e+00,3.719959735870361328e+00,3.761261701583862305e+00,3.803786754608154297e+00,3.864184141159057617e+00,3.923484802246093750e+00,3.975182056427001953e+00,4.017997264862060547e+00,4.050840377807617188e+00,4.079357624053955078e+00,4.092376708984375000e+00,4.085764408111572266e+00,4.059846401214599609e+00,4.027996540069580078e+00,3.986117839813232422e+00,3.953857421875000000e+00,3.926311016082763672e+00,3.877955675125122070e+00,3.827463865280151367e+00,3.774240493774414062e+00,3.740255355834960938e+00,3.694314002990722656e+00,3.633380889892578125e+00,3.551632404327392578e+00,3.466607809066772461e+00,3.388780832290649414e+00,3.344204187393188477e+00,3.319263458251953125e+00,3.255419492721557617e+00,3.207754611968994141e+00,3.208188056945800781e+00,3.233069419860839844e+00,3.278595685958862305e+00,3.333321332931518555e+00,3.365788221359252930e+00,3.371166229248046875e+00,3.359623193740844727e+00,3.341587305068969727e+00,3.324132919311523438e+00,3.306408166885375977e+00,3.288162469863891602e+00,3.271446228027343750e+00,3.255120515823364258e+00,3.240012407302856445e+00,3.229587316513061523e+00,3.221803188323974609e+00,3.215445995330810547e+00,3.211508750915527344e+00,3.208274126052856445e+00,3.210995912551879883e+00,3.214602231979370117e+00,3.216007947921752930e+00,3.218611717224121094e+00,3.220079898834228516e+00,3.224109649658203125e+00,3.236367940902709961e+00,3.257158756256103516e+00,3.272006511688232422e+00,3.286562681198120117e+00,3.306077003479003906e+00,3.327805519104003906e+00,3.345957279205322266e+00,3.385186910629272461e+00,3.436602830886840820e+00,3.487808465957641602e+00,3.564671993255615234e+00,3.622148990631103516e+00,3.584904909133911133e+00,3.355082511901855469e+00,2.881491422653198242e+00,2.201745510101318359e+00,1.466652989387512207e+00,8.326102495193481445e-01,nan,nan,nan,nan,nan,nan,nan,nan,nan,nan,nan,nan,nan,nan,nan,nan,nan,nan,nan,nan,nan,nan,nan,nan,nan,nan,nan,nan,nan,nan,nan,nan,nan,nan,nan,nan,nan,nan,nan,nan,nan,nan
3.396238565444946289e+00,3.392893552780151367e+00,3.390799283981323242e+00,3.390938997268676758e+00,3.392914533615112305e+00,3.395197153091430664e+00,3.397479534149169922e+00,3.401169300079345703e+00,3.405039787292480469e+00,3.408058643341064453e+00,3.410580158233642578e+00,3.411614418029785156e+00,3.410733938217163086e+00,3.408673286437988281e+00,3.406547546386718750e+00,3.406688451766967773e+00,3.409504413604736328e+00,3.413738489151000977e+00,3.418121099472045898e+00,3.423056125640869141e+00,3.427805662155151367e+00,3.430948734283447266e+00,3.436384677886962891e+00,3.442879438400268555e+00,3.449271917343139648e+00,3.454216718673706055e+00,3.457178354263305664e+00,3.460754632949829102e+00,3.465453147888183594e+00,3.473995447158813477e+00,3.485065937042236328e+00,3.496277093887329102e+00,3.507439136505126953e+00,3.518623352050781250e+00,3.530879735946655273e+00,3.545619726181030273e+00,3.558146476745605469e+00,3.567503929138183594e+00,3.576223850250244141e+00,3.597549438476562500e+00,3.632784128189086914e+00,3.671675682067871094e+00,3.703480243682861328e+00,3.734243631362915039e+00,3.764858245849609375e+00,3.797501564025878906e+00,3.829755306243896484e+00,3.864575386047363281e+00,3.907127380371093750e+00,3.949846744537353516e+00,3.980169057846069336e+00,3.993591070175170898e+00,3.996197700500488281e+00,3.992868661880493164e+00,3.970326662063598633e+00,3.932585239410400391e+00,3.893265247344970703e+00,3.848014831542968750e+00,3.805531740188598633e+00,3.777485609054565430e+00,3.766424894332885742e+00,3.747082948684692383e+00,3.706482172012329102e+00,3.659429550170898438e+00,3.612296581268310547e+00,3.574965476989746094e+00,3.514597892761230469e+00,3.450146675109863281e+00,3.380306959152221680e+00,3.318035364151000977e+00,3.267103195190429688e+00,3.246993780136108398e+00,3.239617109298706055e+00,3.201166868209838867e+00,3.209914207458496094e+00,3.239120721817016602e+00,3.271782398223876953e+00,3.316711425781250000e+00,3.353236675262451172e+00,3.355913877487182617e+00,3.343055486679077148e+00,3.323418378829956055e+00,3.302495479583740234e+00,3.286077499389648438e+00,3.268950223922729492e+00,3.251476049423217773e+00,3.234892368316650391e+00,3.219352245330810547e+00,3.206354141235351562e+00,3.198599576950073242e+00,3.193072795867919922e+00,3.191753864288330078e+00,3.192869663238525391e+00,3.193715810775756836e+00,3.199355602264404297e+00,3.202615022659301758e+00,3.203952074050903320e+00,3.207917451858520508e+00,3.211327552795410156e+00,3.217952728271484375e+00,3.228850364685058594e+00,3.250056743621826172e+00,3.263683080673217773e+00,3.279888868331909180e+00,3.301007032394409180e+00,3.322294950485229492e+00,3.350628614425659180e+00,3.398422956466674805e+00,3.444927692413330078e+00,3.499043941497802734e+00,3.580662727355957031e+00,3.644787788391113281e+00,3.653971672058105469e+00,3.507281541824340820e+00,3.139250278472900391e+00,2.561757802963256836e+00,1.861062526702880859e+00,1.182958841323852539e+00,5.695844292640686035e-01,nan,nan,nan,nan,nan,nan,nan,nan,nan,nan,nan,nan,nan,nan,nan,nan,nan,nan,nan,nan,nan,nan,nan,nan,nan,nan,nan,nan,nan,nan,nan,nan,nan,nan,nan,nan,nan,nan,nan,nan,nan
3.405507087707519531e+00,3.402857303619384766e+00,3.402382850646972656e+00,3.404331445693969727e+00,3.407274961471557617e+00,3.410591602325439453e+00,3.414535045623779297e+00,3.419444322586059570e+00,3.424193859100341797e+00,3.428071260452270508e+00,3.430902242660522461e+00,3.431471347808837891e+00,3.430223703384399414e+00,3.429014205932617188e+00,3.429168701171875000e+00,3.432246923446655273e+00,3.437681198120117188e+00,3.443765163421630859e+00,3.449811697006225586e+00,3.456173658370971680e+00,3.461418867111206055e+00,3.465483665466308594e+00,3.472320079803466797e+00,3.478929996490478516e+00,3.486667156219482422e+00,3.493403673171997070e+00,3.498771429061889648e+00,3.504851818084716797e+00,3.513597488403320312e+00,3.525789976119995117e+00,3.538842439651489258e+00,3.551323652267456055e+00,3.563258647918701172e+00,3.574964761734008789e+00,3.586523294448852539e+00,3.598766088485717773e+00,3.605631589889526367e+00,3.615625619888305664e+00,3.631108522415161133e+00,3.665569543838500977e+00,3.701118469238281250e+00,3.731754779815673828e+00,3.753725290298461914e+00,3.773949146270751953e+00,3.793347597122192383e+00,3.812110662460327148e+00,3.829056024551391602e+00,3.847357511520385742e+00,3.870226860046386719e+00,3.880461454391479492e+00,3.881338357925415039e+00,3.868319988250732422e+00,3.844948053359985352e+00,3.823030233383178711e+00,3.781038522720336914e+00,3.736414432525634766e+00,3.701817512512207031e+00,3.673501729965209961e+00,3.654440402984619141e+00,3.649029016494750977e+00,3.654126644134521484e+00,3.631660938262939453e+00,3.587720394134521484e+00,3.533133506774902344e+00,3.482654333114624023e+00,3.433799743652343750e+00,3.377453327178955078e+00,3.322869777679443359e+00,3.281932115554809570e+00,3.247295618057250977e+00,3.227298021316528320e+00,3.228808164596557617e+00,3.234779596328735352e+00,3.239776134490966797e+00,3.264344215393066406e+00,3.287789821624755859e+00,3.308802127838134766e+00,3.339632987976074219e+00,3.341514348983764648e+00,3.332241535186767578e+00,3.316864252090454102e+00,3.298900842666625977e+00,3.279936313629150391e+00,3.264059543609619141e+00,3.245765924453735352e+00,3.226315021514892578e+00,3.207957506179809570e+00,3.193365097045898438e+00,3.184141397476196289e+00,3.179445266723632812e+00,3.179042100906372070e+00,3.184592247009277344e+00,3.188425779342651367e+00,3.190979480743408203e+00,3.195201873779296875e+00,3.198602676391601562e+00,3.203445672988891602e+00,3.207950830459594727e+00,3.211952447891235352e+00,3.221383094787597656e+00,3.233443975448608398e+00,3.251482963562011719e+00,3.267189502716064453e+00,3.286244869232177734e+00,3.311012744903564453e+00,3.340531349182128906e+00,3.378730773925781250e+00,3.428321599960327148e+00,3.475273609161376953e+00,3.525838136672973633e+00,3.602332115173339844e+00,3.669692516326904297e+00,3.706629276275634766e+00,3.631706714630126953e+00,3.363594532012939453e+00,2.892523050308227539e+00,2.276819467544555664e+00,1.551406145095825195e+00,9.264438748359680176e-01,3.372322022914886475e-01,nan,nan,nan,nan,nan,nan,nan,nan,nan,nan,nan,nan,nan,nan,nan,nan,nan,nan,nan,nan,nan,nan,nan,nan,nan,nan,nan,nan,nan,nan,nan,nan,nan,nan,nan,nan,nan,nan,nan,nan
3.414253473281860352e+00,3.411864757537841797e+00,3.413151025772094727e+00,3.416962385177612305e+00,3.421233177185058594e+00,3.426230430603027344e+00,3.431964397430419922e+00,3.438023567199707031e+00,3.443213701248168945e+00,3.447383403778076172e+00,3.450059890747070312e+00,3.449985742568969727e+00,3.449076175689697266e+00,3.449516057968139648e+00,3.452290058135986328e+00,3.458329916000366211e+00,3.466425418853759766e+00,3.473800420761108398e+00,3.480340719223022461e+00,3.486633300781250000e+00,3.491220712661743164e+00,3.496227025985717773e+00,3.503733396530151367e+00,3.512561321258544922e+00,3.524181842803955078e+00,3.533780574798583984e+00,3.540111064910888672e+00,3.547726631164550781e+00,3.559712886810302734e+00,3.573682069778442383e+00,3.585948705673217773e+00,3.596670389175415039e+00,3.606935977935791016e+00,3.615947961807250977e+00,3.624170064926147461e+00,3.633323192596435547e+00,3.638992786407470703e+00,3.652092695236206055e+00,3.670718908309936523e+00,3.699782371520996094e+00,3.718634366989135742e+00,3.727979898452758789e+00,3.730985641479492188e+00,3.732951402664184570e+00,3.735512495040893555e+00,3.737673997879028320e+00,3.740270376205444336e+00,3.745710611343383789e+00,3.741066455841064453e+00,3.735997200012207031e+00,3.721988677978515625e+00,3.702136278152465820e+00,3.678941965103149414e+00,3.660403966903686523e+00,3.631328105926513672e+00,3.606798171997070312e+00,3.585647106170654297e+00,3.574258565902709961e+00,3.571161746978759766e+00,3.564856529235839844e+00,3.558805704116821289e+00,3.517126083374023438e+00,3.461730480194091797e+00,3.407505989074707031e+00,3.363938570022583008e+00,3.326945543289184570e+00,3.290653467178344727e+00,3.263592243194580078e+00,3.247554302215576172e+00,3.236248970031738281e+00,3.234584093093872070e+00,3.251097202301025391e+00,3.265966176986694336e+00,3.281309843063354492e+00,3.298901319503784180e+00,3.303719282150268555e+00,3.311884403228759766e+00,3.332130670547485352e+00,3.330642461776733398e+00,3.326680183410644531e+00,3.315979480743408203e+00,3.295531988143920898e+00,3.273172616958618164e+00,3.250574827194213867e+00,3.225087881088256836e+00,3.201369524002075195e+00,3.183107614517211914e+00,3.172759771347045898e+00,3.169996976852416992e+00,3.172129392623901367e+00,3.179569244384765625e+00,3.188389301300048828e+00,3.190783262252807617e+00,3.195996284484863281e+00,3.200778722763061523e+00,3.205476999282836914e+00,3.212052822113037109e+00,3.216402292251586914e+00,3.221553325653076172e+00,3.232870101928710938e+00,3.246271610260009766e+00,3.262889146804809570e+00,3.281465053558349609e+00,3.305136203765869141e+00,3.335520029067993164e+00,3.373914957046508789e+00,3.416846036911010742e+00,3.466897010803222656e+00,3.513469696044921875e+00,3.566267490386962891e+00,3.629493474960327148e+00,3.697171449661254883e+00,3.752076625823974609e+00,3.728926181793212891e+00,3.549212694168090820e+00,3.180747509002685547e+00,2.647219419479370117e+00,1.978300571441650391e+00,1.270108938217163086e+00,6.836900711059570312e-01,nan,nan,nan,nan,nan,nan,nan,nan,nan,nan,nan,nan,nan,nan,nan,nan,nan,nan,nan,nan,nan,nan,nan,nan,nan,nan,nan,nan,nan,nan,nan,nan,nan,nan,nan,nan,nan,nan,nan,nan
3.418299913406372070e+00,3.418059587478637695e+00,3.423092842102050781e+00,3.429672718048095703e+00,3.435888290405273438e+00,3.442817211151123047e+00,3.449911355972290039e+00,3.456162929534912109e+00,3.460912466049194336e+00,3.464560031890869141e+00,3.466099023818969727e+00,3.465070724487304688e+00,3.464417695999145508e+00,3.466004371643066406e+00,3.470185995101928711e+00,3.477719545364379883e+00,3.485172986984252930e+00,3.489912271499633789e+00,3.493416070938110352e+00,3.496777057647705078e+00,3.499150037765502930e+00,3.503818511962890625e+00,3.511297464370727539e+00,3.521943569183349609e+00,3.533012151718139648e+00,3.538727760314941406e+00,3.539222478866577148e+00,3.544592380523681641e+00,3.556465148925781250e+00,3.565888166427612305e+00,3.571274042129516602e+00,3.576227664947509766e+00,3.580998182296752930e+00,3.584320783615112305e+00,3.587997436523437500e+00,3.593710899353027344e+00,3.599486112594604492e+00,3.610631942749023438e+00,3.622084617614746094e+00,3.635804653167724609e+00,3.639880418777465820e+00,3.638334035873413086e+00,3.635537862777709961e+00,3.635344028472900391e+00,3.635024785995483398e+00,3.636951684951782227e+00,3.639152288436889648e+00,3.640192508697509766e+00,3.631978511810302734e+00,3.623567104339599609e+00,3.608346223831176758e+00,3.591749191284179688e+00,3.579629421234130859e+00,3.574505329132080078e+00,3.563198804855346680e+00,3.547991037368774414e+00,3.530462980270385742e+00,3.517177581787109375e+00,3.505434513092041016e+00,3.480904102325439453e+00,3.447396039962768555e+00,3.394921541213989258e+00,3.348650217056274414e+00,3.312498092651367188e+00,3.288883209228515625e+00,3.276424407958984375e+00,3.262689590454101562e+00,3.263828754425048828e+00,3.256192922592163086e+00,3.250695943832397461e+00,3.264127016067504883e+00,3.286449432373046875e+00,3.298960685729980469e+00,3.309779405593872070e+00,3.321626186370849609e+00,3.312412261962890625e+00,3.321501970291137695e+00,3.343788862228393555e+00,3.364969253540039062e+00,3.358228445053100586e+00,3.337486028671264648e+00,3.300881147384643555e+00,3.263666868209838867e+00,3.227699041366577148e+00,3.196034431457519531e+00,3.173167467117309570e+00,3.161299943923950195e+00,3.160891532897949219e+00,3.168008089065551758e+00,3.180090665817260742e+00,3.193311452865600586e+00,3.198720932006835938e+00,3.203337430953979492e+00,3.213589906692504883e+00,3.217833042144775391e+00,3.222301244735717773e+00,3.228108644485473633e+00,3.232698202133178711e+00,3.239353895187377930e+00,3.251354932785034180e+00,3.266475200653076172e+00,3.285054683685302734e+00,3.306128740310668945e+00,3.334830760955810547e+00,3.372981309890747070e+00,3.417084217071533203e+00,3.463051795959472656e+00,3.511160612106323242e+00,3.558870315551757812e+00,3.621260166168212891e+00,3.672188758850097656e+00,3.736691474914550781e+00,3.793537378311157227e+00,3.803156375885009766e+00,3.695312261581420898e+00,3.426086425781250000e+00,2.989433288574218750e+00,2.387636661529541016e+00,1.632638335227966309e+00,9.814791679382324219e-01,nan,nan,nan,nan,nan,nan,nan,nan,nan,nan,nan,nan,nan,nan,nan,nan,nan,nan,nan,nan,nan,nan,nan,nan,nan,nan,nan,nan,nan,nan,nan,nan,nan,nan,nan,nan,nan,nan,nan,nan
3.423504829406738281e+00,3.427642583847045898e+00,3.436820030212402344e+00,3.444928646087646484e+00,3.451941251754760742e+00,3.459388732910156250e+00,3.465853929519653320e+00,3.470497369766235352e+00,3.473492145538330078e+00,3.475115060806274414e+00,3.474486112594604492e+00,3.472093343734741211e+00,3.471133947372436523e+00,3.472635269165039062e+00,3.476695299148559570e+00,3.482124805450439453e+00,3.483852624893188477e+00,3.482990264892578125e+00,3.481863260269165039e+00,3.481771230697631836e+00,3.481920480728149414e+00,3.485137701034545898e+00,3.490793466567993164e+00,3.497039794921875000e+00,3.499467372894287109e+00,3.494373559951782227e+00,3.487620592117309570e+00,3.492461204528808594e+00,3.500602960586547852e+00,3.500701189041137695e+00,3.498303174972534180e+00,3.498344898223876953e+00,3.498498201370239258e+00,3.497808694839477539e+00,3.499456167221069336e+00,3.504037857055664062e+00,3.510384082794189453e+00,3.518584489822387695e+00,3.527766227722167969e+00,3.537540912628173828e+00,3.543599605560302734e+00,3.546083211898803711e+00,3.550425529479980469e+00,3.557238817214965820e+00,3.563392877578735352e+00,3.571716785430908203e+00,3.578978061676025391e+00,3.580004453659057617e+00,3.575980901718139648e+00,3.567258596420288086e+00,3.553231239318847656e+00,3.539210796356201172e+00,3.534610033035278320e+00,3.531882047653198242e+00,3.524223089218139648e+00,3.502864122390747070e+00,3.476096153259277344e+00,3.453367948532104492e+00,3.426135778427124023e+00,3.394026279449462891e+00,3.353574037551879883e+00,3.314398527145385742e+00,3.288328886032104492e+00,3.272691249847412109e+00,3.264880180358886719e+00,3.268236398696899414e+00,3.276400804519653320e+00,3.279006958007812500e+00,3.266860008239746094e+00,3.270615339279174805e+00,3.297758102416992188e+00,3.328833580017089844e+00,3.342132091522216797e+00,3.352640151977539062e+00,3.366758584976196289e+00,3.363548040390014648e+00,3.379076242446899414e+00,3.401680469512939453e+00,3.412826776504516602e+00,3.379040956497192383e+00,3.328502655029296875e+00,3.269076347351074219e+00,3.218267202377319336e+00,3.179856538772583008e+00,3.152498483657836914e+00,3.142773151397705078e+00,3.147468328475952148e+00,3.162345886230468750e+00,3.181717395782470703e+00,3.201400995254516602e+00,3.216573953628540039e+00,3.221410512924194336e+00,3.230679750442504883e+00,3.239466905593872070e+00,3.240722656250000000e+00,3.243510246276855469e+00,3.249552726745605469e+00,3.255529880523681641e+00,3.264025926589965820e+00,3.277838468551635742e+00,3.294507265090942383e+00,3.315750360488891602e+00,3.341452121734619141e+00,3.375651359558105469e+00,3.419922351837158203e+00,3.465315341949462891e+00,3.511679410934448242e+00,3.559903860092163086e+00,3.613456726074218750e+00,3.682852745056152344e+00,3.737344980239868164e+00,3.777164936065673828e+00,3.830930233001708984e+00,3.859139680862426758e+00,3.803646564483642578e+00,3.625054121017456055e+00,3.286207914352416992e+00,2.767413377761840820e+00,2.082615613937377930e+00,1.357247233390808105e+00,nan,nan,nan,nan,nan,nan,nan,nan,nan,nan,nan,nan,nan,nan,nan,nan,nan,nan,nan,nan,nan,nan,nan,nan,nan,nan,nan,nan,nan,nan,nan,nan,nan,nan,nan,nan,nan,nan,nan,nan
3.430946350097656250e+00,3.439606666564941406e+00,3.449018955230712891e+00,3.455110549926757812e+00,3.459882974624633789e+00,3.464048147201538086e+00,3.466281414031982422e+00,3.466753721237182617e+00,3.465892553329467773e+00,3.463887929916381836e+00,3.460366725921630859e+00,3.456401824951171875e+00,3.454848289489746094e+00,3.455520391464233398e+00,3.457724094390869141e+00,3.458358526229858398e+00,3.455435991287231445e+00,3.452284097671508789e+00,3.450730562210083008e+00,3.450802803039550781e+00,3.451405286788940430e+00,3.454170703887939453e+00,3.457134008407592773e+00,3.458726882934570312e+00,3.455336809158325195e+00,3.447309970855712891e+00,3.446434497833251953e+00,3.456938505172729492e+00,3.459446430206298828e+00,3.455247640609741211e+00,3.453566312789916992e+00,3.455111265182495117e+00,3.456625699996948242e+00,3.457726716995239258e+00,3.462494373321533203e+00,3.470140695571899414e+00,3.479491472244262695e+00,3.491059064865112305e+00,3.503509759902954102e+00,3.515415668487548828e+00,3.522925615310668945e+00,3.527821540832519531e+00,3.534316301345825195e+00,3.543009042739868164e+00,3.552421569824218750e+00,3.562379837036132812e+00,3.567150115966796875e+00,3.565368413925170898e+00,3.558640003204345703e+00,3.544472932815551758e+00,3.528284072875976562e+00,3.516558885574340820e+00,3.507913589477539062e+00,3.499651908874511719e+00,3.478050231933593750e+00,3.446832180023193359e+00,3.415707588195800781e+00,3.390257120132446289e+00,3.364758491516113281e+00,3.338167428970336914e+00,3.309607982635498047e+00,3.286782264709472656e+00,3.273874282836914062e+00,3.271093606948852539e+00,3.274010181427001953e+00,3.288583517074584961e+00,3.297785758972167969e+00,3.292825460433959961e+00,3.286972999572753906e+00,3.308540344238281250e+00,3.346651077270507812e+00,3.389864683151245117e+00,3.396919250488281250e+00,3.409061670303344727e+00,3.436808109283447266e+00,3.440015792846679688e+00,3.441667795181274414e+00,3.433707237243652344e+00,3.386731624603271484e+00,3.311379671096801758e+00,3.244472026824951172e+00,3.179300308227539062e+00,3.139673233032226562e+00,3.115541934967041016e+00,3.113143444061279297e+00,3.130129575729370117e+00,3.157643795013427734e+00,3.188215494155883789e+00,3.216078281402587891e+00,3.237706899642944336e+00,3.251531839370727539e+00,3.257556915283203125e+00,3.264343976974487305e+00,3.262937545776367188e+00,3.265189170837402344e+00,3.269329547882080078e+00,3.275855779647827148e+00,3.284285068511962891e+00,3.294723033905029297e+00,3.309191703796386719e+00,3.327333450317382812e+00,3.352122545242309570e+00,3.384534358978271484e+00,3.424834966659545898e+00,3.469719409942626953e+00,3.512045145034790039e+00,3.558354854583740234e+00,3.613255977630615234e+00,3.673175573348999023e+00,3.751831293106079102e+00,3.799346208572387695e+00,3.823458433151245117e+00,3.867967367172241211e+00,3.905923843383789062e+00,3.882110357284545898e+00,3.768222808837890625e+00,3.535303831100463867e+00,3.115333080291748047e+00,2.513319730758666992e+00,1.733255267143249512e+00,1.064659476280212402e+00,nan,nan,nan,nan,nan,nan,nan,nan,nan,nan,nan,nan,nan,nan,nan,nan,nan,nan,nan,nan,nan,nan,nan,nan,nan,nan,nan,nan,nan,nan,nan,nan,nan,nan,nan,nan,nan,nan,nan
3.437826871871948242e+00,3.444772720336914062e+00,3.447924613952636719e+00,3.447609663009643555e+00,3.446193218231201172e+00,3.443799734115600586e+00,3.440180778503417969e+00,3.435890436172485352e+00,3.431213378906250000e+00,3.426283359527587891e+00,3.420818328857421875e+00,3.416183471679687500e+00,3.414273500442504883e+00,3.414052724838256836e+00,3.414754390716552734e+00,3.414442539215087891e+00,3.412671566009521484e+00,3.411897420883178711e+00,3.413453817367553711e+00,3.415930509567260742e+00,3.418430566787719727e+00,3.422392845153808594e+00,3.426868915557861328e+00,3.429038047790527344e+00,3.428367376327514648e+00,3.426708698272705078e+00,3.438192605972290039e+00,3.449738502502441406e+00,3.446791172027587891e+00,3.447241783142089844e+00,3.453751564025878906e+00,3.461616516113281250e+00,3.467525482177734375e+00,3.473250150680541992e+00,3.483893871307373047e+00,3.496392726898193359e+00,3.509181261062622070e+00,3.523346185684204102e+00,3.536945104598999023e+00,3.546715497970581055e+00,3.550909757614135742e+00,3.552744150161743164e+00,3.556768178939819336e+00,3.562154054641723633e+00,3.566877365112304688e+00,3.568122386932373047e+00,3.565373659133911133e+00,3.555784940719604492e+00,3.539309263229370117e+00,3.518936157226562500e+00,3.503477573394775391e+00,3.492588996887207031e+00,3.479930639266967773e+00,3.459811210632324219e+00,3.430529832839965820e+00,3.398999452590942383e+00,3.370963335037231445e+00,3.349930524826049805e+00,3.330690145492553711e+00,3.313164234161376953e+00,3.299428462982177734e+00,3.292076110839843750e+00,3.290867328643798828e+00,3.301141023635864258e+00,3.316995382308959961e+00,3.337586641311645508e+00,3.343138456344604492e+00,3.333921670913696289e+00,3.345368385314941406e+00,3.377612590789794922e+00,3.414081335067749023e+00,3.435927391052246094e+00,3.434783458709716797e+00,3.433403730392456055e+00,3.431179046630859375e+00,3.427246809005737305e+00,3.386279821395874023e+00,3.328845024108886719e+00,3.246545314788818359e+00,3.177222251892089844e+00,3.123665094375610352e+00,3.081703901290893555e+00,3.073560953140258789e+00,3.084944009780883789e+00,3.116533994674682617e+00,3.159473180770874023e+00,3.202739477157592773e+00,3.239468336105346680e+00,3.266373872756958008e+00,3.282139062881469727e+00,3.289792299270629883e+00,3.292973279953002930e+00,3.291595935821533203e+00,3.287881851196289062e+00,3.292849063873291016e+00,3.299418449401855469e+00,3.305450201034545898e+00,3.314210414886474609e+00,3.326157808303833008e+00,3.341775655746459961e+00,3.363765716552734375e+00,3.393666505813598633e+00,3.433151483535766602e+00,3.477453708648681641e+00,3.523311853408813477e+00,3.568020582199096680e+00,3.614212751388549805e+00,3.676533460617065430e+00,3.744309186935424805e+00,3.818631887435913086e+00,3.846301078796386719e+00,3.863063812255859375e+00,3.903049230575561523e+00,3.940709829330444336e+00,3.947226047515869141e+00,3.882810115814208984e+00,3.722595691680908203e+00,3.396133184432983398e+00,2.878539800643920898e+00,2.181001901626586914e+00,1.449484705924987793e+00,7.677960991859436035e-01,nan,nan,nan,nan,nan,nan,nan,nan,nan,nan,nan,nan,nan,nan,nan,nan,nan,nan,nan,nan,nan,nan,nan,nan,nan,nan,nan,nan,nan,nan,nan,nan,nan,nan,nan,nan,nan,nan
3.440845966339111328e+00,3.442417860031127930e+00,3.439991235733032227e+00,3.435908079147338867e+00,3.431676387786865234e+00,3.427070379257202148e+00,3.422386169433593750e+00,3.418097019195556641e+00,3.414006710052490234e+00,3.409772872924804688e+00,3.405531167984008789e+00,3.402594804763793945e+00,3.401952028274536133e+00,3.403075218200683594e+00,3.405406236648559570e+00,3.406485080718994141e+00,3.406087875366210938e+00,3.407152891159057617e+00,3.409717082977294922e+00,3.413125276565551758e+00,3.416976213455200195e+00,3.422158241271972656e+00,3.427124500274658203e+00,3.429807424545288086e+00,3.432559728622436523e+00,3.436453819274902344e+00,3.449215888977050781e+00,3.454005241394042969e+00,3.456351995468139648e+00,3.464880228042602539e+00,3.475600957870483398e+00,3.484592676162719727e+00,3.491401433944702148e+00,3.501170635223388672e+00,3.514145374298095703e+00,3.526949882507324219e+00,3.539204359054565430e+00,3.552259206771850586e+00,3.561817884445190430e+00,3.565077781677246094e+00,3.563204288482666016e+00,3.561546802520751953e+00,3.560350894927978516e+00,3.559933423995971680e+00,3.556470155715942383e+00,3.549778461456298828e+00,3.537451982498168945e+00,3.521939992904663086e+00,3.502769708633422852e+00,3.487807035446166992e+00,3.478447437286376953e+00,3.468554735183715820e+00,3.452130317687988281e+00,3.423751354217529297e+00,3.392801523208618164e+00,3.366762161254882812e+00,3.344987392425537109e+00,3.329628705978393555e+00,3.318995714187622070e+00,3.312778711318969727e+00,3.319396018981933594e+00,3.326190233230590820e+00,3.343753099441528320e+00,3.368700504302978516e+00,3.381402492523193359e+00,3.391371965408325195e+00,3.386610269546508789e+00,3.388167142868041992e+00,3.406045913696289062e+00,3.432111024856567383e+00,3.442294597625732422e+00,3.416774511337280273e+00,3.389030933380126953e+00,3.361303091049194336e+00,3.318487167358398438e+00,3.288130283355712891e+00,3.237114667892456055e+00,3.194244623184204102e+00,3.140189170837402344e+00,3.105024337768554688e+00,3.072808742523193359e+00,3.067276239395141602e+00,3.105470895767211914e+00,3.140189886093139648e+00,3.187930107116699219e+00,3.239997625350952148e+00,3.281329154968261719e+00,3.310576438903808594e+00,3.326481819152832031e+00,3.331009626388549805e+00,3.330574750900268555e+00,3.328506231307983398e+00,3.326944828033447266e+00,3.323040485382080078e+00,3.327185869216918945e+00,3.330531358718872070e+00,3.335787296295166016e+00,3.345362424850463867e+00,3.359216690063476562e+00,3.379842758178710938e+00,3.407614231109619141e+00,3.444386959075927734e+00,3.489325284957885742e+00,3.534953832626342773e+00,3.583995342254638672e+00,3.633105278015136719e+00,3.684828281402587891e+00,3.746985912322998047e+00,3.801359891891479492e+00,3.862648725509643555e+00,3.882588863372802734e+00,3.913925647735595703e+00,3.946099758148193359e+00,3.985178232192993164e+00,4.012016773223876953e+00,3.961210250854492188e+00,3.828209638595581055e+00,3.588773727416992188e+00,3.183433532714843750e+00,2.604294300079345703e+00,1.866240978240966797e+00,1.184965968132019043e+00,nan,nan,nan,nan,nan,nan,nan,nan,nan,nan,nan,nan,nan,nan,nan,nan,nan,nan,nan,nan,nan,nan,nan,nan,nan,nan,nan,nan,nan,nan,nan,nan,nan,nan,nan,nan,nan,nan
3.442764997482299805e+00,3.441369771957397461e+00,3.438148736953735352e+00,3.435148954391479492e+00,3.432576179504394531e+00,3.429990768432617188e+00,3.428170919418334961e+00,3.426845788955688477e+00,3.425189971923828125e+00,3.422975301742553711e+00,3.421061515808105469e+00,3.420433521270751953e+00,3.421315193176269531e+00,3.423606872558593750e+00,3.425877332687377930e+00,3.426212549209594727e+00,3.425538539886474609e+00,3.426731348037719727e+00,3.429008960723876953e+00,3.432297706604003906e+00,3.436804294586181641e+00,3.441391944885253906e+00,3.444884300231933594e+00,3.446806669235229492e+00,3.449869871139526367e+00,3.456753969192504883e+00,3.465637922286987305e+00,3.470488786697387695e+00,3.477451801300048828e+00,3.485125780105590820e+00,3.491883754730224609e+00,3.497409105300903320e+00,3.503257751464843750e+00,3.512582540512084961e+00,3.522655487060546875e+00,3.530999660491943359e+00,3.540041685104370117e+00,3.548973321914672852e+00,3.552130699157714844e+00,3.547877073287963867e+00,3.542442798614501953e+00,3.539914131164550781e+00,3.536204338073730469e+00,3.531744003295898438e+00,3.523540019989013672e+00,3.512756586074829102e+00,3.499986171722412109e+00,3.487584352493286133e+00,3.475456476211547852e+00,3.468157529830932617e+00,3.460619449615478516e+00,3.448989152908325195e+00,3.427930355072021484e+00,3.399254798889160156e+00,3.372123241424560547e+00,3.357700824737548828e+00,3.345187902450561523e+00,3.336830377578735352e+00,3.336006879806518555e+00,3.341945648193359375e+00,3.362723112106323242e+00,3.377979278564453125e+00,3.394660711288452148e+00,3.402806520462036133e+00,3.397055864334106445e+00,3.385668277740478516e+00,3.371120452880859375e+00,3.364882707595825195e+00,3.369299650192260742e+00,3.371066093444824219e+00,3.348496913909912109e+00,3.302116632461547852e+00,3.258853673934936523e+00,3.231514692306518555e+00,3.202452898025512695e+00,3.172396659851074219e+00,3.154195070266723633e+00,3.144549608230590820e+00,3.124659538269042969e+00,3.113705158233642578e+00,3.103880882263183594e+00,3.139501333236694336e+00,3.191017866134643555e+00,3.228777885437011719e+00,3.281629323959350586e+00,3.328026056289672852e+00,3.356421232223510742e+00,3.371098279953002930e+00,3.374305009841918945e+00,3.369124412536621094e+00,3.363224506378173828e+00,3.358473300933837891e+00,3.355065107345581055e+00,3.353016376495361328e+00,3.352776765823364258e+00,3.354871034622192383e+00,3.362279653549194336e+00,3.373952150344848633e+00,3.392023563385009766e+00,3.419620752334594727e+00,3.454439163208007812e+00,3.498035907745361328e+00,3.545743465423583984e+00,3.596273899078369141e+00,3.650990724563598633e+00,3.705075740814208984e+00,3.759403944015502930e+00,3.812333106994628906e+00,3.861543893814086914e+00,3.909201860427856445e+00,3.937553882598876953e+00,3.960239171981811523e+00,3.972943782806396484e+00,4.012168884277343750e+00,4.049819946289062500e+00,3.975288152694702148e+00,3.872491598129272461e+00,3.710366249084472656e+00,3.412793874740600586e+00,2.955700159072875977e+00,2.314739942550659180e+00,1.568053722381591797e+00,9.388484954833984375e-01,nan,nan,nan,nan,nan,nan,nan,nan,nan,nan,nan,nan,nan,nan,nan,nan,nan,nan,nan,nan,nan,nan,nan,nan,nan,nan,nan,nan,nan,nan,nan,nan,nan,nan,nan,nan,nan
3.444273948669433594e+00,3.442045211791992188e+00,3.439888000488281250e+00,3.439002037048339844e+00,3.438641548156738281e+00,3.438633441925048828e+00,3.439263582229614258e+00,3.439642190933227539e+00,3.438949108123779297e+00,3.437494993209838867e+00,3.436760425567626953e+00,3.437008142471313477e+00,3.437993288040161133e+00,3.439675331115722656e+00,3.440644502639770508e+00,3.439834833145141602e+00,3.439019441604614258e+00,3.440444707870483398e+00,3.443009853363037109e+00,3.446555852890014648e+00,3.450566053390502930e+00,3.454097032546997070e+00,3.456728696823120117e+00,3.459128379821777344e+00,3.464181661605834961e+00,3.473097085952758789e+00,3.480684041976928711e+00,3.485266208648681641e+00,3.490187883377075195e+00,3.494166135787963867e+00,3.498313426971435547e+00,3.502626419067382812e+00,3.508338212966918945e+00,3.515961647033691406e+00,3.522676229476928711e+00,3.527820587158203125e+00,3.535514116287231445e+00,3.540313720703125000e+00,3.537136554718017578e+00,3.529401540756225586e+00,3.523313283920288086e+00,3.519855260848999023e+00,3.513987302780151367e+00,3.507358312606811523e+00,3.498257637023925781e+00,3.487655639648437500e+00,3.479195594787597656e+00,3.472472667694091797e+00,3.464308261871337891e+00,3.457794666290283203e+00,3.447543859481811523e+00,3.433063983917236328e+00,3.413252353668212891e+00,3.392316341400146484e+00,3.380503177642822266e+00,3.372205734252929688e+00,3.364354133605957031e+00,3.363978862762451172e+00,3.369368553161621094e+00,3.385108947753906250e+00,3.400620937347412109e+00,3.400034189224243164e+00,3.394932508468627930e+00,3.372813224792480469e+00,3.349116563796997070e+00,3.324562788009643555e+00,3.295823097229003906e+00,3.284293889999389648e+00,3.280776262283325195e+00,3.263865470886230469e+00,3.238651752471923828e+00,3.203812599182128906e+00,3.181765556335449219e+00,3.171190023422241211e+00,3.159063100814819336e+00,3.150904178619384766e+00,3.157018899917602539e+00,3.170115709304809570e+00,3.171490669250488281e+00,3.177647113800048828e+00,3.182850837707519531e+00,3.231346845626831055e+00,3.270865440368652344e+00,3.318811416625976562e+00,3.367641687393188477e+00,3.399852275848388672e+00,3.411809206008911133e+00,3.411730766296386719e+00,3.405363559722900391e+00,3.398305416107177734e+00,3.390584707260131836e+00,3.385106325149536133e+00,3.380085945129394531e+00,3.377144098281860352e+00,3.375493526458740234e+00,3.379323482513427734e+00,3.390722513198852539e+00,3.406939268112182617e+00,3.431481599807739258e+00,3.466493129730224609e+00,3.510181665420532227e+00,3.562057018280029297e+00,3.616184473037719727e+00,3.672822713851928711e+00,3.734063386917114258e+00,3.790383338928222656e+00,3.838746547698974609e+00,3.881858825683593750e+00,3.923177003860473633e+00,3.956814527511596680e+00,3.975814342498779297e+00,3.982979774475097656e+00,3.988391160964965820e+00,4.027313232421875000e+00,4.044184207916259766e+00,3.980283737182617188e+00,3.886188030242919922e+00,3.777931213378906250e+00,3.561349630355834961e+00,3.208828449249267578e+00,2.682156324386596680e+00,2.021209001541137695e+00,1.316667556762695312e+00,7.206135988235473633e-01,nan,nan,nan,nan,nan,nan,nan,nan,nan,nan,nan,nan,nan,nan,nan,nan,nan,nan,nan,nan,nan,nan,nan,nan,nan,nan,nan,nan,nan,nan,nan,nan,nan,nan,nan,nan
3.446493864059448242e+00,3.445390224456787109e+00,3.445572853088378906e+00,3.446858406066894531e+00,3.448131561279296875e+00,3.449368000030517578e+00,3.450182676315307617e+00,3.449793338775634766e+00,3.448012828826904297e+00,3.445906400680541992e+00,3.445033788681030273e+00,3.444554328918457031e+00,3.444514751434326172e+00,3.445261240005493164e+00,3.445206403732299805e+00,3.443903446197509766e+00,3.443484067916870117e+00,3.445363998413085938e+00,3.448128223419189453e+00,3.451649904251098633e+00,3.455435037612915039e+00,3.459181308746337891e+00,3.462786197662353516e+00,3.467433691024780273e+00,3.475363492965698242e+00,3.484769582748413086e+00,3.489738941192626953e+00,3.491974353790283203e+00,3.494307041168212891e+00,3.497457027435302734e+00,3.501871585845947266e+00,3.506836414337158203e+00,3.511953830718994141e+00,3.517974376678466797e+00,3.522331714630126953e+00,3.526150226593017578e+00,3.532859325408935547e+00,3.531904458999633789e+00,3.523175001144409180e+00,3.516211748123168945e+00,3.511213064193725586e+00,3.505074024200439453e+00,3.499136209487915039e+00,3.493894338607788086e+00,3.486410379409790039e+00,3.480976819992065430e+00,3.478219270706176758e+00,3.475612878799438477e+00,3.468513727188110352e+00,3.458513259887695312e+00,3.446702718734741211e+00,3.431403160095214844e+00,3.416676521301269531e+00,3.400257587432861328e+00,3.392316102981567383e+00,3.374566078186035156e+00,3.360051393508911133e+00,3.367609262466430664e+00,3.370951414108276367e+00,3.379005432128906250e+00,3.372834920883178711e+00,3.351213455200195312e+00,3.322751998901367188e+00,3.290643453598022461e+00,3.267110347747802734e+00,3.250439882278442383e+00,3.233762741088867188e+00,3.225025653839111328e+00,3.222633600234985352e+00,3.217720508575439453e+00,3.206753492355346680e+00,3.195250749588012695e+00,3.192524909973144531e+00,3.187368392944335938e+00,3.184694290161132812e+00,3.191264629364013672e+00,3.206238031387329102e+00,3.223700523376464844e+00,3.241848707199096680e+00,3.249924182891845703e+00,3.265362977981567383e+00,3.307436943054199219e+00,3.350298404693603516e+00,3.412035465240478516e+00,3.441260814666748047e+00,3.444037199020385742e+00,3.442544460296630859e+00,3.433909177780151367e+00,3.423425674438476562e+00,3.417562961578369141e+00,3.412457466125488281e+00,3.407060623168945312e+00,3.401037216186523438e+00,3.397498369216918945e+00,3.397559642791748047e+00,3.406370639801025391e+00,3.425007343292236328e+00,3.449918031692504883e+00,3.485206604003906250e+00,3.530286312103271484e+00,3.584675788879394531e+00,3.645205020904541016e+00,3.705031633377075195e+00,3.764078378677368164e+00,3.826739072799682617e+00,3.876006364822387695e+00,3.914549112319946289e+00,3.943419933319091797e+00,3.971320152282714844e+00,3.990017175674438477e+00,3.996895551681518555e+00,3.993236541748046875e+00,3.994457721710205078e+00,4.012996673583984375e+00,4.008284568786621094e+00,3.965267419815063477e+00,3.892512321472167969e+00,3.801181793212890625e+00,3.645836830139160156e+00,3.384935617446899414e+00,2.966350555419921875e+00,2.395629644393920898e+00,1.704841017723083496e+00,1.064669728279113770e+00,4.934476017951965332e-01,nan,nan,nan,nan,nan,nan,nan,nan,nan,nan,nan,nan,nan,nan,nan,nan,nan,nan,nan,nan,nan,nan,nan,nan,nan,nan,nan,nan,nan,nan,nan,nan,nan,nan,nan
3.449716806411743164e+00,3.450774669647216797e+00,3.452966690063476562e+00,3.455281734466552734e+00,3.456790447235107422e+00,3.457285404205322266e+00,3.456411361694335938e+00,3.454019069671630859e+00,3.450728654861450195e+00,3.448109149932861328e+00,3.446578025817871094e+00,3.445055246353149414e+00,3.444694042205810547e+00,3.445241451263427734e+00,3.444667100906372070e+00,3.443566322326660156e+00,3.443889856338500977e+00,3.446149110794067383e+00,3.449620246887207031e+00,3.454221010208129883e+00,3.459312200546264648e+00,3.464715242385864258e+00,3.470267534255981445e+00,3.476881504058837891e+00,3.485714435577392578e+00,3.491499662399291992e+00,3.492770433425903320e+00,3.493309497833251953e+00,3.495463609695434570e+00,3.499663591384887695e+00,3.505113124847412109e+00,3.509699106216430664e+00,3.513312339782714844e+00,3.518131732940673828e+00,3.520663499832153320e+00,3.523515939712524414e+00,3.525553941726684570e+00,3.518117904663085938e+00,3.509580135345458984e+00,3.505558252334594727e+00,3.501594066619873047e+00,3.495915174484252930e+00,3.492616891860961914e+00,3.490604400634765625e+00,3.488559246063232422e+00,3.490218877792358398e+00,3.490835905075073242e+00,3.485027790069580078e+00,3.474169969558715820e+00,3.462351322174072266e+00,3.448945283889770508e+00,3.431532859802246094e+00,3.412677288055419922e+00,3.390923023223876953e+00,3.373923063278198242e+00,3.346091747283935547e+00,3.333096504211425781e+00,3.335479736328125000e+00,3.327708959579467773e+00,3.324013471603393555e+00,3.305678844451904297e+00,3.276406764984130859e+00,3.250758409500122070e+00,3.230948686599731445e+00,3.223579645156860352e+00,3.222675561904907227e+00,3.219125032424926758e+00,3.221092224121093750e+00,3.228689193725585938e+00,3.238452911376953125e+00,3.236123085021972656e+00,3.234306335449218750e+00,3.235042095184326172e+00,3.232516050338745117e+00,3.236697196960449219e+00,3.249507188796997070e+00,3.266973733901977539e+00,3.284631967544555664e+00,3.302423954010009766e+00,3.316020965576171875e+00,3.344638109207153320e+00,3.385937929153442383e+00,3.433637142181396484e+00,3.474493265151977539e+00,3.472552299499511719e+00,3.460595130920410156e+00,3.453372001647949219e+00,3.444952011108398438e+00,3.434617757797241211e+00,3.432135343551635742e+00,3.431396722793579102e+00,3.426492691040039062e+00,3.420240402221679688e+00,3.419600486755371094e+00,3.426654100418090820e+00,3.443564414978027344e+00,3.473481655120849609e+00,3.513197422027587891e+00,3.562155485153198242e+00,3.619488954544067383e+00,3.680999279022216797e+00,3.746540784835815430e+00,3.806494951248168945e+00,3.857333183288574219e+00,3.911011695861816406e+00,3.950484514236450195e+00,3.977420806884765625e+00,3.995784282684326172e+00,4.007173538208007812e+00,4.014602661132812500e+00,4.009543895721435547e+00,3.996305942535400391e+00,3.988490104675292969e+00,3.986541271209716797e+00,3.963210821151733398e+00,3.938973903656005859e+00,3.886255979537963867e+00,3.805104970932006836e+00,3.674900531768798828e+00,3.472934246063232422e+00,3.150394678115844727e+00,2.670142889022827148e+00,2.061127662658691406e+00,1.424040913581848145e+00,8.598901629447937012e-01,nan,nan,nan,nan,nan,nan,nan,nan,nan,nan,nan,nan,nan,nan,nan,nan,nan,nan,nan,nan,nan,nan,nan,nan,nan,nan,nan,nan,nan,nan,nan,nan,nan,nan,nan
3.453113794326782227e+00,3.455055236816406250e+00,3.457466840744018555e+00,3.458741664886474609e+00,3.458364963531494141e+00,3.456467390060424805e+00,3.453383922576904297e+00,3.449596881866455078e+00,3.445959091186523438e+00,3.443454742431640625e+00,3.441711425781250000e+00,3.440448045730590820e+00,3.440858364105224609e+00,3.441378116607666016e+00,3.440917253494262695e+00,3.440839052200317383e+00,3.442411899566650391e+00,3.446235895156860352e+00,3.452158927917480469e+00,3.458900451660156250e+00,3.465606451034545898e+00,3.472247600555419922e+00,3.478403806686401367e+00,3.484912872314453125e+00,3.490728855133056641e+00,3.491920709609985352e+00,3.492101907730102539e+00,3.493678569793701172e+00,3.497681617736816406e+00,3.503445386886596680e+00,3.508679389953613281e+00,3.511271953582763672e+00,3.513642072677612305e+00,3.517414808273315430e+00,3.518129825592041016e+00,3.518819808959960938e+00,3.515291452407836914e+00,3.508552074432373047e+00,3.505009412765502930e+00,3.503720045089721680e+00,3.500127077102661133e+00,3.495986461639404297e+00,3.495346546173095703e+00,3.496041536331176758e+00,3.499515533447265625e+00,3.500704050064086914e+00,3.495801925659179688e+00,3.479814767837524414e+00,3.464968681335449219e+00,3.452503919601440430e+00,3.434417009353637695e+00,3.410984039306640625e+00,3.383101224899291992e+00,3.356108188629150391e+00,3.331003189086914062e+00,3.306499958038330078e+00,3.300248861312866211e+00,3.292667150497436523e+00,3.285528182983398438e+00,3.283074140548706055e+00,3.266819477081298828e+00,3.247468948364257812e+00,3.238813877105712891e+00,3.235806941986083984e+00,3.241332054138183594e+00,3.245574951171875000e+00,3.247542142868041992e+00,3.258018255233764648e+00,3.270469665527343750e+00,3.279199838638305664e+00,3.276501893997192383e+00,3.273693799972534180e+00,3.273945093154907227e+00,3.275611877441406250e+00,3.285570144653320312e+00,3.301935434341430664e+00,3.319930553436279297e+00,3.338161706924438477e+00,3.358781576156616211e+00,3.378321170806884766e+00,3.416387796401977539e+00,3.451216459274291992e+00,3.482079029083251953e+00,3.485842227935791016e+00,3.473026752471923828e+00,3.464714765548706055e+00,3.457040786743164062e+00,3.450284481048583984e+00,3.445511341094970703e+00,3.448633432388305664e+00,3.450556516647338867e+00,3.447004556655883789e+00,3.444671154022216797e+00,3.453620672225952148e+00,3.474467992782592773e+00,3.506148815155029297e+00,3.547992706298828125e+00,3.604230403900146484e+00,3.666680574417114258e+00,3.731284379959106445e+00,3.794937133789062500e+00,3.857600212097167969e+00,3.910891532897949219e+00,3.953561782836914062e+00,3.986696958541870117e+00,4.017474651336669922e+00,4.037697315216064453e+00,4.047070026397705078e+00,4.046450614929199219e+00,4.036850452423095703e+00,4.016755104064941406e+00,3.990461349487304688e+00,3.974126577377319336e+00,3.951807498931884766e+00,3.903746604919433594e+00,3.906603813171386719e+00,3.855727195739746094e+00,3.761945247650146484e+00,3.644252538681030273e+00,3.486263275146484375e+00,3.255125284194946289e+00,2.871737003326416016e+00,2.353017568588256836e+00,1.779728889465332031e+00,1.203217029571533203e+00,7.022776007652282715e-01,nan,nan,nan,nan,nan,nan,nan,nan,nan,nan,nan,nan,nan,nan,nan,nan,nan,nan,nan,nan,nan,nan,nan,nan,nan,nan,nan,nan,nan,nan,nan,nan,nan,nan
3.455984115600585938e+00,3.457382440567016602e+00,3.458383321762084961e+00,3.457325935363769531e+00,3.454323053359985352e+00,3.450466156005859375e+00,3.446714878082275391e+00,3.443249464035034180e+00,3.440453290939331055e+00,3.438518762588500977e+00,3.437479496002197266e+00,3.437401533126831055e+00,3.438569545745849609e+00,3.439233303070068359e+00,3.439862251281738281e+00,3.441638708114624023e+00,3.445615530014038086e+00,3.452428102493286133e+00,3.460812330245971680e+00,3.468383550643920898e+00,3.474902391433715820e+00,3.480901002883911133e+00,3.485625267028808594e+00,3.489616870880126953e+00,3.491523265838623047e+00,3.492066144943237305e+00,3.494216680526733398e+00,3.498172283172607422e+00,3.503595352172851562e+00,3.508972883224487305e+00,3.511236190795898438e+00,3.511370658874511719e+00,3.513226747512817383e+00,3.515846967697143555e+00,3.515412569046020508e+00,3.514886856079101562e+00,3.512817382812500000e+00,3.510776996612548828e+00,3.510199308395385742e+00,3.508427858352661133e+00,3.503706693649291992e+00,3.500308275222778320e+00,3.501501321792602539e+00,3.502738952636718750e+00,3.502721309661865234e+00,3.494864702224731445e+00,3.479586601257324219e+00,3.459468841552734375e+00,3.444501161575317383e+00,3.427640914916992188e+00,3.402094364166259766e+00,3.373224735260009766e+00,3.342626094818115234e+00,3.315315961837768555e+00,3.290986537933349609e+00,3.276767492294311523e+00,3.276659488677978516e+00,3.276560068130493164e+00,3.280219554901123047e+00,3.282552480697631836e+00,3.272942781448364258e+00,3.268936634063720703e+00,3.271391153335571289e+00,3.275767803192138672e+00,3.281215906143188477e+00,3.284407854080200195e+00,3.288481950759887695e+00,3.298489332199096680e+00,3.307395219802856445e+00,3.309503793716430664e+00,3.305278539657592773e+00,3.305082321166992188e+00,3.308421134948730469e+00,3.315984725952148438e+00,3.332173824310302734e+00,3.351771593093872070e+00,3.371636390686035156e+00,3.392058134078979492e+00,3.413223743438720703e+00,3.432701349258422852e+00,3.463579177856445312e+00,3.482659816741943359e+00,3.484984874725341797e+00,3.476431846618652344e+00,3.471485614776611328e+00,3.467772006988525391e+00,3.463358402252197266e+00,3.463121652603149414e+00,3.466231822967529297e+00,3.472851276397705078e+00,3.476950883865356445e+00,3.477569341659545898e+00,3.493479967117309570e+00,3.520349025726318359e+00,3.558988332748413086e+00,3.605834722518920898e+00,3.658861875534057617e+00,3.725109815597534180e+00,3.792337417602539062e+00,3.854721069335937500e+00,3.913704395294189453e+00,3.967415094375610352e+00,4.010648727416992188e+00,4.043647766113281250e+00,4.063526153564453125e+00,4.084081172943115234e+00,4.095417022705078125e+00,4.091190338134765625e+00,4.075226783752441406e+00,4.045286178588867188e+00,4.008091449737548828e+00,3.970453500747680664e+00,3.941123008728027344e+00,3.889340400695800781e+00,3.833288431167602539e+00,3.821271896362304688e+00,3.778646230697631836e+00,3.695215940475463867e+00,3.614352703094482422e+00,3.504531145095825195e+00,3.346602201461791992e+00,3.037405729293823242e+00,2.594205617904663086e+00,2.079386949539184570e+00,1.552439212799072266e+00,1.033497929573059082e+00,5.720868110656738281e-01,nan,nan,nan,nan,nan,nan,nan,nan,nan,nan,nan,nan,nan,nan,nan,nan,nan,nan,nan,nan,nan,nan,nan,nan,nan,nan,nan,nan,nan,nan,nan,nan,nan
3.458580493927001953e+00,3.459017276763916016e+00,3.458352565765380859e+00,3.455893039703369141e+00,3.452010869979858398e+00,3.448233366012573242e+00,3.445657253265380859e+00,3.443635225296020508e+00,3.441938638687133789e+00,3.440946102142333984e+00,3.441278457641601562e+00,3.442696094512939453e+00,3.444616794586181641e+00,3.446093797683715820e+00,3.448350906372070312e+00,3.452228784561157227e+00,3.458428144454956055e+00,3.466770172119140625e+00,3.474864721298217773e+00,3.480843067169189453e+00,3.485529661178588867e+00,3.489885330200195312e+00,3.492405176162719727e+00,3.493625879287719727e+00,3.494643449783325195e+00,3.497062206268310547e+00,3.500678062438964844e+00,3.504573106765747070e+00,3.508490562438964844e+00,3.510398387908935547e+00,3.509115934371948242e+00,3.509008169174194336e+00,3.511855840682983398e+00,3.514689922332763672e+00,3.516108751296997070e+00,3.518464803695678711e+00,3.519903182983398438e+00,3.519467592239379883e+00,3.518243789672851562e+00,3.513372659683227539e+00,3.507711410522460938e+00,3.506639242172241211e+00,3.507919311523437500e+00,3.505218982696533203e+00,3.496654510498046875e+00,3.480800390243530273e+00,3.460415840148925781e+00,3.444890022277832031e+00,3.428349256515502930e+00,3.401538133621215820e+00,3.371727705001831055e+00,3.341684818267822266e+00,3.313392400741577148e+00,3.290694475173950195e+00,3.273647308349609375e+00,3.270227670669555664e+00,3.280727624893188477e+00,3.292699098587036133e+00,3.299453020095825195e+00,3.300431013107299805e+00,3.297754287719726562e+00,3.301824331283569336e+00,3.305114269256591797e+00,3.305855751037597656e+00,3.307831525802612305e+00,3.312994480133056641e+00,3.317845106124877930e+00,3.326402664184570312e+00,3.331725120544433594e+00,3.333200454711914062e+00,3.335576534271240234e+00,3.337544202804565430e+00,3.344351768493652344e+00,3.361251354217529297e+00,3.382708549499511719e+00,3.404006242752075195e+00,3.425528764724731445e+00,3.443464756011962891e+00,3.456116676330566406e+00,3.463336229324340820e+00,3.481056690216064453e+00,3.483855247497558594e+00,3.480289220809936523e+00,3.484572887420654297e+00,3.489061117172241211e+00,3.492403507232666016e+00,3.497312784194946289e+00,3.506460905075073242e+00,3.516410827636718750e+00,3.521350622177124023e+00,3.526842832565307617e+00,3.552601099014282227e+00,3.595419406890869141e+00,3.641637086868286133e+00,3.689073085784912109e+00,3.739670038223266602e+00,3.796314239501953125e+00,3.858547687530517578e+00,3.914422035217285156e+00,3.969177007675170898e+00,4.019236087799072266e+00,4.063029766082763672e+00,4.095698356628417969e+00,4.117410182952880859e+00,4.127325057983398438e+00,4.133485794067382812e+00,4.123486042022705078e+00,4.100528240203857422e+00,4.067009925842285156e+00,4.017735004425048828e+00,3.967510223388671875e+00,3.920056819915771484e+00,3.870289325714111328e+00,3.809655189514160156e+00,3.765401124954223633e+00,3.719637870788574219e+00,3.684978246688842773e+00,3.691777467727661133e+00,3.652670621871948242e+00,3.566822767257690430e+00,3.423774003982543945e+00,3.151159524917602539e+00,2.758865833282470703e+00,2.303102016448974609e+00,1.829200267791748047e+00,1.362894773483276367e+00,8.741004467010498047e-01,4.264699220657348633e-01,nan,nan,nan,nan,nan,nan,nan,nan,nan,nan,nan,nan,nan,nan,nan,nan,nan,nan,nan,nan,nan,nan,nan,nan,nan,nan,nan,nan,nan,nan,nan,nan
3.459927797317504883e+00,3.459893226623535156e+00,3.458735466003417969e+00,3.456474065780639648e+00,3.453747987747192383e+00,3.451788902282714844e+00,3.450929880142211914e+00,3.450241088867187500e+00,3.449630498886108398e+00,3.450169801712036133e+00,3.452316761016845703e+00,3.455188989639282227e+00,3.457733154296875000e+00,3.460090637207031250e+00,3.463681936264038086e+00,3.468775272369384766e+00,3.475446701049804688e+00,3.482704639434814453e+00,3.488348484039306641e+00,3.491890668869018555e+00,3.494907855987548828e+00,3.497406005859375000e+00,3.497726440429687500e+00,3.497662782669067383e+00,3.499261140823364258e+00,3.501991271972656250e+00,3.504250764846801758e+00,3.505591869354248047e+00,3.506592273712158203e+00,3.505522012710571289e+00,3.505367040634155273e+00,3.508688211441040039e+00,3.514628648757934570e+00,3.520969390869140625e+00,3.525723934173583984e+00,3.530123233795166016e+00,3.531945466995239258e+00,3.530075550079345703e+00,3.525245428085327148e+00,3.518124103546142578e+00,3.513618230819702148e+00,3.514734745025634766e+00,3.514260768890380859e+00,3.506899118423461914e+00,3.492908716201782227e+00,3.474010705947875977e+00,3.452044963836669922e+00,3.435876131057739258e+00,3.412915706634521484e+00,3.378867387771606445e+00,3.348227024078369141e+00,3.321157217025756836e+00,3.297689914703369141e+00,3.283671855926513672e+00,3.278296709060668945e+00,3.286989212036132812e+00,3.303030729293823242e+00,3.317029476165771484e+00,3.320188522338867188e+00,3.316550493240356445e+00,3.318350315093994141e+00,3.320873022079467773e+00,3.319628477096557617e+00,3.318586826324462891e+00,3.325395822525024414e+00,3.336914539337158203e+00,3.345365762710571289e+00,3.354310512542724609e+00,3.361527442932128906e+00,3.364152193069458008e+00,3.367178201675415039e+00,3.370713949203491211e+00,3.385244369506835938e+00,3.410339593887329102e+00,3.434022903442382812e+00,3.451074838638305664e+00,3.466355800628662109e+00,3.477465867996215820e+00,3.480112075805664062e+00,3.482032775878906250e+00,3.492366790771484375e+00,3.496100664138793945e+00,3.509423255920410156e+00,3.535593271255493164e+00,3.551565885543823242e+00,3.561683177947998047e+00,3.576784610748291016e+00,3.594092607498168945e+00,3.611263990402221680e+00,3.623769998550415039e+00,3.648576736450195312e+00,3.699160337448120117e+00,3.751671314239501953e+00,3.797876834869384766e+00,3.831074953079223633e+00,3.872129678726196289e+00,3.920320510864257812e+00,3.968430280685424805e+00,4.013506412506103516e+00,4.059637069702148438e+00,4.100257873535156250e+00,4.132579326629638672e+00,4.152235031127929688e+00,4.159118652343750000e+00,4.152421951293945312e+00,4.135084152221679688e+00,4.106258869171142578e+00,4.066504001617431641e+00,4.015635967254638672e+00,3.954761028289794922e+00,3.897772073745727539e+00,3.837318897247314453e+00,3.776293039321899414e+00,3.723725080490112305e+00,3.684432983398437500e+00,3.642847537994384766e+00,3.637367248535156250e+00,3.680469989776611328e+00,3.650506019592285156e+00,3.570690155029296875e+00,3.431313276290893555e+00,3.197617530822753906e+00,2.870894432067871094e+00,2.480367898941040039e+00,2.058426380157470703e+00,1.630512237548828125e+00,1.195794820785522461e+00,7.553276419639587402e-01,nan,nan,nan,nan,nan,nan,nan,nan,nan,nan,nan,nan,nan,nan,nan,nan,nan,nan,nan,nan,nan,nan,nan,nan,nan,nan,nan,nan,nan,nan,nan,nan
3.461168766021728516e+00,3.460767745971679688e+00,3.459601163864135742e+00,3.458014488220214844e+00,3.456731557846069336e+00,3.456232070922851562e+00,3.456262111663818359e+00,3.456376552581787109e+00,3.457030773162841797e+00,3.459130287170410156e+00,3.462347030639648438e+00,3.465420484542846680e+00,3.467764854431152344e+00,3.470785856246948242e+00,3.475288391113281250e+00,3.480853080749511719e+00,3.486891031265258789e+00,3.492196798324584961e+00,3.496117115020751953e+00,3.498662233352661133e+00,3.500881195068359375e+00,3.501982212066650391e+00,3.501477956771850586e+00,3.502014160156250000e+00,3.504256010055541992e+00,3.506703376770019531e+00,3.507152318954467773e+00,3.507318258285522461e+00,3.507959127426147461e+00,3.509481906890869141e+00,3.514790773391723633e+00,3.521700620651245117e+00,3.530466556549072266e+00,3.538294315338134766e+00,3.542344808578491211e+00,3.544060945510864258e+00,3.540693521499633789e+00,3.533307313919067383e+00,3.524343729019165039e+00,3.516299962997436523e+00,3.513504743576049805e+00,3.514953136444091797e+00,3.510400056838989258e+00,3.496802091598510742e+00,3.477622509002685547e+00,3.454761743545532227e+00,3.430494546890258789e+00,3.407372951507568359e+00,3.375796079635620117e+00,3.345226764678955078e+00,3.320532321929931641e+00,3.300925970077514648e+00,3.288277149200439453e+00,3.288516759872436523e+00,3.295637369155883789e+00,3.310891628265380859e+00,3.324902296066284180e+00,3.332383632659912109e+00,3.330334663391113281e+00,3.328798294067382812e+00,3.330462455749511719e+00,3.330163240432739258e+00,3.331007242202758789e+00,3.341234922409057617e+00,3.356767416000366211e+00,3.371508121490478516e+00,3.380937814712524414e+00,3.392478704452514648e+00,3.396693229675292969e+00,3.393566846847534180e+00,3.392947435379028320e+00,3.408747673034667969e+00,3.436498165130615234e+00,3.464323282241821289e+00,3.480311632156372070e+00,3.489232063293457031e+00,3.498287439346313477e+00,3.502413034439086914e+00,3.501721620559692383e+00,3.507422924041748047e+00,3.529165029525756836e+00,3.558240175247192383e+00,3.591486930847167969e+00,3.626860380172729492e+00,3.647518396377563477e+00,3.667044639587402344e+00,3.688482284545898438e+00,3.711762666702270508e+00,3.737821102142333984e+00,3.779574871063232422e+00,3.816620111465454102e+00,3.854021787643432617e+00,3.881851911544799805e+00,3.886077880859375000e+00,3.908995628356933594e+00,3.949144363403320312e+00,3.997108697891235352e+00,4.041086196899414062e+00,4.080403327941894531e+00,4.116917610168457031e+00,4.147071361541748047e+00,4.165880203247070312e+00,4.171010494232177734e+00,4.161489963531494141e+00,4.137956619262695312e+00,4.103901863098144531e+00,4.058750152587890625e+00,4.004740715026855469e+00,3.943574905395507812e+00,3.876724481582641602e+00,3.811713218688964844e+00,3.738782405853271484e+00,3.676463127136230469e+00,3.628113746643066406e+00,3.597550392150878906e+00,3.567005157470703125e+00,3.567453145980834961e+00,3.586438655853271484e+00,3.587901353836059570e+00,3.529091835021972656e+00,3.423641443252563477e+00,3.234032154083251953e+00,2.956881046295166016e+00,2.614308595657348633e+00,2.231109857559204102e+00,1.824821591377258301e+00,1.364119172096252441e+00,8.835505843162536621e-01,nan,nan,nan,nan,nan,nan,nan,nan,nan,nan,nan,nan,nan,nan,nan,nan,nan,nan,nan,nan,nan,nan,nan,nan,nan,nan,nan,nan,nan,nan,nan,nan
3.462306499481201172e+00,3.461647748947143555e+00,3.460653305053710938e+00,3.459799766540527344e+00,3.459404945373535156e+00,3.459517478942871094e+00,3.460193872451782227e+00,3.461222648620605469e+00,3.462747335433959961e+00,3.465207099914550781e+00,3.468143463134765625e+00,3.470555543899536133e+00,3.473066806793212891e+00,3.477313995361328125e+00,3.482684612274169922e+00,3.488460779190063477e+00,3.493800163269042969e+00,3.498325109481811523e+00,3.502006053924560547e+00,3.504359483718872070e+00,3.506148576736450195e+00,3.507003545761108398e+00,3.507365942001342773e+00,3.509624958038330078e+00,3.513257980346679688e+00,3.515947341918945312e+00,3.517017602920532227e+00,3.519269943237304688e+00,3.523458003997802734e+00,3.529844045639038086e+00,3.537500858306884766e+00,3.543760061264038086e+00,3.550819635391235352e+00,3.554194688796997070e+00,3.550189495086669922e+00,3.542219161987304688e+00,3.530646562576293945e+00,3.518545389175415039e+00,3.507950305938720703e+00,3.500868320465087891e+00,3.499092340469360352e+00,3.496384620666503906e+00,3.482571601867675781e+00,3.460714817047119141e+00,3.436391830444335938e+00,3.410374402999877930e+00,3.384703874588012695e+00,3.357540369033813477e+00,3.333085298538208008e+00,3.317587852478027344e+00,3.303442001342773438e+00,3.292681217193603516e+00,3.293238639831542969e+00,3.303486585617065430e+00,3.317265987396240234e+00,3.329594373703002930e+00,3.337933540344238281e+00,3.340033292770385742e+00,3.339200973510742188e+00,3.340467691421508789e+00,3.343196630477905273e+00,3.349583387374877930e+00,3.360086679458618164e+00,3.379982948303222656e+00,3.401545763015747070e+00,3.412073612213134766e+00,3.419039487838745117e+00,3.427444696426391602e+00,3.423547983169555664e+00,3.420921802520751953e+00,3.430698394775390625e+00,3.463951110839843750e+00,3.502938985824584961e+00,3.519742727279663086e+00,3.525899410247802734e+00,3.527947425842285156e+00,3.534888505935668945e+00,3.539724111557006836e+00,3.546278476715087891e+00,3.568370580673217773e+00,3.608857870101928711e+00,3.656893491744995117e+00,3.706646919250488281e+00,3.746553182601928711e+00,3.775141716003417969e+00,3.800224065780639648e+00,3.824026346206665039e+00,3.841809511184692383e+00,3.859382390975952148e+00,3.887403488159179688e+00,3.906506776809692383e+00,3.902092218399047852e+00,3.889153003692626953e+00,3.884671688079833984e+00,3.928811311721801758e+00,3.986400127410888672e+00,4.038521289825439453e+00,4.077227115631103516e+00,4.108912467956542969e+00,4.136216640472412109e+00,4.155521869659423828e+00,4.162351131439208984e+00,4.153805732727050781e+00,4.129727363586425781e+00,4.091394424438476562e+00,4.042087554931640625e+00,3.984055995941162109e+00,3.918795108795166016e+00,3.849785327911376953e+00,3.779351472854614258e+00,3.702193498611450195e+00,3.627388715744018555e+00,3.571227073669433594e+00,3.531377553939819336e+00,3.506243705749511719e+00,3.479077100753784180e+00,3.470368146896362305e+00,3.483757495880126953e+00,3.509804010391235352e+00,3.509640693664550781e+00,3.437827348709106445e+00,3.285053014755249023e+00,3.049716711044311523e+00,2.748103380203247070e+00,2.397247791290283203e+00,2.011109590530395508e+00,1.568508863449096680e+00,1.049215078353881836e+00,nan,nan,nan,nan,nan,nan,nan,nan,nan,nan,nan,nan,nan,nan,nan,nan,nan,nan,nan,nan,nan,nan,nan,nan,nan,nan,nan,nan,nan,nan,nan,nan
3.463523864746093750e+00,3.462956190109252930e+00,3.462537050247192383e+00,3.462465047836303711e+00,3.462766647338867188e+00,3.463566064834594727e+00,3.464848279953002930e+00,3.466242313385009766e+00,3.467783451080322266e+00,3.469839334487915039e+00,3.472271442413330078e+00,3.474704504013061523e+00,3.478289127349853516e+00,3.483458757400512695e+00,3.488846063613891602e+00,3.494138479232788086e+00,3.498604297637939453e+00,3.502401113510131836e+00,3.505335807800292969e+00,3.507012605667114258e+00,3.508352041244506836e+00,3.509596586227416992e+00,3.511575460433959961e+00,3.515171051025390625e+00,3.519434690475463867e+00,3.522451639175415039e+00,3.525522232055664062e+00,3.530826330184936523e+00,3.537438392639160156e+00,3.544454574584960938e+00,3.550283908843994141e+00,3.553009033203125000e+00,3.554425239562988281e+00,3.546894311904907227e+00,3.533701658248901367e+00,3.520866155624389648e+00,3.508598566055297852e+00,3.499122858047485352e+00,3.491723775863647461e+00,3.487611055374145508e+00,3.484929084777832031e+00,3.472951412200927734e+00,3.451072454452514648e+00,3.426473617553710938e+00,3.402832746505737305e+00,3.379511833190917969e+00,3.359169244766235352e+00,3.341563224792480469e+00,3.327016353607177734e+00,3.318600416183471680e+00,3.309946537017822266e+00,3.309038162231445312e+00,3.316917181015014648e+00,3.328794002532958984e+00,3.340519189834594727e+00,3.346874713897705078e+00,3.350045680999755859e+00,3.351658344268798828e+00,3.354064702987670898e+00,3.360830545425415039e+00,3.374044418334960938e+00,3.393078804016113281e+00,3.411332130432128906e+00,3.431764364242553711e+00,3.442864656448364258e+00,3.448286056518554688e+00,3.453840017318725586e+00,3.459328413009643555e+00,3.458602428436279297e+00,3.475240707397460938e+00,3.501405477523803711e+00,3.539129495620727539e+00,3.555183887481689453e+00,3.557792186737060547e+00,3.561136245727539062e+00,3.565684556961059570e+00,3.576254844665527344e+00,3.588816165924072266e+00,3.617052555084228516e+00,3.662844181060791016e+00,3.720990180969238281e+00,3.782200098037719727e+00,3.843622922897338867e+00,3.883070230484008789e+00,3.914722919464111328e+00,3.935164213180541992e+00,3.943026065826416016e+00,3.925377845764160156e+00,3.919617891311645508e+00,3.905298709869384766e+00,3.902988195419311523e+00,3.884139299392700195e+00,3.871587753295898438e+00,3.906945466995239258e+00,3.972738265991210938e+00,4.019352912902832031e+00,4.061868190765380859e+00,4.091917514801025391e+00,4.121825218200683594e+00,4.142179965972900391e+00,4.150769710540771484e+00,4.143600463867187500e+00,4.119678020477294922e+00,4.079931259155273438e+00,4.026968955993652344e+00,3.965001821517944336e+00,3.896366596221923828e+00,3.823359251022338867e+00,3.748816967010498047e+00,3.673598289489746094e+00,3.595705270767211914e+00,3.529765367507934570e+00,3.479293107986450195e+00,3.439099550247192383e+00,3.417394876480102539e+00,3.398346185684204102e+00,3.405839681625366211e+00,3.425417900085449219e+00,3.456804275512695312e+00,3.492984533309936523e+00,3.462107896804809570e+00,3.352998971939086914e+00,3.154730319976806641e+00,2.886446237564086914e+00,2.565552949905395508e+00,2.208796501159667969e+00,1.801578164100646973e+00,1.338231444358825684e+00,8.157652616500854492e-01,nan,nan,nan,nan,nan,nan,nan,nan,nan,nan,nan,nan,nan,nan,nan,nan,nan,nan,nan,nan,nan,nan,nan,nan,nan,nan,nan,nan,nan,nan,nan
3.465786695480346680e+00,3.465651988983154297e+00,3.465848445892333984e+00,3.466273784637451172e+00,3.466897726058959961e+00,3.467812061309814453e+00,3.468785047531127930e+00,3.469665527343750000e+00,3.470782995223999023e+00,3.472510814666748047e+00,3.474849462509155273e+00,3.477615833282470703e+00,3.481586217880249023e+00,3.486225128173828125e+00,3.490656137466430664e+00,3.494806289672851562e+00,3.497931241989135742e+00,3.500547409057617188e+00,3.502564668655395508e+00,3.503871917724609375e+00,3.505390882492065430e+00,3.507627010345458984e+00,3.510692358016967773e+00,3.514586687088012695e+00,3.518675327301025391e+00,3.522035598754882812e+00,3.526256561279296875e+00,3.531365156173706055e+00,3.536454200744628906e+00,3.541020154953002930e+00,3.542177677154541016e+00,3.539683580398559570e+00,3.534021615982055664e+00,3.521890878677368164e+00,3.510975122451782227e+00,3.503074407577514648e+00,3.497175455093383789e+00,3.493232965469360352e+00,3.489724397659301758e+00,3.486414670944213867e+00,3.478121519088745117e+00,3.459234714508056641e+00,3.436904191970825195e+00,3.415384292602539062e+00,3.396047830581665039e+00,3.377298831939697266e+00,3.361179828643798828e+00,3.348853588104248047e+00,3.339359045028686523e+00,3.332016468048095703e+00,3.328510284423828125e+00,3.331884622573852539e+00,3.340325355529785156e+00,3.349731683731079102e+00,3.355743885040283203e+00,3.358855485916137695e+00,3.365004062652587891e+00,3.373000621795654297e+00,3.383764028549194336e+00,3.402395963668823242e+00,3.429381132125854492e+00,3.451769351959228516e+00,3.466711282730102539e+00,3.475194692611694336e+00,3.480047702789306641e+00,3.488317489624023438e+00,3.494757175445556641e+00,3.500049591064453125e+00,3.511902093887329102e+00,3.535165309906005859e+00,3.561405420303344727e+00,3.577273845672607422e+00,3.575522661209106445e+00,3.576850414276123047e+00,3.585735797882080078e+00,3.603760242462158203e+00,3.623307228088378906e+00,3.651901245117187500e+00,3.709663867950439453e+00,3.770493030548095703e+00,3.830759763717651367e+00,3.890161514282226562e+00,3.932636022567749023e+00,3.948868989944458008e+00,3.950505971908569336e+00,3.941992044448852539e+00,3.903980970382690430e+00,3.860463857650756836e+00,3.828514575958251953e+00,3.806373834609985352e+00,3.801315784454345703e+00,3.810052871704101562e+00,3.837087631225585938e+00,3.909080982208251953e+00,3.966225624084472656e+00,4.006328105926513672e+00,4.043200492858886719e+00,4.076173305511474609e+00,4.104622840881347656e+00,4.117849349975585938e+00,4.114507675170898438e+00,4.092460632324218750e+00,4.052943229675292969e+00,3.998305559158325195e+00,3.932594299316406250e+00,3.859981775283813477e+00,3.783408880233764648e+00,3.705121517181396484e+00,3.627655982971191406e+00,3.552343606948852539e+00,3.483707427978515625e+00,3.425848007202148438e+00,3.379363059997558594e+00,3.347201585769653320e+00,3.328501939773559570e+00,3.329488039016723633e+00,3.346222639083862305e+00,3.369186162948608398e+00,3.416702032089233398e+00,3.469916820526123047e+00,3.478645563125610352e+00,3.408905506134033203e+00,3.248581409454345703e+00,3.013697624206542969e+00,2.724714756011962891e+00,2.400866746902465820e+00,2.044571161270141602e+00,1.635271430015563965e+00,1.118327021598815918e+00,6.595870256423950195e-01,nan,nan,nan,nan,nan,nan,nan,nan,nan,nan,nan,nan,nan,nan,nan,nan,nan,nan,nan,nan,nan,nan,nan,nan,nan,nan,nan,nan,nan,nan
3.468352079391479492e+00,3.468835592269897461e+00,3.469496011734008789e+00,3.470068693161010742e+00,3.470613956451416016e+00,3.470999002456665039e+00,3.471231698989868164e+00,3.471527814865112305e+00,3.472431659698486328e+00,3.474284172058105469e+00,3.476898431777954102e+00,3.479963779449462891e+00,3.483843088150024414e+00,3.487814903259277344e+00,3.491655588150024414e+00,3.494916200637817383e+00,3.497204780578613281e+00,3.499442338943481445e+00,3.501519918441772461e+00,3.503337621688842773e+00,3.505701303482055664e+00,3.508822917938232422e+00,3.512392520904541016e+00,3.516382932662963867e+00,3.520287513732910156e+00,3.523694992065429688e+00,3.527090072631835938e+00,3.530083179473876953e+00,3.532635211944580078e+00,3.533635854721069336e+00,3.529764652252197266e+00,3.524110317230224609e+00,3.516646385192871094e+00,3.509015560150146484e+00,3.504948139190673828e+00,3.502250194549560547e+00,3.500153779983520508e+00,3.497553110122680664e+00,3.493117809295654297e+00,3.485247611999511719e+00,3.470675706863403320e+00,3.451237916946411133e+00,3.431701183319091797e+00,3.413267374038696289e+00,3.395629644393920898e+00,3.378321170806884766e+00,3.364627838134765625e+00,3.355794668197631836e+00,3.350116729736328125e+00,3.345128059387207031e+00,3.344839572906494141e+00,3.348839521408081055e+00,3.355898857116699219e+00,3.363043308258056641e+00,3.369575500488281250e+00,3.380031347274780273e+00,3.394979715347290039e+00,3.412563085556030273e+00,3.433996677398681641e+00,3.465967655181884766e+00,3.493305444717407227e+00,3.506540060043334961e+00,3.510006189346313477e+00,3.510079622268676758e+00,3.518340110778808594e+00,3.528162240982055664e+00,3.532702207565307617e+00,3.539106369018554688e+00,3.554361820220947266e+00,3.577099800109863281e+00,3.593027353286743164e+00,3.599008083343505859e+00,3.597002744674682617e+00,3.605177879333496094e+00,3.625386238098144531e+00,3.658832073211669922e+00,3.693193912506103516e+00,3.748233795166015625e+00,3.815598249435424805e+00,3.873971939086914062e+00,3.918861389160156250e+00,3.944386243820190430e+00,3.944306850433349609e+00,3.919158935546875000e+00,3.882613182067871094e+00,3.839362382888793945e+00,3.786935806274414062e+00,3.751323223114013672e+00,3.728631496429443359e+00,3.730981349945068359e+00,3.744682550430297852e+00,3.784084796905517578e+00,3.845685482025146484e+00,3.932856559753417969e+00,3.978335618972778320e+00,4.008282661437988281e+00,4.040928840637207031e+00,4.070669174194335938e+00,4.091004848480224609e+00,4.091488361358642578e+00,4.072426795959472656e+00,4.032535552978515625e+00,3.975826740264892578e+00,3.906760454177856445e+00,3.828877925872802734e+00,3.747220993041992188e+00,3.664578914642333984e+00,3.583809137344360352e+00,3.508216142654418945e+00,3.437595605850219727e+00,3.377780437469482422e+00,3.328318357467651367e+00,3.291122913360595703e+00,3.268476486206054688e+00,3.259467601776123047e+00,3.268527507781982422e+00,3.296014070510864258e+00,3.333464622497558594e+00,3.395937919616699219e+00,3.441060304641723633e+00,3.470711946487426758e+00,3.435355663299560547e+00,3.312911748886108398e+00,3.113524198532104492e+00,2.861107587814331055e+00,2.577636003494262695e+00,2.284685373306274414e+00,1.951735973358154297e+00,1.530662298202514648e+00,1.058258056640625000e+00,5.468366146087646484e-01,nan,nan,nan,nan,nan,nan,nan,nan,nan,nan,nan,nan,nan,nan,nan,nan,nan,nan,nan,nan,nan,nan,nan,nan,nan,nan,nan,nan,nan
3.470968484878540039e+00,3.471733808517456055e+00,3.472419977188110352e+00,3.472786664962768555e+00,3.472823858261108398e+00,3.472481250762939453e+00,3.472255706787109375e+00,3.472561597824096680e+00,3.473912239074707031e+00,3.476420164108276367e+00,3.479677677154541016e+00,3.483411788940429688e+00,3.487566232681274414e+00,3.491628408432006836e+00,3.495486736297607422e+00,3.498520851135253906e+00,3.501078605651855469e+00,3.503900766372680664e+00,3.506612062454223633e+00,3.509235143661499023e+00,3.512398958206176758e+00,3.515974044799804688e+00,3.519655466079711914e+00,3.523351907730102539e+00,3.526605367660522461e+00,3.528995513916015625e+00,3.530559778213500977e+00,3.531510353088378906e+00,3.531725645065307617e+00,3.529388904571533203e+00,3.523784637451171875e+00,3.519122123718261719e+00,3.514707088470458984e+00,3.512241601943969727e+00,3.510820627212524414e+00,3.508055210113525391e+00,3.504493236541748047e+00,3.498491764068603516e+00,3.489134788513183594e+00,3.475473880767822266e+00,3.458768367767333984e+00,3.441108942031860352e+00,3.422795534133911133e+00,3.405077695846557617e+00,3.387508869171142578e+00,3.373266935348510742e+00,3.364454269409179688e+00,3.361387968063354492e+00,3.359620571136474609e+00,3.357699632644653320e+00,3.360127687454223633e+00,3.366127252578735352e+00,3.373936414718627930e+00,3.384948015213012695e+00,3.398540258407592773e+00,3.418709516525268555e+00,3.441928625106811523e+00,3.466238021850585938e+00,3.494912385940551758e+00,3.527901887893676758e+00,3.538345575332641602e+00,3.535480976104736328e+00,3.529193162918090820e+00,3.531162023544311523e+00,3.544267654418945312e+00,3.551522016525268555e+00,3.556155920028686523e+00,3.568333148956298828e+00,3.587598085403442383e+00,3.609015703201293945e+00,3.615938663482666016e+00,3.625196695327758789e+00,3.634059429168701172e+00,3.649344921112060547e+00,3.679959297180175781e+00,3.725187540054321289e+00,3.775711297988891602e+00,3.835934877395629883e+00,3.878910779953002930e+00,3.911811113357543945e+00,3.928932189941406250e+00,3.910084486007690430e+00,3.877022981643676758e+00,3.818436861038208008e+00,3.768692493438720703e+00,3.727962017059326172e+00,3.707793235778808594e+00,3.698915719985961914e+00,3.717195749282836914e+00,3.741631269454956055e+00,3.774108409881591797e+00,3.836152076721191406e+00,3.911854505538940430e+00,3.988270998001098633e+00,4.005269050598144531e+00,4.020742416381835938e+00,4.050107002258300781e+00,4.071374893188476562e+00,4.077250957489013672e+00,4.060420989990234375e+00,4.021814823150634766e+00,3.962187767028808594e+00,3.888626337051391602e+00,3.805447340011596680e+00,3.717983722686767578e+00,3.630100250244140625e+00,3.545312404632568359e+00,3.466758966445922852e+00,3.396953582763671875e+00,3.335996150970458984e+00,3.286311864852905273e+00,3.247366428375244141e+00,3.221445560455322266e+00,3.210341691970825195e+00,3.212651968002319336e+00,3.225649118423461914e+00,3.260966777801513672e+00,3.317232370376586914e+00,3.366674423217773438e+00,3.396656274795532227e+00,3.443265438079833984e+00,3.436017513275146484e+00,3.349817752838134766e+00,3.186833858489990234e+00,2.968957901000976562e+00,2.724290847778320312e+00,2.480809688568115234e+00,2.223843097686767578e+00,1.944583892822265625e+00,1.581369876861572266e+00,1.061687469482421875e+00,nan,nan,nan,nan,nan,nan,nan,nan,nan,nan,nan,nan,nan,nan,nan,nan,nan,nan,nan,nan,nan,nan,nan,nan,nan,nan,nan,nan,nan
3.473551511764526367e+00,3.474294900894165039e+00,3.474654912948608398e+00,3.474529743194580078e+00,3.473840475082397461e+00,3.473060131072998047e+00,3.472960710525512695e+00,3.473945617675781250e+00,3.476283788681030273e+00,3.479708194732666016e+00,3.483805179595947266e+00,3.488305330276489258e+00,3.492923736572265625e+00,3.497358560562133789e+00,3.501352787017822266e+00,3.504711627960205078e+00,3.507944107055664062e+00,3.511217594146728516e+00,3.514275312423706055e+00,3.517326831817626953e+00,3.520570516586303711e+00,3.523809909820556641e+00,3.526911497116088867e+00,3.529561519622802734e+00,3.531169652938842773e+00,3.531693935394287109e+00,3.531337738037109375e+00,3.530674934387207031e+00,3.529379367828369141e+00,3.526002168655395508e+00,3.522595643997192383e+00,3.520669221878051758e+00,3.518559932708740234e+00,3.516813516616821289e+00,3.513289451599121094e+00,3.507217884063720703e+00,3.499393701553344727e+00,3.488362073898315430e+00,3.474472999572753906e+00,3.458842277526855469e+00,3.443152904510498047e+00,3.426223278045654297e+00,3.409019708633422852e+00,3.392645359039306641e+00,3.379260301589965820e+00,3.371871709823608398e+00,3.369404077529907227e+00,3.370955467224121094e+00,3.371174335479736328e+00,3.372557401657104492e+00,3.379546165466308594e+00,3.389838695526123047e+00,3.402822732925415039e+00,3.421089172363281250e+00,3.442010641098022461e+00,3.467915534973144531e+00,3.495224475860595703e+00,3.519826412200927734e+00,3.547137260437011719e+00,3.562570095062255859e+00,3.553510427474975586e+00,3.541534662246704102e+00,3.536561250686645508e+00,3.547641038894653320e+00,3.563545942306518555e+00,3.570957183837890625e+00,3.582406282424926758e+00,3.603588819503784180e+00,3.627448797225952148e+00,3.643113851547241211e+00,3.651008844375610352e+00,3.668611526489257812e+00,3.682954788208007812e+00,3.702432155609130859e+00,3.734554767608642578e+00,3.778692960739135742e+00,3.824748754501342773e+00,3.857161521911621094e+00,3.866245746612548828e+00,3.865769624710083008e+00,3.857503890991210938e+00,3.824977874755859375e+00,3.776043176651000977e+00,3.725541830062866211e+00,3.702464818954467773e+00,3.694409132003784180e+00,3.705221652984619141e+00,3.731291294097900391e+00,3.772717714309692383e+00,3.806717872619628906e+00,3.846732139587402344e+00,3.913828611373901367e+00,3.985206842422485352e+00,4.022719860076904297e+00,4.017024517059326172e+00,4.034842014312744141e+00,4.061164855957031250e+00,4.065649032592773438e+00,4.048376560211181641e+00,4.010086059570312500e+00,3.952322006225585938e+00,3.874127626419067383e+00,3.784354448318481445e+00,3.689655542373657227e+00,3.596192359924316406e+00,3.507369518280029297e+00,3.426143646240234375e+00,3.355226516723632812e+00,3.296245574951171875e+00,3.247398138046264648e+00,3.209306001663208008e+00,3.182425260543823242e+00,3.168525218963623047e+00,3.168405294418334961e+00,3.178505182266235352e+00,3.200471401214599609e+00,3.240620851516723633e+00,3.296503782272338867e+00,3.328651666641235352e+00,3.351994037628173828e+00,3.406260251998901367e+00,3.423701763153076172e+00,3.372675418853759766e+00,3.243578910827636719e+00,3.056906223297119141e+00,2.842379570007324219e+00,2.633461475372314453e+00,2.433057069778442383e+00,2.240203619003295898e+00,1.993572592735290527e+00,1.554320573806762695e+00,1.012277126312255859e+00,nan,nan,nan,nan,nan,nan,nan,nan,nan,nan,nan,nan,nan,nan,nan,nan,nan,nan,nan,nan,nan,nan,nan,nan,nan,nan,nan,nan
3.476278543472290039e+00,3.476792573928833008e+00,3.476611852645874023e+00,3.475812196731567383e+00,3.474634647369384766e+00,3.474047660827636719e+00,3.474703550338745117e+00,3.476794719696044922e+00,3.480261802673339844e+00,3.484571218490600586e+00,3.489342212677001953e+00,3.494240045547485352e+00,3.498940944671630859e+00,3.503310441970825195e+00,3.507138252258300781e+00,3.510468244552612305e+00,3.513608932495117188e+00,3.516513586044311523e+00,3.519256830215454102e+00,3.521809339523315430e+00,3.524127244949340820e+00,3.526292324066162109e+00,3.528042316436767578e+00,3.528846502304077148e+00,3.528630018234252930e+00,3.527606964111328125e+00,3.526191234588623047e+00,3.525105953216552734e+00,3.523538112640380859e+00,3.521335124969482422e+00,3.520168304443359375e+00,3.518355369567871094e+00,3.514955282211303711e+00,3.510872364044189453e+00,3.503499507904052734e+00,3.493659496307373047e+00,3.482055425643920898e+00,3.468458890914916992e+00,3.453703641891479492e+00,3.439742565155029297e+00,3.425653934478759766e+00,3.409620046615600586e+00,3.395273208618164062e+00,3.383354663848876953e+00,3.377363443374633789e+00,3.375618457794189453e+00,3.377079010009765625e+00,3.380100965499877930e+00,3.382839679718017578e+00,3.391379356384277344e+00,3.404594898223876953e+00,3.419777393341064453e+00,3.439085721969604492e+00,3.462864875793457031e+00,3.488094568252563477e+00,3.515303611755371094e+00,3.540800809860229492e+00,3.562895059585571289e+00,3.578906774520874023e+00,3.574121713638305664e+00,3.558813571929931641e+00,3.550459861755371094e+00,3.557413816452026367e+00,3.575092554092407227e+00,3.591145992279052734e+00,3.600865125656127930e+00,3.618449449539184570e+00,3.645915985107421875e+00,3.666020870208740234e+00,3.675814628601074219e+00,3.686820507049560547e+00,3.702157258987426758e+00,3.708985090255737305e+00,3.734037399291992188e+00,3.764152288436889648e+00,3.793153285980224609e+00,3.821001529693603516e+00,3.830457925796508789e+00,3.823266506195068359e+00,3.813452005386352539e+00,3.797906160354614258e+00,3.778157472610473633e+00,3.741179227828979492e+00,3.727310657501220703e+00,3.734717845916748047e+00,3.750651597976684570e+00,3.773530960083007812e+00,3.807868242263793945e+00,3.843806266784667969e+00,3.883151531219482422e+00,3.923225641250610352e+00,3.984165668487548828e+00,4.031563758850097656e+00,4.028967380523681641e+00,4.042723655700683594e+00,4.064748764038085938e+00,4.052227020263671875e+00,4.028244972229003906e+00,3.986991167068481445e+00,3.932771205902099609e+00,3.855487585067749023e+00,3.760679483413696289e+00,3.657432794570922852e+00,3.556782484054565430e+00,3.463899135589599609e+00,3.381344556808471680e+00,3.310384511947631836e+00,3.253130674362182617e+00,3.208394527435302734e+00,3.172780752182006836e+00,3.147534847259521484e+00,3.133466720581054688e+00,3.131273031234741211e+00,3.140350341796875000e+00,3.154998540878295898e+00,3.183790206909179688e+00,3.225433588027954102e+00,3.261434316635131836e+00,3.291993856430053711e+00,3.321770191192626953e+00,3.372869491577148438e+00,3.406537055969238281e+00,3.387243986129760742e+00,3.286885023117065430e+00,3.127407073974609375e+00,2.940109014511108398e+00,2.756586074829101562e+00,2.588668823242187500e+00,2.451153755187988281e+00,2.291169643402099609e+00,1.979013442993164062e+00,1.470969080924987793e+00,9.105921983718872070e-01,nan,nan,nan,nan,nan,nan,nan,nan,nan,nan,nan,nan,nan,nan,nan,nan,nan,nan,nan,nan,nan,nan,nan,nan,nan,nan,nan
3.478826284408569336e+00,3.478873968124389648e+00,3.478086233139038086e+00,3.476867914199829102e+00,3.475888729095458984e+00,3.476172924041748047e+00,3.477920532226562500e+00,3.481188058853149414e+00,3.485639810562133789e+00,3.490570545196533203e+00,3.495598554611206055e+00,3.500338792800903320e+00,3.504600048065185547e+00,3.508403539657592773e+00,3.511525630950927734e+00,3.514175176620483398e+00,3.516530275344848633e+00,3.518586635589599609e+00,3.520365715026855469e+00,3.521641492843627930e+00,3.522626638412475586e+00,3.523432970046997070e+00,3.523498773574829102e+00,3.522679328918457031e+00,3.521500110626220703e+00,3.520077943801879883e+00,3.518993854522705078e+00,3.518371582031250000e+00,3.517095804214477539e+00,3.515701770782470703e+00,3.513883829116821289e+00,3.509616136550903320e+00,3.503567695617675781e+00,3.496166706085205078e+00,3.485497951507568359e+00,3.473625421524047852e+00,3.461811065673828125e+00,3.449354887008666992e+00,3.436758279800415039e+00,3.425421953201293945e+00,3.412532806396484375e+00,3.399287700653076172e+00,3.389638662338256836e+00,3.383941173553466797e+00,3.383379936218261719e+00,3.384587764739990234e+00,3.389861345291137695e+00,3.396881580352783203e+00,3.407427310943603516e+00,3.423224925994873047e+00,3.440228462219238281e+00,3.458224058151245117e+00,3.480777263641357422e+00,3.507327556610107422e+00,3.533144950866699219e+00,3.558130264282226562e+00,3.580579042434692383e+00,3.596464157104492188e+00,3.599344015121459961e+00,3.589182853698730469e+00,3.578505754470825195e+00,3.577776193618774414e+00,3.591293573379516602e+00,3.607192277908325195e+00,3.621263742446899414e+00,3.632327556610107422e+00,3.655759811401367188e+00,3.680024147033691406e+00,3.687836647033691406e+00,3.690001487731933594e+00,3.696603775024414062e+00,3.704432249069213867e+00,3.710956096649169922e+00,3.741193294525146484e+00,3.771998882293701172e+00,3.792515993118286133e+00,3.814051151275634766e+00,3.824518680572509766e+00,3.821390867233276367e+00,3.815501928329467773e+00,3.806470870971679688e+00,3.794778108596801758e+00,3.786694049835205078e+00,3.788974523544311523e+00,3.804134845733642578e+00,3.827849149703979492e+00,3.849297046661376953e+00,3.877690315246582031e+00,3.915408372879028320e+00,3.956155061721801758e+00,3.988227605819702148e+00,4.031874179840087891e+00,4.040869712829589844e+00,4.025240898132324219e+00,4.046890258789062500e+00,4.039627075195312500e+00,3.980762481689453125e+00,3.934194326400756836e+00,3.880755186080932617e+00,3.811252593994140625e+00,3.713979005813598633e+00,3.608125448226928711e+00,3.501921653747558594e+00,3.405838251113891602e+00,3.323991060256958008e+00,3.255868673324584961e+00,3.202388525009155273e+00,3.162948131561279297e+00,3.133886098861694336e+00,3.113470315933227539e+00,3.102813005447387695e+00,3.100813150405883789e+00,3.109511375427246094e+00,3.124099254608154297e+00,3.144043922424316406e+00,3.173096656799316406e+00,3.202684879302978516e+00,3.232022285461425781e+00,3.263892889022827148e+00,3.306316614151000977e+00,3.360557556152343750e+00,3.398978948593139648e+00,3.386218309402465820e+00,3.310811758041381836e+00,3.186854839324951172e+00,3.031871080398559570e+00,2.869888305664062500e+00,2.718677043914794922e+00,2.609462022781372070e+00,2.511653900146484375e+00,2.305290937423706055e+00,1.907070040702819824e+00,1.335605144500732422e+00,7.001259922981262207e-01,nan,nan,nan,nan,nan,nan,nan,nan,nan,nan,nan,nan,nan,nan,nan,nan,nan,nan,nan,nan,nan,nan,nan,nan,nan,nan
3.481251716613769531e+00,3.480802297592163086e+00,3.479577302932739258e+00,3.478379964828491211e+00,3.478075265884399414e+00,3.479428768157958984e+00,3.482307434082031250e+00,3.486698865890502930e+00,3.491870880126953125e+00,3.497009515762329102e+00,3.501824617385864258e+00,3.505959510803222656e+00,3.509431362152099609e+00,3.512325048446655273e+00,3.514503955841064453e+00,3.516357183456420898e+00,3.517890214920043945e+00,3.519055843353271484e+00,3.519729375839233398e+00,3.519946813583374023e+00,3.520050048828125000e+00,3.519752740859985352e+00,3.518772602081298828e+00,3.517536401748657227e+00,3.516573905944824219e+00,3.515859603881835938e+00,3.515471458435058594e+00,3.514981269836425781e+00,3.513468027114868164e+00,3.511358976364135742e+00,3.507762432098388672e+00,3.501187562942504883e+00,3.493069410324096680e+00,3.483645677566528320e+00,3.473158836364746094e+00,3.463414192199707031e+00,3.454481124877929688e+00,3.444853544235229492e+00,3.435057640075683594e+00,3.425621747970581055e+00,3.416072130203247070e+00,3.409379959106445312e+00,3.405671834945678711e+00,3.405262947082519531e+00,3.408699035644531250e+00,3.414433956146240234e+00,3.426691532135009766e+00,3.439699649810791016e+00,3.454380035400390625e+00,3.468669652938842773e+00,3.484448909759521484e+00,3.502164125442504883e+00,3.525774955749511719e+00,3.551981449127197266e+00,3.575544357299804688e+00,3.596813917160034180e+00,3.613451957702636719e+00,3.620175123214721680e+00,3.618836164474487305e+00,3.609633922576904297e+00,3.603008747100830078e+00,3.605022907257080078e+00,3.614062309265136719e+00,3.631412506103515625e+00,3.649351835250854492e+00,3.669700622558593750e+00,3.694770812988281250e+00,3.702002286911010742e+00,3.700762987136840820e+00,3.702252388000488281e+00,3.712982892990112305e+00,3.727687597274780273e+00,3.742295503616333008e+00,3.776216268539428711e+00,3.810262441635131836e+00,3.844955205917358398e+00,3.868737459182739258e+00,3.880033969879150391e+00,3.880361795425415039e+00,3.874757528305053711e+00,3.864174365997314453e+00,3.855819225311279297e+00,3.854769945144653320e+00,3.865071535110473633e+00,3.885431051254272461e+00,3.912507295608520508e+00,3.934198856353759766e+00,3.965415477752685547e+00,4.003592491149902344e+00,4.026209354400634766e+00,4.026979446411132812e+00,4.042470455169677734e+00,4.030767440795898438e+00,4.014199733734130859e+00,3.993605136871337891e+00,3.956784248352050781e+00,3.900090694427490234e+00,3.841639518737792969e+00,3.773858070373535156e+00,3.678771495819091797e+00,3.565249919891357422e+00,3.465224027633666992e+00,3.367776632308959961e+00,3.286473989486694336e+00,3.220329999923706055e+00,3.170672893524169922e+00,3.136439085006713867e+00,3.113415479660034180e+00,3.099367141723632812e+00,3.093300580978393555e+00,3.095354795455932617e+00,3.103382587432861328e+00,3.116331815719604492e+00,3.135121345520019531e+00,3.156287431716918945e+00,3.171929836273193359e+00,3.198987245559692383e+00,3.232036113739013672e+00,3.267514944076538086e+00,3.313577651977539062e+00,3.356655120849609375e+00,3.392153263092041016e+00,3.383419513702392578e+00,3.337818622589111328e+00,3.253998279571533203e+00,3.136994600296020508e+00,2.998202323913574219e+00,2.862354278564453125e+00,2.753010749816894531e+00,2.654277563095092773e+00,2.498864412307739258e+00,2.216483116149902344e+00,1.767472743988037109e+00,1.195819258689880371e+00,nan,nan,nan,nan,nan,nan,nan,nan,nan,nan,nan,nan,nan,nan,nan,nan,nan,nan,nan,nan,nan,nan,nan,nan,nan,nan
3.483498573303222656e+00,3.482565402984619141e+00,3.481081008911132812e+00,3.480190515518188477e+00,3.480938673019409180e+00,3.483679294586181641e+00,3.487939596176147461e+00,3.493288755416870117e+00,3.498633861541748047e+00,3.503385543823242188e+00,3.507414579391479492e+00,3.510466098785400391e+00,3.512832403182983398e+00,3.514673233032226562e+00,3.516008377075195312e+00,3.517133474349975586e+00,3.517854928970336914e+00,3.518199205398559570e+00,3.518168926239013672e+00,3.518051147460937500e+00,3.517814636230468750e+00,3.517178773880004883e+00,3.516472816467285156e+00,3.515936613082885742e+00,3.515825271606445312e+00,3.515639781951904297e+00,3.515179872512817383e+00,3.513823270797729492e+00,3.511242151260375977e+00,3.507946968078613281e+00,3.503163099288940430e+00,3.495832920074462891e+00,3.488389730453491211e+00,3.481611967086791992e+00,3.474972963333129883e+00,3.469088554382324219e+00,3.463541984558105469e+00,3.456647396087646484e+00,3.450206995010375977e+00,3.445860147476196289e+00,3.444201946258544922e+00,3.444773674011230469e+00,3.446099996566772461e+00,3.450371980667114258e+00,3.457956314086914062e+00,3.468727350234985352e+00,3.482112169265747070e+00,3.492515563964843750e+00,3.500195264816284180e+00,3.508016824722290039e+00,3.520645141601562500e+00,3.539268493652343750e+00,3.562747716903686523e+00,3.586453914642333984e+00,3.606817722320556641e+00,3.623842239379882812e+00,3.635417938232421875e+00,3.637762308120727539e+00,3.634876728057861328e+00,3.629768371582031250e+00,3.624256134033203125e+00,3.625924825668334961e+00,3.642729282379150391e+00,3.670789003372192383e+00,3.697284698486328125e+00,3.721467733383178711e+00,3.733601331710815430e+00,3.733603954315185547e+00,3.737622261047363281e+00,3.750798463821411133e+00,3.775994539260864258e+00,3.801474094390869141e+00,3.830726146697998047e+00,3.876673936843872070e+00,3.929266929626464844e+00,3.972596168518066406e+00,3.991129159927368164e+00,3.991796493530273438e+00,3.989898681640625000e+00,3.984366655349731445e+00,3.979315996170043945e+00,3.980881452560424805e+00,3.993221759796142578e+00,4.024197578430175781e+00,4.062823772430419922e+00,4.093543529510498047e+00,4.113928318023681641e+00,4.135830402374267578e+00,4.160416603088378906e+00,4.147701263427734375e+00,4.130776405334472656e+00,4.129212856292724609e+00,4.108628273010253906e+00,4.074157238006591797e+00,4.028944492340087891e+00,3.976564645767211914e+00,3.915225505828857422e+00,3.844583034515380859e+00,3.751980066299438477e+00,3.638081789016723633e+00,3.531049251556396484e+00,3.441026926040649414e+00,3.359544515609741211e+00,3.295557737350463867e+00,3.246718645095825195e+00,3.215671062469482422e+00,3.198154211044311523e+00,3.188451528549194336e+00,3.186513900756835938e+00,3.190481424331665039e+00,3.199813842773437500e+00,3.211327552795410156e+00,3.222485303878784180e+00,3.238052368164062500e+00,3.255771636962890625e+00,3.263327836990356445e+00,3.276883840560913086e+00,3.304610967636108398e+00,3.332561969757080078e+00,3.365576267242431641e+00,3.384965896606445312e+00,3.390402793884277344e+00,3.401050567626953125e+00,3.391453742980957031e+00,3.355300426483154297e+00,3.276342153549194336e+00,3.153874397277832031e+00,3.000322580337524414e+00,2.857096195220947266e+00,2.748335361480712891e+00,2.618099689483642578e+00,2.436739921569824219e+00,2.116153478622436523e+00,1.657884716987609863e+00,1.118977546691894531e+00,nan,nan,nan,nan,nan,nan,nan,nan,nan,nan,nan,nan,nan,nan,nan,nan,nan,nan,nan,nan,nan,nan,nan,nan,nan
3.485437870025634766e+00,3.484118461608886719e+00,3.482736349105834961e+00,3.482910633087158203e+00,3.485347032546997070e+00,3.489694356918334961e+00,3.494960784912109375e+00,3.500415086746215820e+00,3.505035400390625000e+00,3.508682966232299805e+00,3.511345386505126953e+00,3.513060092926025391e+00,3.514345645904541016e+00,3.515299797058105469e+00,3.515943527221679688e+00,3.516358137130737305e+00,3.516449213027954102e+00,3.516350030899047852e+00,3.516108989715576172e+00,3.516026973724365234e+00,3.515795707702636719e+00,3.515553712844848633e+00,3.515572786331176758e+00,3.515738487243652344e+00,3.515949726104736328e+00,3.515501499176025391e+00,3.514377117156982422e+00,3.512079715728759766e+00,3.509053945541381836e+00,3.505702495574951172e+00,3.501211643218994141e+00,3.495583295822143555e+00,3.491220951080322266e+00,3.487280130386352539e+00,3.482719659805297852e+00,3.478735446929931641e+00,3.474901437759399414e+00,3.470369338989257812e+00,3.468712568283081055e+00,3.470464944839477539e+00,3.473665237426757812e+00,3.476755142211914062e+00,3.480179548263549805e+00,3.487287759780883789e+00,3.494923114776611328e+00,3.503554105758666992e+00,3.510146379470825195e+00,3.513275146484375000e+00,3.516657590866088867e+00,3.525017261505126953e+00,3.541063785552978516e+00,3.564374923706054688e+00,3.588961601257324219e+00,3.612694263458251953e+00,3.633572816848754883e+00,3.651342868804931641e+00,3.663790702819824219e+00,3.667651891708374023e+00,3.665346145629882812e+00,3.662600517272949219e+00,3.661290884017944336e+00,3.675716638565063477e+00,3.709487199783325195e+00,3.742373943328857422e+00,3.770241260528564453e+00,3.786945343017578125e+00,3.792892217636108398e+00,3.799315929412841797e+00,3.815637111663818359e+00,3.846657991409301758e+00,3.883525133132934570e+00,3.919667482376098633e+00,3.972578525543212891e+00,4.033291339874267578e+00,4.089077949523925781e+00,4.122002601623535156e+00,4.125314235687255859e+00,4.121395111083984375e+00,4.119666099548339844e+00,4.126604080200195312e+00,4.131803035736083984e+00,4.146309852600097656e+00,4.171531200408935547e+00,4.214363574981689453e+00,4.246917247772216797e+00,4.244133472442626953e+00,4.239638328552246094e+00,4.226676940917968750e+00,4.221860885620117188e+00,4.189376354217529297e+00,4.151372909545898438e+00,4.111423969268798828e+00,4.058423042297363281e+00,4.005626201629638672e+00,3.946467161178588867e+00,3.875997304916381836e+00,3.802175521850585938e+00,3.719021797180175781e+00,3.605043411254882812e+00,3.495239257812500000e+00,3.400448799133300781e+00,3.324613332748413086e+00,3.265907049179077148e+00,3.224427223205566406e+00,3.198269128799438477e+00,3.187513113021850586e+00,3.185960531234741211e+00,3.190384626388549805e+00,3.197581052780151367e+00,3.208262681961059570e+00,3.220927476882934570e+00,3.230616092681884766e+00,3.240945816040039062e+00,3.256442546844482422e+00,3.267501115798950195e+00,3.275336503982543945e+00,3.283075571060180664e+00,3.305890560150146484e+00,3.331828117370605469e+00,3.358699321746826172e+00,3.358247995376586914e+00,3.344322204589843750e+00,3.432619333267211914e+00,3.462763547897338867e+00,3.469013452529907227e+00,3.427688837051391602e+00,3.340092658996582031e+00,3.206301927566528320e+00,3.063399553298950195e+00,2.932479858398437500e+00,2.819961547851562500e+00,2.657236099243164062e+00,2.406230688095092773e+00,2.071039199829101562e+00,1.578368902206420898e+00,9.446480870246887207e-01,nan,nan,nan,nan,nan,nan,nan,nan,nan,nan,nan,nan,nan,nan,nan,nan,nan,nan,nan,nan,nan,nan,nan,nan
3.487366199493408203e+00,3.486083030700683594e+00,3.485618114471435547e+00,3.487642765045166016e+00,3.491802930831909180e+00,3.496944427490234375e+00,3.502065658569335938e+00,3.506503820419311523e+00,3.509591817855834961e+00,3.511619567871093750e+00,3.512803316116333008e+00,3.513426542282104492e+00,3.513937473297119141e+00,3.514285326004028320e+00,3.514497995376586914e+00,3.514594316482543945e+00,3.514558315277099609e+00,3.514470577239990234e+00,3.514411687850952148e+00,3.514620065689086914e+00,3.514787435531616211e+00,3.515148639678955078e+00,3.515693426132202148e+00,3.516147613525390625e+00,3.516276836395263672e+00,3.515744447708129883e+00,3.514562129974365234e+00,3.512728214263916016e+00,3.510645389556884766e+00,3.508296966552734375e+00,3.504915714263916016e+00,3.500683546066284180e+00,3.496741294860839844e+00,3.492520332336425781e+00,3.487439870834350586e+00,3.483557701110839844e+00,3.480289220809936523e+00,3.477364540100097656e+00,3.477354049682617188e+00,3.479693412780761719e+00,3.481522083282470703e+00,3.482043266296386719e+00,3.484579801559448242e+00,3.489137172698974609e+00,3.491700649261474609e+00,3.496280431747436523e+00,3.501376628875732422e+00,3.506227016448974609e+00,3.515737533569335938e+00,3.534177064895629883e+00,3.560997247695922852e+00,3.591428518295288086e+00,3.619912147521972656e+00,3.648223876953125000e+00,3.674404144287109375e+00,3.695964097976684570e+00,3.710259199142456055e+00,3.715546131134033203e+00,3.718776464462280273e+00,3.723488092422485352e+00,3.736512899398803711e+00,3.772032737731933594e+00,3.824122190475463867e+00,3.863059282302856445e+00,3.889161348342895508e+00,3.904851675033569336e+00,3.919552564620971680e+00,3.940438508987426758e+00,3.974126100540161133e+00,4.013270378112792969e+00,4.054705142974853516e+00,4.102919101715087891e+00,4.157341957092285156e+00,4.206093788146972656e+00,4.235119342803955078e+00,4.229788303375244141e+00,4.203106403350830078e+00,4.175381183624267578e+00,4.156516075134277344e+00,4.150803565979003906e+00,4.152322292327880859e+00,4.153374671936035156e+00,4.168972492218017578e+00,4.195260047912597656e+00,4.189949989318847656e+00,4.160773277282714844e+00,4.146975517272949219e+00,4.132251262664794922e+00,4.106983184814453125e+00,4.075389385223388672e+00,4.038760185241699219e+00,3.983330726623535156e+00,3.936757326126098633e+00,3.894458770751953125e+00,3.840727567672729492e+00,3.774778127670288086e+00,3.695818424224853516e+00,3.603734970092773438e+00,3.495894670486450195e+00,3.406950950622558594e+00,3.330947399139404297e+00,3.273926496505737305e+00,3.239072561264038086e+00,3.222398757934570312e+00,3.216060638427734375e+00,3.218973398208618164e+00,3.226537942886352539e+00,3.237395048141479492e+00,3.247963905334472656e+00,3.257665395736694336e+00,3.266883373260498047e+00,3.274943113327026367e+00,3.283541440963745117e+00,3.294130086898803711e+00,3.302906274795532227e+00,3.312803030014038086e+00,3.323970556259155273e+00,3.336153984069824219e+00,3.359729766845703125e+00,3.383640289306640625e+00,3.367338895797729492e+00,3.397720098495483398e+00,3.551715612411499023e+00,3.614293336868286133e+00,3.629280328750610352e+00,3.579868555068969727e+00,3.493045330047607422e+00,3.371735334396362305e+00,3.261042356491088867e+00,3.152117490768432617e+00,3.045226812362670898e+00,2.892148256301879883e+00,2.680444002151489258e+00,2.411991119384765625e+00,2.028334140777587891e+00,1.450412631034851074e+00,nan,nan,nan,nan,nan,nan,nan,nan,nan,nan,nan,nan,nan,nan,nan,nan,nan,nan,nan,nan,nan,nan,nan,nan
3.489336013793945312e+00,3.488702297210693359e+00,3.489955425262451172e+00,3.493816137313842773e+00,3.498718261718750000e+00,3.503425121307373047e+00,3.507346868515014648e+00,3.510025024414062500e+00,3.511353015899658203e+00,3.511981487274169922e+00,3.512202501296997070e+00,3.512310266494750977e+00,3.512468338012695312e+00,3.512639999389648438e+00,3.512862920761108398e+00,3.512969017028808594e+00,3.513085126876831055e+00,3.513294696807861328e+00,3.513735771179199219e+00,3.514476776123046875e+00,3.515200614929199219e+00,3.516010761260986328e+00,3.516806125640869141e+00,3.517401218414306641e+00,3.517604827880859375e+00,3.517236232757568359e+00,3.516407489776611328e+00,3.515318155288696289e+00,3.513963937759399414e+00,3.511974096298217773e+00,3.508909225463867188e+00,3.504281044006347656e+00,3.499767065048217773e+00,3.495089054107666016e+00,3.490580797195434570e+00,3.488031864166259766e+00,3.485797643661499023e+00,3.483989715576171875e+00,3.484612464904785156e+00,3.485918283462524414e+00,3.485813140869140625e+00,3.485003709793090820e+00,3.486654281616210938e+00,3.488406896591186523e+00,3.490682363510131836e+00,3.498391389846801758e+00,3.508088111877441406e+00,3.520034790039062500e+00,3.540094614028930664e+00,3.568812370300292969e+00,3.602933645248413086e+00,3.636382341384887695e+00,3.668555498123168945e+00,3.700115919113159180e+00,3.728453397750854492e+00,3.749335289001464844e+00,3.759975910186767578e+00,3.766910076141357422e+00,3.781883478164672852e+00,3.796734094619750977e+00,3.830378293991088867e+00,3.891675472259521484e+00,3.946838617324829102e+00,3.986036539077758789e+00,4.009399414062500000e+00,4.033360481262207031e+00,4.063601493835449219e+00,4.097919464111328125e+00,4.135528087615966797e+00,4.171021461486816406e+00,4.204575061798095703e+00,4.245991706848144531e+00,4.274827480316162109e+00,4.284700393676757812e+00,4.261733531951904297e+00,4.207758903503417969e+00,4.152885913848876953e+00,4.107763290405273438e+00,4.078812122344970703e+00,4.063519001007080078e+00,4.042962551116943359e+00,4.027545452117919922e+00,4.028429508209228516e+00,4.024257659912109375e+00,4.000081539154052734e+00,3.965411424636840820e+00,3.960685729980468750e+00,3.960984230041503906e+00,3.944016456604003906e+00,3.927147626876831055e+00,3.909210443496704102e+00,3.874850988388061523e+00,3.841494560241699219e+00,3.812592267990112305e+00,3.766764640808105469e+00,3.710276365280151367e+00,3.646513462066650391e+00,3.561182260513305664e+00,3.469882249832153320e+00,3.395633697509765625e+00,3.332033157348632812e+00,3.297182321548461914e+00,3.285728216171264648e+00,3.287708759307861328e+00,3.293975114822387695e+00,3.303046464920043945e+00,3.310740709304809570e+00,3.320384025573730469e+00,3.328400850296020508e+00,3.333767175674438477e+00,3.339568853378295898e+00,3.345366954803466797e+00,3.352733135223388672e+00,3.360357522964477539e+00,3.368803977966308594e+00,3.378666162490844727e+00,3.389194726943969727e+00,3.400856256484985352e+00,3.418234586715698242e+00,3.440493345260620117e+00,3.435268402099609375e+00,3.511310815811157227e+00,3.713750839233398438e+00,3.775630235671997070e+00,3.754920244216918945e+00,3.691514492034912109e+00,3.593245744705200195e+00,3.495151996612548828e+00,3.407406568527221680e+00,3.319167852401733398e+00,3.232225179672241211e+00,3.097341060638427734e+00,2.915027379989624023e+00,2.688916683197021484e+00,2.380490541458129883e+00,1.980680584907531738e+00,1.388641834259033203e+00,nan,nan,nan,nan,nan,nan,nan,nan,nan,nan,nan,nan,nan,nan,nan,nan,nan,nan,nan,nan,nan,nan,nan
3.491866111755371094e+00,3.492520809173583984e+00,3.495444297790527344e+00,3.499871730804443359e+00,3.504019260406494141e+00,3.507303237915039062e+00,3.509504318237304688e+00,3.510457754135131836e+00,3.510675191879272461e+00,3.510683059692382812e+00,3.510628461837768555e+00,3.510726213455200195e+00,3.510916948318481445e+00,3.511241912841796875e+00,3.511584043502807617e+00,3.511813640594482422e+00,3.512442350387573242e+00,3.513211965560913086e+00,3.514189243316650391e+00,3.515266180038452148e+00,3.516193628311157227e+00,3.517152547836303711e+00,3.518069982528686523e+00,3.518729925155639648e+00,3.518906116485595703e+00,3.518518686294555664e+00,3.517825365066528320e+00,3.516878366470336914e+00,3.515407323837280273e+00,3.513152360916137695e+00,3.509930849075317383e+00,3.505147933959960938e+00,3.501849412918090820e+00,3.499174356460571289e+00,3.497366189956665039e+00,3.496986389160156250e+00,3.495988368988037109e+00,3.495588779449462891e+00,3.497026205062866211e+00,3.497797489166259766e+00,3.497484207153320312e+00,3.497706651687622070e+00,3.500119686126708984e+00,3.503556966781616211e+00,3.511049747467041016e+00,3.524383306503295898e+00,3.539630174636840820e+00,3.559358835220336914e+00,3.586524009704589844e+00,3.619972229003906250e+00,3.655077219009399414e+00,3.688398838043212891e+00,3.720868349075317383e+00,3.748969554901123047e+00,3.769680976867675781e+00,3.778941869735717773e+00,3.780127763748168945e+00,3.786192655563354492e+00,3.799689292907714844e+00,3.820101261138916016e+00,3.865495920181274414e+00,3.919874429702758789e+00,3.944609403610229492e+00,3.962949037551879883e+00,3.971198558807373047e+00,3.985123634338378906e+00,4.003074645996093750e+00,4.025191783905029297e+00,4.044409751892089844e+00,4.061833858489990234e+00,4.077663898468017578e+00,4.102432727813720703e+00,4.103229999542236328e+00,4.073463916778564453e+00,4.024892330169677734e+00,3.958967447280883789e+00,3.914830207824707031e+00,3.888604879379272461e+00,3.872394800186157227e+00,3.859999895095825195e+00,3.837697267532348633e+00,3.826175928115844727e+00,3.828037261962890625e+00,3.805345773696899414e+00,3.783399820327758789e+00,3.767933130264282227e+00,3.775806665420532227e+00,3.783162355422973633e+00,3.775257587432861328e+00,3.770055770874023438e+00,3.763162612915039062e+00,3.752242326736450195e+00,3.729711055755615234e+00,3.700301647186279297e+00,3.661105155944824219e+00,3.619564533233642578e+00,3.577365636825561523e+00,3.509960412979125977e+00,3.442563772201538086e+00,3.387781620025634766e+00,3.356109619140625000e+00,3.352326631546020508e+00,3.364835739135742188e+00,3.382292985916137695e+00,3.395601749420166016e+00,3.403919935226440430e+00,3.408216953277587891e+00,3.414383888244628906e+00,3.417963266372680664e+00,3.418853998184204102e+00,3.422116994857788086e+00,3.426171779632568359e+00,3.432070255279541016e+00,3.437756299972534180e+00,3.443885326385498047e+00,3.451116800308227539e+00,3.460378646850585938e+00,3.470610618591308594e+00,3.487769126892089844e+00,3.509103298187255859e+00,3.519134521484375000e+00,3.625598192214965820e+00,3.841111421585083008e+00,3.851084947586059570e+00,3.811126947402954102e+00,3.748178958892822266e+00,3.663011789321899414e+00,3.584255933761596680e+00,3.511498928070068359e+00,3.442427396774291992e+00,3.369286775588989258e+00,3.257156610488891602e+00,3.101388216018676758e+00,2.911219835281372070e+00,2.671005964279174805e+00,2.366434812545776367e+00,1.909764170646667480e+00,1.238036513328552246e+00,nan,nan,nan,nan,nan,nan,nan,nan,nan,nan,nan,nan,nan,nan,nan,nan,nan,nan,nan,nan,nan,nan
3.495139122009277344e+00,3.497176885604858398e+00,3.500617265701293945e+00,3.504100799560546875e+00,3.506678819656372070e+00,3.508316516876220703e+00,3.509027242660522461e+00,3.509033679962158203e+00,3.508969545364379883e+00,3.508930683135986328e+00,3.509019851684570312e+00,3.509352684020996094e+00,3.509754419326782227e+00,3.510322093963623047e+00,3.510850906372070312e+00,3.511652708053588867e+00,3.513055086135864258e+00,3.514289855957031250e+00,3.515492200851440430e+00,3.516561269760131836e+00,3.517544746398925781e+00,3.518727302551269531e+00,3.519799470901489258e+00,3.520452499389648438e+00,3.520485877990722656e+00,3.519930124282836914e+00,3.519159078598022461e+00,3.518052339553833008e+00,3.516205549240112305e+00,3.513833761215209961e+00,3.510822296142578125e+00,3.507911443710327148e+00,3.507698059082031250e+00,3.507533788681030273e+00,3.507373571395874023e+00,3.507497549057006836e+00,3.506504058837890625e+00,3.506506204605102539e+00,3.507390737533569336e+00,3.507811307907104492e+00,3.508260726928710938e+00,3.510713100433349609e+00,3.515784502029418945e+00,3.523697853088378906e+00,3.536765813827514648e+00,3.555173635482788086e+00,3.575573205947875977e+00,3.600108861923217773e+00,3.630292892456054688e+00,3.663694858551025391e+00,3.697591066360473633e+00,3.728258371353149414e+00,3.752671718597412109e+00,3.767026424407958984e+00,3.769901275634765625e+00,3.763104438781738281e+00,3.756401538848876953e+00,3.756708860397338867e+00,3.765340328216552734e+00,3.787581443786621094e+00,3.824962854385375977e+00,3.848921775817871094e+00,3.841478109359741211e+00,3.837227821350097656e+00,3.824217796325683594e+00,3.816046714782714844e+00,3.812474966049194336e+00,3.816892385482788086e+00,3.820665359497070312e+00,3.821570634841918945e+00,3.832478523254394531e+00,3.832517862319946289e+00,3.812209606170654297e+00,3.774158954620361328e+00,3.731400251388549805e+00,3.691426992416381836e+00,3.676062583923339844e+00,3.676834821701049805e+00,3.677450656890869141e+00,3.673658847808837891e+00,3.665522336959838867e+00,3.667739152908325195e+00,3.663607120513916016e+00,3.645103216171264648e+00,3.629136800765991211e+00,3.627937316894531250e+00,3.637070417404174805e+00,3.638598442077636719e+00,3.634894132614135742e+00,3.630433082580566406e+00,3.623382568359375000e+00,3.609606742858886719e+00,3.586199998855590820e+00,3.545147418975830078e+00,3.508039712905883789e+00,3.470499277114868164e+00,3.433217763900756836e+00,3.375924587249755859e+00,3.339408159255981445e+00,3.316112279891967773e+00,3.323383092880249023e+00,3.346503257751464844e+00,3.375581026077270508e+00,3.397995233535766602e+00,3.413218736648559570e+00,3.422420024871826172e+00,3.426205873489379883e+00,3.431534051895141602e+00,3.436696052551269531e+00,3.438940048217773438e+00,3.444332361221313477e+00,3.449894189834594727e+00,3.456956386566162109e+00,3.463539361953735352e+00,3.471407890319824219e+00,3.480978488922119141e+00,3.492117404937744141e+00,3.505776882171630859e+00,3.527136564254760742e+00,3.549311161041259766e+00,3.569094419479370117e+00,3.691571235656738281e+00,3.818358659744262695e+00,3.851221084594726562e+00,3.817471265792846680e+00,3.770204782485961914e+00,3.716943502426147461e+00,3.654814004898071289e+00,3.598883152008056641e+00,3.539114952087402344e+00,3.465821743011474609e+00,3.362078189849853516e+00,3.230529308319091797e+00,3.072820663452148438e+00,2.879622697830200195e+00,2.634942531585693359e+00,2.275181770324707031e+00,1.636134386062622070e+00,nan,nan,nan,nan,nan,nan,nan,nan,nan,nan,nan,nan,nan,nan,nan,nan,nan,nan,nan,nan,nan,nan
3.498346328735351562e+00,3.500691175460815430e+00,3.503495454788208008e+00,3.505614042282104492e+00,3.506844282150268555e+00,3.507415294647216797e+00,3.507489681243896484e+00,3.507424116134643555e+00,3.507606029510498047e+00,3.507829904556274414e+00,3.508267879486083984e+00,3.508890390396118164e+00,3.509596586227416992e+00,3.510577917098999023e+00,3.511642217636108398e+00,3.513211011886596680e+00,3.514923095703125000e+00,3.516160011291503906e+00,3.517382621765136719e+00,3.518539428710937500e+00,3.519824981689453125e+00,3.521258831024169922e+00,3.522307395935058594e+00,3.522711992263793945e+00,3.522356510162353516e+00,3.521514654159545898e+00,3.520538091659545898e+00,3.519263982772827148e+00,3.517139434814453125e+00,3.515064716339111328e+00,3.513020992279052734e+00,3.512434244155883789e+00,3.513062715530395508e+00,3.512255668640136719e+00,3.510981798171997070e+00,3.509553670883178711e+00,3.507513046264648438e+00,3.507384300231933594e+00,3.508253097534179688e+00,3.509857892990112305e+00,3.512364864349365234e+00,3.517683267593383789e+00,3.524946212768554688e+00,3.535447835922241211e+00,3.553179264068603516e+00,3.573588371276855469e+00,3.594874143600463867e+00,3.618900775909423828e+00,3.646758556365966797e+00,3.674911975860595703e+00,3.703171968460083008e+00,3.722275495529174805e+00,3.725719213485717773e+00,3.720664024353027344e+00,3.706773042678833008e+00,3.692715167999267578e+00,3.685812234878540039e+00,3.686525583267211914e+00,3.698914766311645508e+00,3.721493959426879883e+00,3.742346048355102539e+00,3.744423151016235352e+00,3.727702856063842773e+00,3.712401628494262695e+00,3.690197706222534180e+00,3.674265861511230469e+00,3.669428348541259766e+00,3.671455621719360352e+00,3.673990011215209961e+00,3.674065589904785156e+00,3.688260316848754883e+00,3.665402650833129883e+00,3.625312089920043945e+00,3.599586009979248047e+00,3.574806451797485352e+00,3.561199903488159180e+00,3.560130596160888672e+00,3.566532135009765625e+00,3.565016031265258789e+00,3.565356016159057617e+00,3.567644119262695312e+00,3.570025444030761719e+00,3.564209938049316406e+00,3.540187835693359375e+00,3.527007818222045898e+00,3.525661230087280273e+00,3.527608394622802734e+00,3.522871732711791992e+00,3.521866321563720703e+00,3.513407468795776367e+00,3.498110532760620117e+00,3.472771644592285156e+00,3.436774969100952148e+00,3.388153553009033203e+00,3.355643987655639648e+00,3.323157787322998047e+00,3.277421474456787109e+00,3.240303039550781250e+00,3.231206893920898438e+00,3.239780664443969727e+00,3.262938737869262695e+00,3.292875289916992188e+00,3.320719480514526367e+00,3.340808153152465820e+00,3.355854511260986328e+00,3.367562294006347656e+00,3.375817060470581055e+00,3.382254600524902344e+00,3.392512321472167969e+00,3.402537822723388672e+00,3.412701368331909180e+00,3.422582864761352539e+00,3.433808326721191406e+00,3.445691585540771484e+00,3.459374666213989258e+00,3.474479198455810547e+00,3.490187406539916992e+00,3.508333206176757812e+00,3.531440496444702148e+00,3.554098606109619141e+00,3.583232641220092773e+00,3.675160884857177734e+00,3.680435419082641602e+00,3.802345991134643555e+00,3.824470281600952148e+00,3.789043903350830078e+00,3.758988380432128906e+00,3.718239545822143555e+00,3.667836904525756836e+00,3.608436584472656250e+00,3.517094612121582031e+00,3.426074504852294922e+00,3.318951845169067383e+00,3.190593719482421875e+00,3.032243967056274414e+00,2.824509620666503906e+00,2.531752586364746094e+00,2.025031566619873047e+00,1.339875578880310059e+00,nan,nan,nan,nan,nan,nan,nan,nan,nan,nan,nan,nan,nan,nan,nan,nan,nan,nan,nan,nan,nan
3.500931978225708008e+00,3.502643346786499023e+00,3.504373311996459961e+00,3.505415916442871094e+00,3.505963087081909180e+00,3.506339311599731445e+00,3.506528615951538086e+00,3.506880521774291992e+00,3.507494211196899414e+00,3.508044481277465820e+00,3.508796453475952148e+00,3.509667873382568359e+00,3.510832786560058594e+00,3.512361049652099609e+00,3.513946056365966797e+00,3.515769243240356445e+00,3.517298698425292969e+00,3.518627166748046875e+00,3.520153760910034180e+00,3.521646022796630859e+00,3.523172140121459961e+00,3.524492025375366211e+00,3.525140285491943359e+00,3.524994373321533203e+00,3.524132728576660156e+00,3.523036003112792969e+00,3.521860361099243164e+00,3.520436763763427734e+00,3.518418073654174805e+00,3.516979694366455078e+00,3.515594720840454102e+00,3.514711856842041016e+00,3.513030529022216797e+00,3.510182380676269531e+00,3.507373332977294922e+00,3.504619121551513672e+00,3.503583192825317383e+00,3.505430221557617188e+00,3.508238077163696289e+00,3.511735677719116211e+00,3.516020774841308594e+00,3.522051095962524414e+00,3.529859781265258789e+00,3.541773080825805664e+00,3.559669256210327148e+00,3.577977895736694336e+00,3.595515012741088867e+00,3.615910768508911133e+00,3.638386726379394531e+00,3.658273696899414062e+00,3.674017667770385742e+00,3.671373844146728516e+00,3.655207395553588867e+00,3.640149593353271484e+00,3.625521421432495117e+00,3.617784023284912109e+00,3.620263099670410156e+00,3.629029273986816406e+00,3.646517515182495117e+00,3.663074016571044922e+00,3.668974876403808594e+00,3.658844947814941406e+00,3.644359111785888672e+00,3.631761074066162109e+00,3.614130496978759766e+00,3.604538440704345703e+00,3.604371309280395508e+00,3.607897996902465820e+00,3.610695123672485352e+00,3.609987258911132812e+00,3.613822937011718750e+00,3.574500083923339844e+00,3.535261631011962891e+00,3.527652978897094727e+00,3.520612716674804688e+00,3.515522718429565430e+00,3.516777992248535156e+00,3.514083385467529297e+00,3.507811069488525391e+00,3.507899522781372070e+00,3.510941028594970703e+00,3.507513046264648438e+00,3.498076438903808594e+00,3.472278833389282227e+00,3.455486059188842773e+00,3.449846982955932617e+00,3.444669485092163086e+00,3.437350511550903320e+00,3.431334972381591797e+00,3.418091297149658203e+00,3.399656772613525391e+00,3.368807554244995117e+00,3.328038215637207031e+00,3.292419195175170898e+00,3.271847963333129883e+00,3.244390964508056641e+00,3.202712535858154297e+00,3.189525842666625977e+00,3.195879459381103516e+00,3.212284803390502930e+00,3.234016656875610352e+00,3.256181001663208008e+00,3.274700164794921875e+00,3.290276050567626953e+00,3.303611516952514648e+00,3.316104412078857422e+00,3.328455924987792969e+00,3.338737726211547852e+00,3.351112127304077148e+00,3.367050170898437500e+00,3.380764961242675781e+00,3.395936727523803711e+00,3.412256717681884766e+00,3.429543018341064453e+00,3.446688652038574219e+00,3.464408397674560547e+00,3.483503341674804688e+00,3.504408359527587891e+00,3.527395248413085938e+00,3.552072286605834961e+00,3.582014322280883789e+00,3.608201742172241211e+00,3.620328187942504883e+00,3.769455909729003906e+00,3.865781545639038086e+00,3.818860054016113281e+00,3.798220872879028320e+00,3.789291620254516602e+00,3.744835138320922852e+00,3.675798416137695312e+00,3.583751916885375977e+00,3.505033969879150391e+00,3.413867950439453125e+00,3.302825212478637695e+00,3.161969184875488281e+00,2.980665206909179688e+00,2.722590446472167969e+00,2.329469919204711914e+00,1.660327672958374023e+00,nan,nan,nan,nan,nan,nan,nan,nan,nan,nan,nan,nan,nan,nan,nan,nan,nan,nan,nan,nan,nan
3.503337383270263672e+00,3.504557847976684570e+00,3.505545377731323242e+00,3.506070852279663086e+00,3.506534576416015625e+00,3.507034063339233398e+00,3.507476568222045898e+00,3.508195400238037109e+00,3.508951187133789062e+00,3.509588241577148438e+00,3.510519742965698242e+00,3.511738061904907227e+00,3.513401985168457031e+00,3.515185356140136719e+00,3.516891956329345703e+00,3.518642187118530273e+00,3.520255804061889648e+00,3.521962642669677734e+00,3.523689508438110352e+00,3.525224924087524414e+00,3.526531934738159180e+00,3.527337074279785156e+00,3.527363061904907227e+00,3.526655673980712891e+00,3.525527954101562500e+00,3.524404525756835938e+00,3.523180723190307617e+00,3.521709203720092773e+00,3.520013332366943359e+00,3.518707513809204102e+00,3.516927242279052734e+00,3.514823198318481445e+00,3.512139558792114258e+00,3.509346008300781250e+00,3.506338119506835938e+00,3.504805326461791992e+00,3.507533550262451172e+00,3.511153459548950195e+00,3.514387607574462891e+00,3.517830610275268555e+00,3.521485328674316406e+00,3.526637792587280273e+00,3.534676074981689453e+00,3.546806812286376953e+00,3.561672210693359375e+00,3.577352046966552734e+00,3.593424797058105469e+00,3.612318515777587891e+00,3.629319190979003906e+00,3.638746500015258789e+00,3.637912988662719727e+00,3.616999626159667969e+00,3.600999832153320312e+00,3.594697952270507812e+00,3.591634750366210938e+00,3.594816923141479492e+00,3.605321168899536133e+00,3.618366956710815430e+00,3.630366802215576172e+00,3.631005048751831055e+00,3.622735977172851562e+00,3.607555150985717773e+00,3.602088451385498047e+00,3.592845201492309570e+00,3.575615406036376953e+00,3.569936990737915039e+00,3.569725275039672852e+00,3.569791555404663086e+00,3.568468332290649414e+00,3.560356616973876953e+00,3.545080184936523438e+00,3.509994983673095703e+00,3.503829240798950195e+00,3.504454135894775391e+00,3.498133897781372070e+00,3.494795799255371094e+00,3.491223096847534180e+00,3.481766939163208008e+00,3.476383447647094727e+00,3.476871252059936523e+00,3.473438501358032227e+00,3.470104217529296875e+00,3.459109067916870117e+00,3.435656070709228516e+00,3.409186363220214844e+00,3.396615028381347656e+00,3.384789228439331055e+00,3.373351335525512695e+00,3.363382816314697266e+00,3.348054409027099609e+00,3.329537391662597656e+00,3.309752464294433594e+00,3.277445793151855469e+00,3.262166023254394531e+00,3.248181581497192383e+00,3.220486164093017578e+00,3.193830490112304688e+00,3.185943841934204102e+00,3.194141387939453125e+00,3.207544088363647461e+00,3.224101305007934570e+00,3.238415956497192383e+00,3.252004623413085938e+00,3.265048503875732422e+00,3.277001142501831055e+00,3.290194272994995117e+00,3.303933858871459961e+00,3.316952943801879883e+00,3.331021547317504883e+00,3.347398519515991211e+00,3.364431381225585938e+00,3.384253978729248047e+00,3.403177499771118164e+00,3.421730041503906250e+00,3.438472747802734375e+00,3.456610441207885742e+00,3.476801633834838867e+00,3.499192714691162109e+00,3.524109840393066406e+00,3.551780700683593750e+00,3.582023143768310547e+00,3.614335060119628906e+00,3.650512933731079102e+00,3.757228136062622070e+00,3.794010639190673828e+00,3.842180252075195312e+00,3.849708318710327148e+00,3.877548694610595703e+00,3.849090337753295898e+00,3.776431560516357422e+00,3.690446376800537109e+00,3.606652259826660156e+00,3.516474008560180664e+00,3.406942129135131836e+00,3.271337747573852539e+00,3.103362798690795898e+00,2.868422746658325195e+00,2.518614530563354492e+00,1.954868078231811523e+00,nan,nan,nan,nan,nan,nan,nan,nan,nan,nan,nan,nan,nan,nan,nan,nan,nan,nan,nan,nan,nan
3.505671977996826172e+00,3.506666421890258789e+00,3.507338762283325195e+00,3.507805347442626953e+00,3.508360147476196289e+00,3.508939981460571289e+00,3.509515285491943359e+00,3.510267972946166992e+00,3.510868549346923828e+00,3.511641025543212891e+00,3.512928009033203125e+00,3.514557600021362305e+00,3.516429185867309570e+00,3.518155574798583984e+00,3.519925355911254883e+00,3.521872997283935547e+00,3.523771762847900391e+00,3.525517702102661133e+00,3.527051925659179688e+00,3.528314590454101562e+00,3.529108285903930664e+00,3.529303073883056641e+00,3.528799295425415039e+00,3.527832508087158203e+00,3.526779890060424805e+00,3.525766849517822266e+00,3.524597883224487305e+00,3.523123502731323242e+00,3.521556377410888672e+00,3.520069599151611328e+00,3.518374443054199219e+00,3.516622781753540039e+00,3.514509201049804688e+00,3.512183666229248047e+00,3.509920358657836914e+00,3.511542081832885742e+00,3.516026020050048828e+00,3.518307685852050781e+00,3.519956827163696289e+00,3.522125959396362305e+00,3.524731397628784180e+00,3.529433727264404297e+00,3.538089752197265625e+00,3.550609588623046875e+00,3.564954519271850586e+00,3.580923080444335938e+00,3.597978115081787109e+00,3.614002704620361328e+00,3.622047662734985352e+00,3.620995998382568359e+00,3.606768608093261719e+00,3.591130018234252930e+00,3.591035127639770508e+00,3.597349882125854492e+00,3.602676630020141602e+00,3.609899282455444336e+00,3.618264913558959961e+00,3.623404264450073242e+00,3.618065118789672852e+00,3.605597972869873047e+00,3.590006828308105469e+00,3.576535463333129883e+00,3.569103479385375977e+00,3.552993059158325195e+00,3.537539720535278320e+00,3.532816648483276367e+00,3.529089212417602539e+00,3.525989055633544922e+00,3.520961284637451172e+00,3.509601354598999023e+00,3.491212368011474609e+00,3.483072042465209961e+00,3.489587306976318359e+00,3.485950946807861328e+00,3.479079008102416992e+00,3.476213216781616211e+00,3.467036724090576172e+00,3.458885669708251953e+00,3.456908702850341797e+00,3.453867912292480469e+00,3.450703144073486328e+00,3.447350263595581055e+00,3.435873031616210938e+00,3.409808874130249023e+00,3.382183313369750977e+00,3.357372283935546875e+00,3.346175670623779297e+00,3.340311288833618164e+00,3.330606937408447266e+00,3.316908121109008789e+00,3.298998355865478516e+00,3.286247253417968750e+00,3.270302057266235352e+00,3.255727767944335938e+00,3.237661600112915039e+00,3.219031572341918945e+00,3.199287652969360352e+00,3.195943355560302734e+00,3.200386524200439453e+00,3.212588548660278320e+00,3.226126909255981445e+00,3.240784406661987305e+00,3.254391908645629883e+00,3.265553951263427734e+00,3.276228666305541992e+00,3.288900136947631836e+00,3.303035020828247070e+00,3.316200017929077148e+00,3.329999923706054688e+00,3.345050811767578125e+00,3.364736080169677734e+00,3.384897708892822266e+00,3.402613639831542969e+00,3.418845653533935547e+00,3.433640241622924805e+00,3.451011180877685547e+00,3.471028804779052734e+00,3.494237661361694336e+00,3.520951747894287109e+00,3.551442384719848633e+00,3.585226297378540039e+00,3.624279737472534180e+00,3.668104887008666992e+00,3.700107336044311523e+00,3.744059085845947266e+00,3.906409502029418945e+00,4.001893043518066406e+00,4.028504848480224609e+00,3.989869832992553711e+00,3.901157855987548828e+00,3.794816017150878906e+00,3.699913024902343750e+00,3.605233430862426758e+00,3.497693777084350586e+00,3.367218255996704102e+00,3.206527233123779297e+00,2.993190288543701172e+00,2.680490493774414062e+00,2.200203180313110352e+00,1.475038170814514160e+00,nan,nan,nan,nan,nan,nan,nan,nan,nan,nan,nan,nan,nan,nan,nan,nan,nan,nan,nan,nan
3.507899045944213867e+00,3.508647203445434570e+00,3.509215116500854492e+00,3.509698390960693359e+00,3.510317802429199219e+00,3.510938882827758789e+00,3.511542081832885742e+00,3.512259244918823242e+00,3.513022661209106445e+00,3.514256954193115234e+00,3.515888214111328125e+00,3.517716646194458008e+00,3.519600629806518555e+00,3.521395921707153320e+00,3.523416280746459961e+00,3.525544881820678711e+00,3.527338504791259766e+00,3.528727054595947266e+00,3.529904842376708984e+00,3.530747175216674805e+00,3.530942440032958984e+00,3.530633211135864258e+00,3.529868602752685547e+00,3.528983592987060547e+00,3.528148889541625977e+00,3.527216434478759766e+00,3.525986433029174805e+00,3.524377346038818359e+00,3.522844552993774414e+00,3.521486520767211914e+00,3.520060777664184570e+00,3.518343687057495117e+00,3.516417741775512695e+00,3.514646530151367188e+00,3.514780282974243164e+00,3.518911600112915039e+00,3.521561861038208008e+00,3.521368503570556641e+00,3.522006511688232422e+00,3.523676872253417969e+00,3.526582479476928711e+00,3.532762527465820312e+00,3.543847799301147461e+00,3.558242321014404297e+00,3.574097394943237305e+00,3.589837312698364258e+00,3.604604959487915039e+00,3.612413883209228516e+00,3.610540628433227539e+00,3.604042291641235352e+00,3.593420028686523438e+00,3.595817804336547852e+00,3.604736804962158203e+00,3.610575914382934570e+00,3.611423969268798828e+00,3.611590623855590820e+00,3.608446359634399414e+00,3.597949266433715820e+00,3.580718040466308594e+00,3.563483476638793945e+00,3.545935869216918945e+00,3.532238006591796875e+00,3.517066717147827148e+00,3.505048036575317383e+00,3.495943784713745117e+00,3.492481231689453125e+00,3.489846706390380859e+00,3.489827394485473633e+00,3.485020160675048828e+00,3.478872776031494141e+00,3.475353479385375977e+00,3.480602025985717773e+00,3.490175724029541016e+00,3.487548112869262695e+00,3.478781938552856445e+00,3.469523668289184570e+00,3.464938640594482422e+00,3.459142684936523438e+00,3.456532239913940430e+00,3.451333284378051758e+00,3.449129104614257812e+00,3.439008235931396484e+00,3.418281793594360352e+00,3.388319015502929688e+00,3.360431194305419922e+00,3.338838815689086914e+00,3.332155466079711914e+00,3.331353664398193359e+00,3.322845697402954102e+00,3.305679559707641602e+00,3.287518501281738281e+00,3.273160219192504883e+00,3.260141849517822266e+00,3.246071100234985352e+00,3.231877326965332031e+00,3.224984407424926758e+00,3.215691566467285156e+00,3.215064048767089844e+00,3.219991683959960938e+00,3.232752084732055664e+00,3.247255563735961914e+00,3.265878200531005859e+00,3.275988340377807617e+00,3.282732725143432617e+00,3.290727138519287109e+00,3.300976276397705078e+00,3.312139749526977539e+00,3.323396921157836914e+00,3.336329460144042969e+00,3.352754831314086914e+00,3.370002508163452148e+00,3.387437582015991211e+00,3.402435541152954102e+00,3.415285110473632812e+00,3.426921367645263672e+00,3.442765235900878906e+00,3.462474584579467773e+00,3.486843824386596680e+00,3.516944408416748047e+00,3.552779674530029297e+00,3.595072984695434570e+00,3.643471956253051758e+00,3.696767330169677734e+00,3.745974302291870117e+00,3.828385829925537109e+00,4.040765285491943359e+00,4.158886432647705078e+00,4.167455673217773438e+00,4.071509361267089844e+00,3.952087879180908203e+00,3.834789037704467773e+00,3.746955156326293945e+00,3.663369894027709961e+00,3.565102577209472656e+00,3.442449808120727539e+00,3.285210609436035156e+00,3.088413476943969727e+00,2.815382003784179688e+00,2.414127349853515625e+00,1.715949773788452148e+00,1.010239720344543457e+00,nan,nan,nan,nan,nan,nan,nan,nan,nan,nan,nan,nan,nan,nan,nan,nan,nan,nan,nan
3.510075569152832031e+00,3.510720968246459961e+00,3.511324644088745117e+00,3.511845588684082031e+00,3.512442588806152344e+00,3.513008117675781250e+00,3.513736486434936523e+00,3.514717578887939453e+00,3.515880823135375977e+00,3.517396688461303711e+00,3.519102096557617188e+00,3.521066188812255859e+00,3.523067712783813477e+00,3.525021076202392578e+00,3.527069091796875000e+00,3.528880596160888672e+00,3.530188560485839844e+00,3.531127452850341797e+00,3.531975984573364258e+00,3.532321929931640625e+00,3.532052755355834961e+00,3.531608343124389648e+00,3.530958890914916992e+00,3.530324697494506836e+00,3.529554367065429688e+00,3.528409957885742188e+00,3.526803016662597656e+00,3.525020599365234375e+00,3.523540735244750977e+00,3.522288322448730469e+00,3.520948171615600586e+00,3.519446134567260742e+00,3.518443107604980469e+00,3.518239021301269531e+00,3.520113945007324219e+00,3.522699356079101562e+00,3.521713018417358398e+00,3.520750284194946289e+00,3.523445844650268555e+00,3.526902198791503906e+00,3.532790184020996094e+00,3.543168306350708008e+00,3.557642698287963867e+00,3.574088096618652344e+00,3.589752435684204102e+00,3.602719545364379883e+00,3.610210657119750977e+00,3.607844114303588867e+00,3.600980758666992188e+00,3.595810651779174805e+00,3.595042228698730469e+00,3.599363565444946289e+00,3.600304365158081055e+00,3.594918966293334961e+00,3.585417032241821289e+00,3.575248718261718750e+00,3.562023639678955078e+00,3.544092655181884766e+00,3.526885509490966797e+00,3.513110160827636719e+00,3.499490261077880859e+00,3.487313270568847656e+00,3.477445363998413086e+00,3.477084159851074219e+00,3.481289148330688477e+00,3.483003377914428711e+00,3.487204790115356445e+00,3.492978572845458984e+00,3.494308948516845703e+00,3.497241497039794922e+00,3.504979372024536133e+00,3.514094591140747070e+00,3.519807577133178711e+00,3.512720108032226562e+00,3.499593496322631836e+00,3.487993240356445312e+00,3.484217166900634766e+00,3.480506896972656250e+00,3.473174095153808594e+00,3.465029954910278320e+00,3.454291820526123047e+00,3.431497573852539062e+00,3.404145956039428711e+00,3.374377965927124023e+00,3.350666046142578125e+00,3.334734201431274414e+00,3.331244707107543945e+00,3.328261137008666992e+00,3.317591190338134766e+00,3.297712087631225586e+00,3.279753446578979492e+00,3.269858121871948242e+00,3.263373851776123047e+00,3.260041713714599609e+00,3.256205797195434570e+00,3.256851673126220703e+00,3.261334419250488281e+00,3.262656450271606445e+00,3.264384269714355469e+00,3.276397466659545898e+00,3.290274381637573242e+00,3.302468776702880859e+00,3.302953720092773438e+00,3.304053306579589844e+00,3.311395168304443359e+00,3.319433450698852539e+00,3.327905178070068359e+00,3.337567090988159180e+00,3.350050210952758789e+00,3.366114139556884766e+00,3.379919290542602539e+00,3.391316652297973633e+00,3.402129650115966797e+00,3.410817384719848633e+00,3.419524431228637695e+00,3.435663223266601562e+00,3.458289146423339844e+00,3.486595153808593750e+00,3.523725509643554688e+00,3.568376779556274414e+00,3.620277643203735352e+00,3.676046371459960938e+00,3.735890388488769531e+00,3.796274185180664062e+00,3.904558420181274414e+00,4.128440856933593750e+00,4.227297782897949219e+00,4.182868003845214844e+00,4.039965152740478516e+00,3.921067714691162109e+00,3.842816352844238281e+00,3.791920423507690430e+00,3.732909440994262695e+00,3.642157554626464844e+00,3.519400835037231445e+00,3.363901853561401367e+00,3.175471544265747070e+00,2.937237739562988281e+00,2.605991601943969727e+00,2.087283134460449219e+00,1.345935583114624023e+00,nan,nan,nan,nan,nan,nan,nan,nan,nan,nan,nan,nan,nan,nan,nan,nan,nan,nan,nan
3.512280941009521484e+00,3.512910366058349609e+00,3.513532400131225586e+00,3.514060497283935547e+00,3.514587402343750000e+00,3.515245676040649414e+00,3.516321897506713867e+00,3.517579793930053711e+00,3.518918514251708984e+00,3.520464897155761719e+00,3.522284030914306641e+00,3.524422883987426758e+00,3.526471138000488281e+00,3.528330326080322266e+00,3.530035495758056641e+00,3.531318664550781250e+00,3.532151222229003906e+00,3.532826423645019531e+00,3.533375501632690430e+00,3.533307790756225586e+00,3.533010721206665039e+00,3.532726049423217773e+00,3.532214164733886719e+00,3.531632900238037109e+00,3.530612707138061523e+00,3.529082536697387695e+00,3.527235269546508789e+00,3.525517463684082031e+00,3.524271726608276367e+00,3.523334503173828125e+00,3.522383689880371094e+00,3.521649837493896484e+00,3.521625757217407227e+00,3.522189617156982422e+00,3.522675275802612305e+00,3.522680282592773438e+00,3.521844863891601562e+00,3.523929834365844727e+00,3.529567718505859375e+00,3.536263942718505859e+00,3.546409368515014648e+00,3.559147834777832031e+00,3.573920726776123047e+00,3.588627099990844727e+00,3.598864793777465820e+00,3.603984594345092773e+00,3.602056026458740234e+00,3.594246625900268555e+00,3.586398601531982422e+00,3.583432435989379883e+00,3.583037137985229492e+00,3.579594850540161133e+00,3.571259975433349609e+00,3.559335947036743164e+00,3.546123027801513672e+00,3.532031059265136719e+00,3.518544673919677734e+00,3.504498004913330078e+00,3.492569684982299805e+00,3.484610319137573242e+00,3.477029800415039062e+00,3.473143577575683594e+00,3.473925352096557617e+00,3.481693029403686523e+00,3.491707086563110352e+00,3.499253034591674805e+00,3.512091636657714844e+00,3.521847009658813477e+00,3.526905536651611328e+00,3.535006046295166016e+00,3.542153358459472656e+00,3.545414924621582031e+00,3.544367074966430664e+00,3.532607078552246094e+00,3.518224239349365234e+00,3.506811618804931641e+00,3.499682188034057617e+00,3.491267442703247070e+00,3.477476835250854492e+00,3.462060928344726562e+00,3.437750816345214844e+00,3.408550500869750977e+00,3.385551929473876953e+00,3.362469434738159180e+00,3.346318244934082031e+00,3.337882041931152344e+00,3.334411621093750000e+00,3.324941635131835938e+00,3.312962293624877930e+00,3.298294544219970703e+00,3.293439626693725586e+00,3.292009830474853516e+00,3.292227745056152344e+00,3.296990156173706055e+00,3.302260160446166992e+00,3.307124614715576172e+00,3.312183380126953125e+00,3.312933444976806641e+00,3.310754537582397461e+00,3.317986488342285156e+00,3.320957899093627930e+00,3.324323892593383789e+00,3.321176290512084961e+00,3.331499338150024414e+00,3.337165594100952148e+00,3.341940164566040039e+00,3.345956325531005859e+00,3.352771520614624023e+00,3.364555120468139648e+00,3.378461122512817383e+00,3.386109828948974609e+00,3.390981197357177734e+00,3.397103071212768555e+00,3.403895854949951172e+00,3.412512063980102539e+00,3.432729244232177734e+00,3.461689233779907227e+00,3.499826908111572266e+00,3.547575950622558594e+00,3.601059198379516602e+00,3.658349275588989258e+00,3.720532417297363281e+00,3.785917520523071289e+00,3.852427959442138672e+00,3.963710308074951172e+00,4.112353801727294922e+00,4.143061161041259766e+00,4.103237628936767578e+00,4.041625976562500000e+00,3.953180074691772461e+00,3.920798301696777344e+00,3.896592617034912109e+00,3.845481634140014648e+00,3.742388486862182617e+00,3.602535009384155273e+00,3.441685914993286133e+00,3.254786491394042969e+00,3.036803960800170898e+00,2.765022039413452148e+00,2.322766065597534180e+00,1.607124924659729004e+00,7.444036006927490234e-01,nan,nan,nan,nan,nan,nan,nan,nan,nan,nan,nan,nan,nan,nan,nan,nan,nan,nan
3.514406681060791016e+00,3.515018224716186523e+00,3.515578269958496094e+00,3.516133546829223633e+00,3.516773939132690430e+00,3.517735004425048828e+00,3.519062280654907227e+00,3.520375251770019531e+00,3.521795749664306641e+00,3.523472309112548828e+00,3.525461435317993164e+00,3.527610063552856445e+00,3.529458284378051758e+00,3.531022548675537109e+00,3.532314538955688477e+00,3.533167600631713867e+00,3.533732414245605469e+00,3.534246683120727539e+00,3.534539699554443359e+00,3.534405231475830078e+00,3.534237146377563477e+00,3.533912181854248047e+00,3.533338785171508789e+00,3.532606124877929688e+00,3.531269073486328125e+00,3.529498100280761719e+00,3.527746438980102539e+00,3.526367902755737305e+00,3.525576591491699219e+00,3.524986028671264648e+00,3.524484395980834961e+00,3.524423599243164062e+00,3.524901151657104492e+00,3.525549650192260742e+00,3.525560140609741211e+00,3.526243686676025391e+00,3.528529644012451172e+00,3.533825159072875977e+00,3.541113138198852539e+00,3.549375772476196289e+00,3.558562278747558594e+00,3.568099498748779297e+00,3.579019784927368164e+00,3.586645603179931641e+00,3.587393999099731445e+00,3.584039211273193359e+00,3.576627492904663086e+00,3.567670345306396484e+00,3.562415122985839844e+00,3.561766624450683594e+00,3.558736085891723633e+00,3.551341772079467773e+00,3.540550947189331055e+00,3.529707908630371094e+00,3.519806385040283203e+00,3.509742259979248047e+00,3.501010179519653320e+00,3.493799924850463867e+00,3.488230466842651367e+00,3.484863042831420898e+00,3.483841419219970703e+00,3.487181425094604492e+00,3.496574163436889648e+00,3.508334636688232422e+00,3.519425392150878906e+00,3.531511545181274414e+00,3.545709848403930664e+00,3.554620742797851562e+00,3.559308528900146484e+00,3.563499212265014648e+00,3.562583446502685547e+00,3.559119939804077148e+00,3.549409389495849609e+00,3.532979726791381836e+00,3.515953302383422852e+00,3.505784034729003906e+00,3.493131399154663086e+00,3.476664781570434570e+00,3.457581758499145508e+00,3.434598922729492188e+00,3.405879259109497070e+00,3.382119655609130859e+00,3.367110967636108398e+00,3.355640411376953125e+00,3.347389221191406250e+00,3.343004941940307617e+00,3.336386203765869141e+00,3.329465866088867188e+00,3.322185277938842773e+00,3.322390556335449219e+00,3.326454401016235352e+00,3.327668428421020508e+00,3.331973791122436523e+00,3.340897321701049805e+00,3.351007938385009766e+00,3.356400251388549805e+00,3.357262134552001953e+00,3.352685213088989258e+00,3.348506450653076172e+00,3.350947141647338867e+00,3.350685358047485352e+00,3.347387075424194336e+00,3.353397846221923828e+00,3.361502647399902344e+00,3.358395099639892578e+00,3.356679916381835938e+00,3.358458280563354492e+00,3.363652944564819336e+00,3.373407840728759766e+00,3.382945060729980469e+00,3.382609128952026367e+00,3.382312536239624023e+00,3.387103080749511719e+00,3.395050287246704102e+00,3.410728454589843750e+00,3.440204858779907227e+00,3.481802701950073242e+00,3.533585786819458008e+00,3.591594934463500977e+00,3.652405977249145508e+00,3.712411880493164062e+00,3.778292655944824219e+00,3.846702575683593750e+00,3.909331083297729492e+00,3.993334531784057617e+00,4.044593811035156250e+00,4.062743663787841797e+00,4.045600891113281250e+00,4.106167316436767578e+00,4.095655918121337891e+00,4.085793972015380859e+00,4.051963806152343750e+00,3.972276687622070312e+00,3.837932109832763672e+00,3.675137281417846680e+00,3.500459909439086914e+00,3.316949605941772461e+00,3.123511552810668945e+00,2.907891988754272461e+00,2.540010929107666016e+00,1.884385228157043457e+00,1.124616026878356934e+00,nan,nan,nan,nan,nan,nan,nan,nan,nan,nan,nan,nan,nan,nan,nan,nan,nan,nan
3.516505479812622070e+00,3.516982793807983398e+00,3.517532825469970703e+00,3.518215894699096680e+00,3.519081592559814453e+00,3.520299196243286133e+00,3.521694898605346680e+00,3.523050546646118164e+00,3.524606466293334961e+00,3.526412010192871094e+00,3.528433799743652344e+00,3.530373811721801758e+00,3.531884431838989258e+00,3.533093690872192383e+00,3.533986568450927734e+00,3.534595966339111328e+00,3.535063743591308594e+00,3.535482168197631836e+00,3.535704851150512695e+00,3.535632133483886719e+00,3.535422801971435547e+00,3.534924745559692383e+00,3.534273147583007812e+00,3.533316850662231445e+00,3.531708240509033203e+00,3.529931068420410156e+00,3.528599500656127930e+00,3.527740955352783203e+00,3.527312994003295898e+00,3.527019977569580078e+00,3.527069807052612305e+00,3.527559995651245117e+00,3.528389692306518555e+00,3.529124736785888672e+00,3.529983043670654297e+00,3.532936334609985352e+00,3.537544727325439453e+00,3.543760299682617188e+00,3.549991369247436523e+00,3.555639028549194336e+00,3.561243772506713867e+00,3.566904306411743164e+00,3.572685718536376953e+00,3.571630477905273438e+00,3.566277027130126953e+00,3.560757160186767578e+00,3.553972005844116211e+00,3.548368930816650391e+00,3.547934532165527344e+00,3.547179698944091797e+00,3.540330886840820312e+00,3.531472921371459961e+00,3.522941350936889648e+00,3.516702890396118164e+00,3.512012004852294922e+00,3.507628679275512695e+00,3.503498554229736328e+00,3.500817537307739258e+00,3.499790191650390625e+00,3.501626253128051758e+00,3.506895065307617188e+00,3.515286684036254883e+00,3.527858734130859375e+00,3.540461778640747070e+00,3.551931858062744141e+00,3.563616275787353516e+00,3.574457645416259766e+00,3.577359914779663086e+00,3.576463937759399414e+00,3.574527502059936523e+00,3.567918539047241211e+00,3.557835817337036133e+00,3.541489839553833008e+00,3.520215272903442383e+00,3.502051115036010742e+00,3.488832950592041016e+00,3.470813989639282227e+00,3.450972557067871094e+00,3.430020809173583984e+00,3.406266689300537109e+00,3.383901357650756836e+00,3.371383666992187500e+00,3.366247177124023438e+00,3.362224578857421875e+00,3.358863353729248047e+00,3.357485771179199219e+00,3.356881380081176758e+00,3.356100320816040039e+00,3.358583927154541016e+00,3.366077661514282227e+00,3.371299505233764648e+00,3.374171257019042969e+00,3.381798505783081055e+00,3.392169475555419922e+00,3.399739503860473633e+00,3.399906635284423828e+00,3.393448114395141602e+00,3.384617567062377930e+00,3.383254289627075195e+00,3.383435964584350586e+00,3.379342794418334961e+00,3.372200965881347656e+00,3.372016429901123047e+00,3.371968269348144531e+00,3.364604473114013672e+00,3.362430095672607422e+00,3.365573644638061523e+00,3.369084358215332031e+00,3.375565767288208008e+00,3.373783826828002930e+00,3.373981475830078125e+00,3.374220371246337891e+00,3.384053945541381836e+00,3.400240659713745117e+00,3.432650804519653320e+00,3.476453781127929688e+00,3.531496763229370117e+00,3.592086553573608398e+00,3.654622554779052734e+00,3.718180418014526367e+00,3.780137062072753906e+00,3.845633745193481445e+00,3.907780170440673828e+00,3.963428974151611328e+00,4.015066623687744141e+00,4.059871196746826172e+00,4.087188720703125000e+00,4.095972537994384766e+00,4.210396766662597656e+00,4.270412445068359375e+00,4.251537322998046875e+00,4.181236743927001953e+00,4.067058086395263672e+00,3.910726785659790039e+00,3.739989757537841797e+00,3.554502010345458984e+00,3.377587318420410156e+00,3.209636211395263672e+00,3.048515081405639648e+00,2.784920215606689453e+00,2.271531820297241211e+00,1.563406825065612793e+00,nan,nan,nan,nan,nan,nan,nan,nan,nan,nan,nan,nan,nan,nan,nan,nan,nan,nan
3.518588542938232422e+00,3.519043445587158203e+00,3.519669532775878906e+00,3.520516633987426758e+00,3.521580219268798828e+00,3.522957324981689453e+00,3.524360895156860352e+00,3.525751590728759766e+00,3.527400493621826172e+00,3.529184818267822266e+00,3.531054019927978516e+00,3.532639980316162109e+00,3.533794164657592773e+00,3.534722805023193359e+00,3.535385608673095703e+00,3.535931587219238281e+00,3.536353826522827148e+00,3.536720752716064453e+00,3.536906003952026367e+00,3.536801815032958984e+00,3.536469936370849609e+00,3.535838603973388672e+00,3.535115718841552734e+00,3.533990144729614258e+00,3.532313823699951172e+00,3.530865669250488281e+00,3.530042886734008789e+00,3.529496669769287109e+00,3.529260396957397461e+00,3.529332637786865234e+00,3.529874086380004883e+00,3.530715227127075195e+00,3.531768798828125000e+00,3.532818555831909180e+00,3.535065650939941406e+00,3.539213895797729492e+00,3.543752908706665039e+00,3.548697948455810547e+00,3.552898883819580078e+00,3.556617736816406250e+00,3.560376405715942383e+00,3.563673019409179688e+00,3.564745664596557617e+00,3.560116052627563477e+00,3.555035829544067383e+00,3.551775693893432617e+00,3.548689842224121094e+00,3.547019720077514648e+00,3.547138690948486328e+00,3.542649745941162109e+00,3.533831834793090820e+00,3.526504993438720703e+00,3.522897005081176758e+00,3.521672964096069336e+00,3.521006584167480469e+00,3.519739627838134766e+00,3.518241643905639648e+00,3.517463922500610352e+00,3.520068883895874023e+00,3.525862216949462891e+00,3.534362792968750000e+00,3.543765783309936523e+00,3.554967403411865234e+00,3.565490722656250000e+00,3.573811769485473633e+00,3.581796646118164062e+00,3.585169076919555664e+00,3.579732894897460938e+00,3.573760032653808594e+00,3.566698789596557617e+00,3.556047916412353516e+00,3.540788173675537109e+00,3.519379377365112305e+00,3.496197223663330078e+00,3.478671550750732422e+00,3.464919805526733398e+00,3.448176145553588867e+00,3.432103633880615234e+00,3.414050102233886719e+00,3.399044513702392578e+00,3.389154434204101562e+00,3.388376474380493164e+00,3.390522241592407227e+00,3.390251636505126953e+00,3.389676332473754883e+00,3.390894889831542969e+00,3.398749589920043945e+00,3.402175664901733398e+00,3.410078525543212891e+00,3.415560007095336914e+00,3.417585611343383789e+00,3.422605752944946289e+00,3.429664611816406250e+00,3.436691761016845703e+00,3.435606956481933594e+00,3.428135156631469727e+00,3.418337821960449219e+00,3.412704467773437500e+00,3.413123607635498047e+00,3.404125690460205078e+00,3.394838094711303711e+00,3.384856939315795898e+00,3.377022504806518555e+00,3.373310327529907227e+00,3.370794773101806641e+00,3.371894359588623047e+00,3.376406669616699219e+00,3.376417160034179688e+00,3.377243995666503906e+00,3.366657018661499023e+00,3.373831987380981445e+00,3.385474681854248047e+00,3.406057596206665039e+00,3.436882972717285156e+00,3.486498117446899414e+00,3.541197776794433594e+00,3.602955102920532227e+00,3.664632081985473633e+00,3.726620674133300781e+00,3.788078308105468750e+00,3.849415779113769531e+00,3.909507751464843750e+00,3.962018251419067383e+00,4.013142585754394531e+00,4.061027526855468750e+00,4.101011753082275391e+00,4.127638816833496094e+00,4.148006916046142578e+00,4.307989120483398438e+00,4.383038043975830078e+00,4.331218242645263672e+00,4.226119995117187500e+00,4.097768306732177734e+00,3.956013679504394531e+00,3.792777299880981445e+00,3.608277559280395508e+00,3.445328235626220703e+00,3.308789491653442383e+00,3.191826105117797852e+00,3.020872354507446289e+00,2.665161371231079102e+00,1.948651790618896484e+00,1.260519504547119141e+00,nan,nan,nan,nan,nan,nan,nan,nan,nan,nan,nan,nan,nan,nan,nan,nan,nan
3.520664453506469727e+00,3.521253108978271484e+00,3.522005319595336914e+00,3.522964239120483398e+00,3.524190664291381836e+00,3.525602340698242188e+00,3.526905536651611328e+00,3.528353929519653320e+00,3.530032157897949219e+00,3.531671524047851562e+00,3.533278465270996094e+00,3.534506082534790039e+00,3.535472869873046875e+00,3.536304473876953125e+00,3.536922216415405273e+00,3.537414312362670898e+00,3.537744998931884766e+00,3.538028001785278320e+00,3.538136720657348633e+00,3.537958145141601562e+00,3.537487268447875977e+00,3.536767959594726562e+00,3.536058664321899414e+00,3.534958124160766602e+00,3.533455848693847656e+00,3.532406091690063477e+00,3.531804800033569336e+00,3.531315326690673828e+00,3.531263828277587891e+00,3.531750202178955078e+00,3.532617092132568359e+00,3.533665180206298828e+00,3.534975290298461914e+00,3.536593675613403320e+00,3.539632081985473633e+00,3.543293952941894531e+00,3.546812534332275391e+00,3.550496578216552734e+00,3.553890466690063477e+00,3.557226896286010742e+00,3.559410333633422852e+00,3.561278820037841797e+00,3.560299158096313477e+00,3.556944608688354492e+00,3.554757833480834961e+00,3.553737878799438477e+00,3.552201271057128906e+00,3.550251007080078125e+00,3.548023939132690430e+00,3.541832208633422852e+00,3.534649133682250977e+00,3.532144784927368164e+00,3.533689022064208984e+00,3.535845756530761719e+00,3.536614656448364258e+00,3.536361217498779297e+00,3.536053657531738281e+00,3.537465810775756836e+00,3.543080806732177734e+00,3.550145149230957031e+00,3.557905197143554688e+00,3.564919233322143555e+00,3.572749376296997070e+00,3.579139232635498047e+00,3.581844329833984375e+00,3.582940340042114258e+00,3.577354192733764648e+00,3.566552162170410156e+00,3.557849407196044922e+00,3.546700716018676758e+00,3.533019065856933594e+00,3.516489505767822266e+00,3.494429588317871094e+00,3.474445343017578125e+00,3.461846590042114258e+00,3.453701972961425781e+00,3.443187475204467773e+00,3.434796810150146484e+00,3.425343990325927734e+00,3.420990228652954102e+00,3.421058893203735352e+00,3.426368474960327148e+00,3.429982900619506836e+00,3.430898666381835938e+00,3.433331727981567383e+00,3.435830354690551758e+00,3.443872213363647461e+00,3.450901269912719727e+00,3.456429719924926758e+00,3.457370758056640625e+00,3.458349704742431641e+00,3.461857795715332031e+00,3.465728998184204102e+00,3.466345787048339844e+00,3.457746744155883789e+00,3.446876287460327148e+00,3.435868740081787109e+00,3.429212093353271484e+00,3.423816442489624023e+00,3.408296585083007812e+00,3.396995306015014648e+00,3.386975049972534180e+00,3.380388259887695312e+00,3.376573324203491211e+00,3.377038240432739258e+00,3.380228757858276367e+00,3.382035493850708008e+00,3.379794597625732422e+00,3.378082990646362305e+00,3.372088909149169922e+00,3.387461423873901367e+00,3.417378187179565430e+00,3.450687408447265625e+00,3.496561765670776367e+00,3.555547237396240234e+00,3.615096569061279297e+00,3.676147699356079102e+00,3.736194849014282227e+00,3.794806718826293945e+00,3.852479219436645508e+00,3.910014152526855469e+00,3.963200807571411133e+00,4.010563850402832031e+00,4.057054519653320312e+00,4.095458984375000000e+00,4.127729892730712891e+00,4.147865295410156250e+00,4.176416397094726562e+00,4.338046073913574219e+00,4.365182876586914062e+00,4.297639846801757812e+00,4.207053184509277344e+00,4.109527587890625000e+00,4.006453037261962891e+00,3.870436668395996094e+00,3.707533836364746094e+00,3.554237127304077148e+00,3.434597015380859375e+00,3.346200466156005859e+00,3.225412368774414062e+00,2.996428728103637695e+00,2.480893611907958984e+00,1.763970017433166504e+00,8.842632770538330078e-01,nan,nan,nan,nan,nan,nan,nan,nan,nan,nan,nan,nan,nan,nan,nan,nan
3.522907972335815430e+00,3.523602962493896484e+00,3.524417877197265625e+00,3.525441408157348633e+00,3.526738405227661133e+00,3.528054237365722656e+00,3.529345273971557617e+00,3.530958652496337891e+00,3.532497644424438477e+00,3.533897399902343750e+00,3.535304784774780273e+00,3.536399602890014648e+00,3.537336111068725586e+00,3.538044214248657227e+00,3.538537025451660156e+00,3.538893699645996094e+00,3.539103507995605469e+00,3.539307594299316406e+00,3.539330005645751953e+00,3.539032697677612305e+00,3.538435220718383789e+00,3.537757635116577148e+00,3.537131309509277344e+00,3.536043643951416016e+00,3.534711122512817383e+00,3.533881425857543945e+00,3.533272027969360352e+00,3.532937526702880859e+00,3.533324480056762695e+00,3.534205675125122070e+00,3.535319089889526367e+00,3.536582231521606445e+00,3.538156747817993164e+00,3.540218830108642578e+00,3.543098926544189453e+00,3.545961380004882812e+00,3.549010515213012695e+00,3.552247762680053711e+00,3.555095195770263672e+00,3.557442426681518555e+00,3.558743238449096680e+00,3.559670448303222656e+00,3.558874368667602539e+00,3.557597398757934570e+00,3.556514263153076172e+00,3.555663585662841797e+00,3.553350210189819336e+00,3.550527334213256836e+00,3.547899961471557617e+00,3.543255329132080078e+00,3.539951086044311523e+00,3.542278051376342773e+00,3.546252727508544922e+00,3.548785686492919922e+00,3.548854351043701172e+00,3.548927068710327148e+00,3.549618721008300781e+00,3.553747892379760742e+00,3.559451103210449219e+00,3.564404487609863281e+00,3.569110155105590820e+00,3.572940587997436523e+00,3.577002763748168945e+00,3.578426361083984375e+00,3.575693845748901367e+00,3.570317506790161133e+00,3.561290979385375977e+00,3.550518989562988281e+00,3.540894508361816406e+00,3.529115438461303711e+00,3.517262220382690430e+00,3.503904104232788086e+00,3.486502885818481445e+00,3.473847150802612305e+00,3.468336820602416992e+00,3.465406894683837891e+00,3.460849761962890625e+00,3.458593845367431641e+00,3.457480430603027344e+00,3.457797527313232422e+00,3.460543632507324219e+00,3.464734315872192383e+00,3.466237545013427734e+00,3.468308925628662109e+00,3.471805334091186523e+00,3.474770545959472656e+00,3.479460477828979492e+00,3.484112024307250977e+00,3.486590623855590820e+00,3.486153125762939453e+00,3.486457109451293945e+00,3.487707138061523438e+00,3.486966848373413086e+00,3.480985879898071289e+00,3.468790292739868164e+00,3.454907417297363281e+00,3.441429615020751953e+00,3.427921295166015625e+00,3.416754961013793945e+00,3.403331279754638672e+00,3.392770051956176758e+00,3.383397102355957031e+00,3.377326488494873047e+00,3.373994112014770508e+00,3.373622655868530273e+00,3.374600410461425781e+00,3.373356819152832031e+00,3.374090671539306641e+00,3.380401849746704102e+00,3.389121532440185547e+00,3.417173862457275391e+00,3.460677146911621094e+00,3.506533145904541016e+00,3.559284210205078125e+00,3.621840238571166992e+00,3.682073593139648438e+00,3.742090702056884766e+00,3.799649238586425781e+00,3.854301452636718750e+00,3.908279657363891602e+00,3.962032079696655273e+00,4.010817527770996094e+00,4.053592681884765625e+00,4.092687606811523438e+00,4.122759819030761719e+00,4.147201538085937500e+00,4.161917686462402344e+00,4.186533927917480469e+00,4.255293369293212891e+00,4.250605106353759766e+00,4.219321250915527344e+00,4.193966388702392578e+00,4.154880046844482422e+00,4.133065700531005859e+00,4.028636455535888672e+00,3.888756036758422852e+00,3.717872381210327148e+00,3.583868980407714844e+00,3.467103004455566406e+00,3.373419046401977539e+00,3.219416618347167969e+00,2.892951250076293945e+00,2.298564434051513672e+00,1.565648198127746582e+00,nan,nan,nan,nan,nan,nan,nan,nan,nan,nan,nan,nan,nan,nan,nan,nan
3.525247097015380859e+00,3.525955200195312500e+00,3.526777505874633789e+00,3.527869701385498047e+00,3.529147386550903320e+00,3.530395746231079102e+00,3.531836509704589844e+00,3.533410310745239258e+00,3.534611463546752930e+00,3.535915136337280273e+00,3.537301063537597656e+00,3.538335323333740234e+00,3.539080619812011719e+00,3.539512872695922852e+00,3.539855003356933594e+00,3.540117502212524414e+00,3.540298461914062500e+00,3.540408849716186523e+00,3.540275812149047852e+00,3.539844751358032227e+00,3.539252519607543945e+00,3.538707256317138672e+00,3.538043737411499023e+00,3.536910295486450195e+00,3.535764694213867188e+00,3.535038709640502930e+00,3.534521579742431641e+00,3.534691095352172852e+00,3.535612583160400391e+00,3.536745548248291016e+00,3.537997722625732422e+00,3.539388895034790039e+00,3.541111707687377930e+00,3.543294191360473633e+00,3.545801877975463867e+00,3.548439264297485352e+00,3.551368951797485352e+00,3.554066896438598633e+00,3.556284427642822266e+00,3.557915925979614258e+00,3.558833122253417969e+00,3.559247493743896484e+00,3.558972120285034180e+00,3.558283567428588867e+00,3.557239294052124023e+00,3.555750846862792969e+00,3.553849220275878906e+00,3.552235126495361328e+00,3.549865961074829102e+00,3.547404766082763672e+00,3.547791957855224609e+00,3.552033185958862305e+00,3.555660486221313477e+00,3.556928634643554688e+00,3.556373119354248047e+00,3.556658267974853516e+00,3.558420658111572266e+00,3.562010288238525391e+00,3.564591169357299805e+00,3.566327571868896484e+00,3.568624734878540039e+00,3.570670127868652344e+00,3.571845769882202148e+00,3.569425344467163086e+00,3.564352035522460938e+00,3.558242321014404297e+00,3.550968885421752930e+00,3.542993545532226562e+00,3.535030364990234375e+00,3.526832818984985352e+00,3.519222497940063477e+00,3.509892225265502930e+00,3.498819351196289062e+00,3.492795228958129883e+00,3.492128133773803711e+00,3.492023944854736328e+00,3.491339206695556641e+00,3.490712404251098633e+00,3.490669965744018555e+00,3.490997552871704102e+00,3.491782188415527344e+00,3.492434978485107422e+00,3.492864370346069336e+00,3.494206190109252930e+00,3.496531248092651367e+00,3.499443769454956055e+00,3.502198457717895508e+00,3.504432678222656250e+00,3.505734205245971680e+00,3.505718469619750977e+00,3.503421545028686523e+00,3.500602006912231445e+00,3.493472814559936523e+00,3.481474637985229492e+00,3.465218544006347656e+00,3.448081254959106445e+00,3.431735038757324219e+00,3.416428565979003906e+00,3.402735471725463867e+00,3.391616821289062500e+00,3.381873369216918945e+00,3.371897220611572266e+00,3.364986658096313477e+00,3.360904693603515625e+00,3.359513998031616211e+00,3.358835220336914062e+00,3.365813493728637695e+00,3.378848314285278320e+00,3.398135423660278320e+00,3.424652338027954102e+00,3.467776536941528320e+00,3.514082193374633789e+00,3.562997579574584961e+00,3.617091894149780273e+00,3.680413007736206055e+00,3.741305589675903320e+00,3.800923824310302734e+00,3.856191635131835938e+00,3.907614231109619141e+00,3.957427501678466797e+00,4.007686138153076172e+00,4.051526069641113281e+00,4.088644981384277344e+00,4.119164466857910156e+00,4.143274784088134766e+00,4.163009166717529297e+00,4.174229621887207031e+00,4.180333137512207031e+00,4.194921493530273438e+00,4.209312915802001953e+00,4.232532024383544922e+00,4.258381843566894531e+00,4.288769721984863281e+00,4.317933559417724609e+00,4.250480651855468750e+00,4.083567142486572266e+00,3.868523120880126953e+00,3.686732769012451172e+00,3.539849042892456055e+00,3.439014911651611328e+00,3.333044290542602539e+00,3.134298086166381836e+00,2.708121061325073242e+00,2.036387681961059570e+00,1.299169063568115234e+00,nan,nan,nan,nan,nan,nan,nan,nan,nan,nan,nan,nan,nan,nan,nan
3.527567863464355469e+00,3.528197765350341797e+00,3.528988361358642578e+00,3.530202865600585938e+00,3.531482458114624023e+00,3.532695055007934570e+00,3.534147977828979492e+00,3.535476684570312500e+00,3.536580324172973633e+00,3.537997484207153320e+00,3.539242029190063477e+00,3.540024518966674805e+00,3.540467739105224609e+00,3.540736436843872070e+00,3.541011333465576172e+00,3.541212320327758789e+00,3.541304349899291992e+00,3.541220903396606445e+00,3.540953159332275391e+00,3.540541410446166992e+00,3.540097951889038086e+00,3.539591789245605469e+00,3.538816928863525391e+00,3.537722110748291016e+00,3.536742210388183594e+00,3.536123752593994141e+00,3.535987138748168945e+00,3.536725282669067383e+00,3.537890195846557617e+00,3.539036273956298828e+00,3.540240526199340820e+00,3.541715383529663086e+00,3.543525695800781250e+00,3.545644521713256836e+00,3.547996759414672852e+00,3.550531625747680664e+00,3.553105354309082031e+00,3.555334806442260742e+00,3.557085037231445312e+00,3.558182716369628906e+00,3.558744668960571289e+00,3.558995008468627930e+00,3.558723449707031250e+00,3.557916879653930664e+00,3.556780338287353516e+00,3.555449247360229492e+00,3.554245710372924805e+00,3.552811384201049805e+00,3.550922632217407227e+00,3.550716161727905273e+00,3.553184747695922852e+00,3.558006286621093750e+00,3.560855865478515625e+00,3.561362266540527344e+00,3.560852050781250000e+00,3.560994386672973633e+00,3.561834335327148438e+00,3.563138008117675781e+00,3.564158916473388672e+00,3.565920114517211914e+00,3.567695617675781250e+00,3.568923473358154297e+00,3.567884206771850586e+00,3.564293146133422852e+00,3.559856891632080078e+00,3.555467128753662109e+00,3.550414800643920898e+00,3.545012712478637695e+00,3.539864540100097656e+00,3.534665584564208984e+00,3.529597043991088867e+00,3.523566246032714844e+00,3.517572402954101562e+00,3.515910863876342773e+00,3.516984462738037109e+00,3.517115831375122070e+00,3.516541719436645508e+00,3.514430761337280273e+00,3.512170076370239258e+00,3.510478258132934570e+00,3.509384632110595703e+00,3.508563518524169922e+00,3.508399248123168945e+00,3.509635686874389648e+00,3.511621475219726562e+00,3.514088630676269531e+00,3.515579223632812500e+00,3.516598463058471680e+00,3.516727209091186523e+00,3.514237642288208008e+00,3.507740497589111328e+00,3.499052286148071289e+00,3.486431598663330078e+00,3.469865560531616211e+00,3.450990200042724609e+00,3.432939767837524414e+00,3.416550397872924805e+00,3.401599407196044922e+00,3.389014959335327148e+00,3.378676176071166992e+00,3.369565486907958984e+00,3.358639717102050781e+00,3.352757692337036133e+00,3.351773977279663086e+00,3.353520393371582031e+00,3.362660408020019531e+00,3.388501644134521484e+00,3.416735172271728516e+00,3.446636915206909180e+00,3.484663009643554688e+00,3.529036045074462891e+00,3.567238569259643555e+00,3.613335132598876953e+00,3.669517993927001953e+00,3.737003803253173828e+00,3.801189899444580078e+00,3.859831094741821289e+00,3.910854578018188477e+00,3.957554340362548828e+00,4.004042148590087891e+00,4.047653198242187500e+00,4.085362911224365234e+00,4.116658210754394531e+00,4.140927314758300781e+00,4.161721706390380859e+00,4.181117057800292969e+00,4.193111896514892578e+00,4.207959651947021484e+00,4.236375331878662109e+00,4.279420375823974609e+00,4.333796024322509766e+00,4.385917186737060547e+00,4.436348438262939453e+00,4.456773281097412109e+00,4.390519142150878906e+00,4.205976963043212891e+00,3.948985576629638672e+00,3.721304416656494141e+00,3.527343273162841797e+00,3.430190563201904297e+00,3.343960285186767578e+00,3.246812105178833008e+00,2.945675611495971680e+00,2.391544818878173828e+00,1.599948763847351074e+00,nan,nan,nan,nan,nan,nan,nan,nan,nan,nan,nan,nan,nan,nan,nan
3.529749631881713867e+00,3.530273914337158203e+00,3.531129837036132812e+00,3.532476425170898438e+00,3.533766031265258789e+00,3.534931898117065430e+00,3.536330461502075195e+00,3.537574052810668945e+00,3.538760662078857422e+00,3.539996862411499023e+00,3.540847301483154297e+00,3.541365146636962891e+00,3.541624069213867188e+00,3.541805505752563477e+00,3.541952371597290039e+00,3.542030811309814453e+00,3.541992902755737305e+00,3.541842937469482422e+00,3.541636943817138672e+00,3.541339159011840820e+00,3.540929794311523438e+00,3.540298938751220703e+00,3.539389371871948242e+00,3.538304567337036133e+00,3.537497520446777344e+00,3.537138223648071289e+00,3.537417173385620117e+00,3.538393497467041016e+00,3.539522171020507812e+00,3.540608406066894531e+00,3.541829109191894531e+00,3.543419599533081055e+00,3.545266389846801758e+00,3.547300338745117188e+00,3.549583911895751953e+00,3.551913738250732422e+00,3.554120540618896484e+00,3.555852174758911133e+00,3.556957244873046875e+00,3.557458639144897461e+00,3.557716131210327148e+00,3.557610750198364258e+00,3.556927204132080078e+00,3.555849552154541016e+00,3.554677724838256836e+00,3.553612232208251953e+00,3.552670240402221680e+00,3.551736116409301758e+00,3.551768779754638672e+00,3.553943395614624023e+00,3.557799577713012695e+00,3.561912298202514648e+00,3.563268899917602539e+00,3.563060760498046875e+00,3.562501907348632812e+00,3.562204599380493164e+00,3.562964916229248047e+00,3.564597368240356445e+00,3.567072868347167969e+00,3.569800853729248047e+00,3.571364879608154297e+00,3.571029424667358398e+00,3.568702459335327148e+00,3.565329790115356445e+00,3.562538385391235352e+00,3.559812068939208984e+00,3.556264400482177734e+00,3.552568912506103516e+00,3.549167871475219727e+00,3.545764923095703125e+00,3.542415618896484375e+00,3.539299011230468750e+00,3.535146713256835938e+00,3.533806800842285156e+00,3.533612251281738281e+00,3.531396150588989258e+00,3.528152465820312500e+00,3.523756027221679688e+00,3.519303798675537109e+00,3.516833066940307617e+00,3.515704870223999023e+00,3.514640092849731445e+00,3.514343261718750000e+00,3.515800714492797852e+00,3.517300844192504883e+00,3.518148422241210938e+00,3.517887830734252930e+00,3.517392873764038086e+00,3.515856742858886719e+00,3.510750532150268555e+00,3.501940011978149414e+00,3.489831209182739258e+00,3.475059747695922852e+00,3.456450462341308594e+00,3.437511205673217773e+00,3.419311046600341797e+00,3.404142379760742188e+00,3.390565395355224609e+00,3.379129171371459961e+00,3.370580434799194336e+00,3.362793445587158203e+00,3.356867313385009766e+00,3.358823299407958984e+00,3.365701913833618164e+00,3.376194715499877930e+00,3.400643348693847656e+00,3.435242652893066406e+00,3.468351602554321289e+00,3.503341436386108398e+00,3.542035818099975586e+00,3.575987100601196289e+00,3.613797903060913086e+00,3.665184736251831055e+00,3.729762077331542969e+00,3.801785707473754883e+00,3.864155769348144531e+00,3.917002677917480469e+00,3.958857297897338867e+00,3.999235153198242188e+00,4.041339397430419922e+00,4.078911781311035156e+00,4.110301017761230469e+00,4.137866497039794922e+00,4.159943580627441406e+00,4.181533336639404297e+00,4.203561782836914062e+00,4.222744941711425781e+00,4.245325088500976562e+00,4.282531261444091797e+00,4.331995487213134766e+00,4.389914512634277344e+00,4.435331344604492188e+00,4.462169647216796875e+00,4.466113090515136719e+00,4.418741703033447266e+00,4.260995388031005859e+00,3.979150295257568359e+00,3.716109514236450195e+00,3.486565113067626953e+00,3.402391433715820312e+00,3.380956172943115234e+00,3.354932785034179688e+00,3.134615898132324219e+00,2.664967060089111328e+00,1.947155714035034180e+00,1.198734998703002930e+00,nan,nan,nan,nan,nan,nan,nan,nan,nan,nan,nan,nan,nan,nan
3.531786203384399414e+00,3.532387971878051758e+00,3.533408641815185547e+00,3.534820318222045898e+00,3.536039113998413086e+00,3.537173032760620117e+00,3.538493871688842773e+00,3.539595365524291992e+00,3.540559291839599609e+00,3.541352033615112305e+00,3.541954040527343750e+00,3.542334794998168945e+00,3.542453289031982422e+00,3.542541742324829102e+00,3.542595386505126953e+00,3.542648792266845703e+00,3.542613983154296875e+00,3.542523860931396484e+00,3.542388439178466797e+00,3.542073011398315430e+00,3.541543960571289062e+00,3.540754079818725586e+00,3.539769411087036133e+00,3.538880109786987305e+00,3.538393497467041016e+00,3.538351535797119141e+00,3.538875818252563477e+00,3.539933919906616211e+00,3.541063785552978516e+00,3.542170524597167969e+00,3.543473243713378906e+00,3.545134305953979492e+00,3.546993732452392578e+00,3.549103975296020508e+00,3.551321268081665039e+00,3.553375959396362305e+00,3.555051565170288086e+00,3.556149959564208984e+00,3.556725502014160156e+00,3.556913137435913086e+00,3.556944608688354492e+00,3.556362390518188477e+00,3.555404901504516602e+00,3.554382085800170898e+00,3.553571701049804688e+00,3.553223848342895508e+00,3.553351402282714844e+00,3.554010629653930664e+00,3.555698633193969727e+00,3.558328390121459961e+00,3.561413526535034180e+00,3.563476562500000000e+00,3.563831090927124023e+00,3.563777446746826172e+00,3.563609123229980469e+00,3.564410448074340820e+00,3.566561222076416016e+00,3.569422721862792969e+00,3.572501420974731445e+00,3.574482679367065430e+00,3.574847459793090820e+00,3.573222875595092773e+00,3.570636510848999023e+00,3.568636178970336914e+00,3.567409992218017578e+00,3.565777063369750977e+00,3.563205957412719727e+00,3.561195850372314453e+00,3.558917760848999023e+00,3.556722640991210938e+00,3.554650545120239258e+00,3.551955223083496094e+00,3.547210693359375000e+00,3.543875217437744141e+00,3.541256189346313477e+00,3.536597251892089844e+00,3.531193494796752930e+00,3.525050401687622070e+00,3.521242380142211914e+00,3.520066261291503906e+00,3.519428253173828125e+00,3.518701553344726562e+00,3.518697023391723633e+00,3.519330978393554688e+00,3.519589424133300781e+00,3.519443273544311523e+00,3.519161224365234375e+00,3.519035100936889648e+00,3.516783714294433594e+00,3.511638879776000977e+00,3.501152992248535156e+00,3.488050937652587891e+00,3.472166061401367188e+00,3.450791120529174805e+00,3.429918050765991211e+00,3.411751747131347656e+00,3.396864175796508789e+00,3.385562896728515625e+00,3.377441167831420898e+00,3.374560356140136719e+00,3.372101068496704102e+00,3.375964879989624023e+00,3.386073350906372070e+00,3.400357723236083984e+00,3.419212579727172852e+00,3.443668365478515625e+00,3.480331659317016602e+00,3.515855789184570312e+00,3.551862239837646484e+00,3.587629556655883789e+00,3.621897459030151367e+00,3.669757604598999023e+00,3.728882551193237305e+00,3.797631978988647461e+00,3.858882188796997070e+00,3.911067485809326172e+00,3.953200340270996094e+00,3.985424041748046875e+00,4.023117065429687500e+00,4.065131664276123047e+00,4.100489616394042969e+00,4.131362438201904297e+00,4.159708023071289062e+00,4.184731483459472656e+00,4.212339878082275391e+00,4.237792491912841797e+00,4.268163681030273438e+00,4.297473430633544922e+00,4.337167739868164062e+00,4.378964900970458984e+00,4.409132480621337891e+00,4.416588306427001953e+00,4.432987213134765625e+00,4.434686183929443359e+00,4.416100502014160156e+00,4.325235843658447266e+00,4.115020275115966797e+00,3.836181402206420898e+00,3.609698772430419922e+00,3.552877902984619141e+00,3.520709753036499023e+00,3.464693307876586914e+00,3.235613822937011719e+00,2.756309270858764648e+00,1.985127687454223633e+00,1.211865901947021484e+00,nan,nan,nan,nan,nan,nan,nan,nan,nan,nan,nan,nan,nan,nan
3.533861160278320312e+00,3.534579515457153320e+00,3.535706758499145508e+00,3.537028551101684570e+00,3.538088798522949219e+00,3.539095401763916016e+00,3.540161371231079102e+00,3.540996551513671875e+00,3.541751384735107422e+00,3.542405843734741211e+00,3.542956829071044922e+00,3.543104887008666992e+00,3.543070793151855469e+00,3.543164730072021484e+00,3.543252229690551758e+00,3.543313980102539062e+00,3.543248891830444336e+00,3.543133497238159180e+00,3.542948246002197266e+00,3.542561531066894531e+00,3.541953802108764648e+00,3.541139602661132812e+00,3.540338039398193359e+00,3.539805173873901367e+00,3.539637327194213867e+00,3.539848804473876953e+00,3.540561437606811523e+00,3.541682004928588867e+00,3.542815446853637695e+00,3.543966770172119141e+00,3.545381546020507812e+00,3.547151327133178711e+00,3.549132108688354492e+00,3.551221132278442383e+00,3.553139925003051758e+00,3.554671287536621094e+00,3.555755615234375000e+00,3.556427240371704102e+00,3.556678771972656250e+00,3.556706428527832031e+00,3.556389570236206055e+00,3.555554151535034180e+00,3.554806709289550781e+00,3.554246187210083008e+00,3.554157733917236328e+00,3.554698467254638672e+00,3.555566549301147461e+00,3.556815147399902344e+00,3.558527708053588867e+00,3.560477018356323242e+00,3.562417984008789062e+00,3.563912153244018555e+00,3.564826250076293945e+00,3.565772533416748047e+00,3.566893339157104492e+00,3.569299221038818359e+00,3.572371482849121094e+00,3.575099706649780273e+00,3.577053070068359375e+00,3.577688455581665039e+00,3.576772689819335938e+00,3.574735641479492188e+00,3.572482347488403320e+00,3.571696758270263672e+00,3.571379184722900391e+00,3.569697618484497070e+00,3.567550420761108398e+00,3.565866947174072266e+00,3.563634634017944336e+00,3.561448335647583008e+00,3.559213399887084961e+00,3.555444955825805664e+00,3.549436807632446289e+00,3.544687509536743164e+00,3.540537357330322266e+00,3.535048007965087891e+00,3.529244661331176758e+00,3.524889707565307617e+00,3.524597883224487305e+00,3.525346994400024414e+00,3.525492668151855469e+00,3.525362253189086914e+00,3.525631666183471680e+00,3.526256799697875977e+00,3.526993989944458008e+00,3.527738094329833984e+00,3.529052495956420898e+00,3.529215574264526367e+00,3.526199340820312500e+00,3.519577026367187500e+00,3.508344411849975586e+00,3.494166612625122070e+00,3.475516557693481445e+00,3.452725172042846680e+00,3.432564020156860352e+00,3.416475057601928711e+00,3.404697656631469727e+00,3.395904779434204102e+00,3.390501499176025391e+00,3.392296075820922852e+00,3.395582437515258789e+00,3.404308080673217773e+00,3.417886495590209961e+00,3.435436487197875977e+00,3.457722187042236328e+00,3.484383583068847656e+00,3.517083883285522461e+00,3.555743455886840820e+00,3.590538024902343750e+00,3.625216722488403320e+00,3.667831897735595703e+00,3.721642732620239258e+00,3.781550168991088867e+00,3.839202880859375000e+00,3.888163805007934570e+00,3.931039333343505859e+00,3.963925123214721680e+00,3.994740724563598633e+00,4.042022228240966797e+00,4.093974590301513672e+00,4.132222175598144531e+00,4.165056228637695312e+00,4.197031497955322266e+00,4.227979183197021484e+00,4.258779525756835938e+00,4.285500049591064453e+00,4.319221973419189453e+00,4.356983661651611328e+00,4.386765003204345703e+00,4.411160945892333984e+00,4.422119140625000000e+00,4.420705318450927734e+00,4.421877384185791016e+00,4.420175552368164062e+00,4.420069694519042969e+00,4.388473987579345703e+00,4.294753551483154297e+00,4.054750919342041016e+00,3.772609472274780273e+00,3.622194766998291016e+00,3.534401655197143555e+00,3.412577390670776367e+00,3.171728849411010742e+00,2.721735715866088867e+00,1.960137486457824707e+00,1.159551501274108887e+00,nan,nan,nan,nan,nan,nan,nan,nan,nan,nan,nan,nan,nan,nan
3.535938262939453125e+00,3.536704301834106445e+00,3.537788867950439453e+00,3.538931846618652344e+00,3.539834737777709961e+00,3.540686607360839844e+00,3.541524410247802734e+00,3.542250156402587891e+00,3.542976856231689453e+00,3.543618917465209961e+00,3.543936491012573242e+00,3.543785810470581055e+00,3.543732881546020508e+00,3.543906927108764648e+00,3.544001102447509766e+00,3.543963909149169922e+00,3.543772220611572266e+00,3.543604373931884766e+00,3.543401956558227539e+00,3.542983531951904297e+00,3.542365312576293945e+00,3.541657686233520508e+00,3.541133642196655273e+00,3.540884494781494141e+00,3.540948629379272461e+00,3.541335582733154297e+00,3.542121887207031250e+00,3.543234109878540039e+00,3.544419050216674805e+00,3.545723676681518555e+00,3.547281980514526367e+00,3.549127340316772461e+00,3.551075696945190430e+00,3.552886247634887695e+00,3.554368734359741211e+00,3.555396795272827148e+00,3.556072950363159180e+00,3.556474208831787109e+00,3.556559085845947266e+00,3.556406021118164062e+00,3.555859565734863281e+00,3.555274248123168945e+00,3.555014610290527344e+00,3.555038213729858398e+00,3.555661439895629883e+00,3.556776762008666992e+00,3.557953834533691406e+00,3.559287548065185547e+00,3.560791492462158203e+00,3.562434911727905273e+00,3.564177274703979492e+00,3.566037654876708984e+00,3.567828416824340820e+00,3.569897413253784180e+00,3.572150707244873047e+00,3.575071334838867188e+00,3.577383756637573242e+00,3.578927755355834961e+00,3.579484224319458008e+00,3.579065322875976562e+00,3.577673912048339844e+00,3.575970649719238281e+00,3.574665784835815430e+00,3.574505567550659180e+00,3.573481559753417969e+00,3.571417331695556641e+00,3.569534540176391602e+00,3.567883968353271484e+00,3.565553665161132812e+00,3.563222885131835938e+00,3.560278415679931641e+00,3.555613994598388672e+00,3.549210071563720703e+00,3.544166326522827148e+00,3.539491653442382812e+00,3.534593105316162109e+00,3.530838251113891602e+00,3.530326843261718750e+00,3.532233476638793945e+00,3.533149957656860352e+00,3.533325910568237305e+00,3.533445835113525391e+00,3.534169912338256836e+00,3.535331249237060547e+00,3.536840438842773438e+00,3.538551330566406250e+00,3.540114402770996094e+00,3.539940834045410156e+00,3.535394191741943359e+00,3.526945829391479492e+00,3.515769004821777344e+00,3.501042604446411133e+00,3.481271028518676758e+00,3.460990428924560547e+00,3.443770647048950195e+00,3.431021451950073242e+00,3.419904947280883789e+00,3.409115791320800781e+00,3.405586004257202148e+00,3.408959627151489258e+00,3.416869163513183594e+00,3.429037332534790039e+00,3.445969343185424805e+00,3.465569972991943359e+00,3.489879369735717773e+00,3.518275976181030273e+00,3.549947977066040039e+00,3.582390546798706055e+00,3.619897365570068359e+00,3.657790184020996094e+00,3.707747936248779297e+00,3.765679597854614258e+00,3.820635318756103516e+00,3.863463640213012695e+00,3.904959678649902344e+00,3.942493200302124023e+00,3.971639633178710938e+00,4.023817062377929688e+00,4.091831684112548828e+00,4.149960517883300781e+00,4.188566684722900391e+00,4.219241142272949219e+00,4.249550342559814453e+00,4.282287597656250000e+00,4.314778804779052734e+00,4.345412254333496094e+00,4.382026195526123047e+00,4.413144588470458984e+00,4.433128833770751953e+00,4.445928096771240234e+00,4.449385643005371094e+00,4.444850921630859375e+00,4.437055110931396484e+00,4.437916755676269531e+00,4.450346946716308594e+00,4.461108207702636719e+00,4.441585063934326172e+00,4.263339996337890625e+00,4.011787414550781250e+00,3.824973344802856445e+00,3.666739225387573242e+00,3.511255502700805664e+00,3.265655994415283203e+00,2.810214757919311523e+00,2.039277791976928711e+00,1.126513361930847168e+00,nan,nan,nan,nan,nan,nan,nan,nan,nan,nan,nan,nan,nan,nan
3.537872552871704102e+00,3.538594961166381836e+00,3.539627552032470703e+00,3.540654182434082031e+00,3.541464805603027344e+00,3.542218446731567383e+00,3.542941570281982422e+00,3.543554544448852539e+00,3.544117212295532227e+00,3.544536113739013672e+00,3.544563293457031250e+00,3.544364213943481445e+00,3.544448137283325195e+00,3.544631481170654297e+00,3.544604063034057617e+00,3.544451951980590820e+00,3.544236660003662109e+00,3.544146060943603516e+00,3.544009208679199219e+00,3.543589115142822266e+00,3.543015241622924805e+00,3.542453050613403320e+00,3.542162418365478516e+00,3.542124032974243164e+00,3.542322874069213867e+00,3.542789697647094727e+00,3.543588876724243164e+00,3.544826984405517578e+00,3.546193361282348633e+00,3.547613620758056641e+00,3.549197912216186523e+00,3.550966262817382812e+00,3.552713632583618164e+00,3.554128170013427734e+00,3.555157899856567383e+00,3.555828571319580078e+00,3.556241750717163086e+00,3.556473255157470703e+00,3.556407451629638672e+00,3.556100606918334961e+00,3.555675745010375977e+00,3.555526971817016602e+00,3.555681467056274414e+00,3.556176185607910156e+00,3.557339429855346680e+00,3.558652639389038086e+00,3.559785366058349609e+00,3.561061382293701172e+00,3.562512159347534180e+00,3.564113855361938477e+00,3.566118717193603516e+00,3.568499088287353516e+00,3.571052312850952148e+00,3.573460578918457031e+00,3.575630426406860352e+00,3.577458143234252930e+00,3.578359603881835938e+00,3.578658342361450195e+00,3.578285932540893555e+00,3.577303171157836914e+00,3.575990200042724609e+00,3.574699163436889648e+00,3.573931217193603516e+00,3.573359012603759766e+00,3.572033643722534180e+00,3.570692300796508789e+00,3.569585323333740234e+00,3.568118333816528320e+00,3.566008329391479492e+00,3.563896417617797852e+00,3.560745239257812500e+00,3.556190490722656250e+00,3.550424098968505859e+00,3.545328378677368164e+00,3.541335344314575195e+00,3.538700819015502930e+00,3.537674188613891602e+00,3.539016723632812500e+00,3.540443181991577148e+00,3.540910959243774414e+00,3.541036844253540039e+00,3.541682720184326172e+00,3.543115139007568359e+00,3.544831991195678711e+00,3.547079563140869141e+00,3.549257040023803711e+00,3.550316810607910156e+00,3.548893928527832031e+00,3.543212413787841797e+00,3.533544540405273438e+00,3.521281003952026367e+00,3.507507562637329102e+00,3.488338708877563477e+00,3.469835519790649414e+00,3.454420804977416992e+00,3.442704200744628906e+00,3.430700302124023438e+00,3.421373844146728516e+00,3.419409990310668945e+00,3.424635410308837891e+00,3.436483144760131836e+00,3.454693078994750977e+00,3.473202228546142578e+00,3.494266748428344727e+00,3.520965099334716797e+00,3.551482677459716797e+00,3.584480524063110352e+00,3.610360860824584961e+00,3.649950027465820312e+00,3.703327417373657227e+00,3.758661508560180664e+00,3.815483570098876953e+00,3.858161449432373047e+00,3.894995450973510742e+00,3.933317899703979492e+00,3.969981193542480469e+00,4.013597011566162109e+00,4.095153331756591797e+00,4.167216300964355469e+00,4.217298507690429688e+00,4.247512340545654297e+00,4.274142265319824219e+00,4.305626869201660156e+00,4.342433929443359375e+00,4.378470420837402344e+00,4.413433551788330078e+00,4.444667816162109375e+00,4.466665267944335938e+00,4.476715087890625000e+00,4.480113506317138672e+00,4.476105213165283203e+00,4.469396591186523438e+00,4.465149402618408203e+00,4.463624954223632812e+00,4.492027759552001953e+00,4.522023677825927734e+00,4.531179428100585938e+00,4.426805019378662109e+00,4.239725589752197266e+00,4.042293548583984375e+00,3.843016386032104492e+00,3.691615581512451172e+00,3.451441526412963867e+00,3.016395330429077148e+00,2.155480861663818359e+00,nan,nan,nan,nan,nan,nan,nan,nan,nan,nan,nan,nan,nan,nan,nan
3.539623975753784180e+00,3.540453195571899414e+00,3.541472673416137695e+00,3.542359590530395508e+00,3.543040513992309570e+00,3.543668746948242188e+00,3.544196128845214844e+00,3.544553041458129883e+00,3.544883251190185547e+00,3.545073986053466797e+00,3.545023918151855469e+00,3.544980287551879883e+00,3.545155763626098633e+00,3.545237779617309570e+00,3.545062541961669922e+00,3.544947624206542969e+00,3.544882535934448242e+00,3.544937133789062500e+00,3.544811725616455078e+00,3.544378757476806641e+00,3.543838024139404297e+00,3.543431043624877930e+00,3.543349504470825195e+00,3.543469190597534180e+00,3.543749332427978516e+00,3.544277429580688477e+00,3.545255899429321289e+00,3.546725034713745117e+00,3.548165082931518555e+00,3.549505710601806641e+00,3.550944328308105469e+00,3.552548646926879883e+00,3.553981065750122070e+00,3.554924726486206055e+00,3.555601358413696289e+00,3.556081295013427734e+00,3.556324005126953125e+00,3.556441068649291992e+00,3.556267738342285156e+00,3.556043624877929688e+00,3.555952310562133789e+00,3.556192159652709961e+00,3.556732892990112305e+00,3.557614803314208984e+00,3.558962106704711914e+00,3.560127735137939453e+00,3.561203479766845703e+00,3.562590599060058594e+00,3.564187049865722656e+00,3.566128253936767578e+00,3.568610668182373047e+00,3.571393489837646484e+00,3.573913097381591797e+00,3.575666427612304688e+00,3.576857805252075195e+00,3.577155828475952148e+00,3.576883792877197266e+00,3.576391458511352539e+00,3.575598478317260742e+00,3.574553012847900391e+00,3.573585033416748047e+00,3.572746515274047852e+00,3.572329998016357422e+00,3.571866989135742188e+00,3.571145296096801758e+00,3.570652723312377930e+00,3.570103168487548828e+00,3.568763732910156250e+00,3.566930770874023438e+00,3.565233469009399414e+00,3.562403917312622070e+00,3.558423995971679688e+00,3.553655624389648438e+00,3.549510240554809570e+00,3.546740531921386719e+00,3.545462369918823242e+00,3.545519590377807617e+00,3.546664237976074219e+00,3.547496557235717773e+00,3.547814130783081055e+00,3.548231601715087891e+00,3.549694299697875977e+00,3.551748752593994141e+00,3.554088592529296875e+00,3.556811571121215820e+00,3.558756351470947266e+00,3.559122562408447266e+00,3.556496620178222656e+00,3.550186157226562500e+00,3.540292024612426758e+00,3.527671098709106445e+00,3.513236522674560547e+00,3.496643066406250000e+00,3.479664802551269531e+00,3.467189311981201172e+00,3.457493066787719727e+00,3.449085950851440430e+00,3.444307088851928711e+00,3.442582607269287109e+00,3.449529409408569336e+00,3.464193105697631836e+00,3.480077981948852539e+00,3.498864889144897461e+00,3.522972583770751953e+00,3.552572965621948242e+00,3.587280750274658203e+00,3.623191833496093750e+00,3.654721021652221680e+00,3.704084873199462891e+00,3.762764692306518555e+00,3.815027475357055664e+00,3.864341974258422852e+00,3.903543233871459961e+00,3.942222356796264648e+00,3.984849691390991211e+00,4.030263423919677734e+00,4.094892501831054688e+00,4.177686691284179688e+00,4.239414691925048828e+00,4.276408195495605469e+00,4.302325725555419922e+00,4.345537662506103516e+00,4.383752822875976562e+00,4.423614025115966797e+00,4.459355831146240234e+00,4.489624023437500000e+00,4.508157253265380859e+00,4.519385814666748047e+00,4.518107891082763672e+00,4.508235454559326172e+00,4.499470710754394531e+00,4.496032714843750000e+00,4.506886959075927734e+00,4.520248413085937500e+00,4.550832271575927734e+00,4.588349819183349609e+00,4.603768825531005859e+00,4.551889896392822266e+00,4.414789676666259766e+00,4.214120388031005859e+00,4.026337146759033203e+00,3.867680072784423828e+00,3.621519804000854492e+00,3.261674165725708008e+00,2.451267480850219727e+00,nan,5.779143571853637695e-01,nan,nan,nan,nan,nan,nan,nan,nan,nan,nan,nan,nan,nan
3.541402339935302734e+00,3.542269706726074219e+00,3.543118238449096680e+00,3.543801546096801758e+00,3.544347524642944336e+00,3.544860124588012695e+00,3.545179367065429688e+00,3.545353889465332031e+00,3.545609951019287109e+00,3.545776128768920898e+00,3.545793056488037109e+00,3.545836448669433594e+00,3.545944452285766602e+00,3.545823574066162109e+00,3.545637369155883789e+00,3.545734882354736328e+00,3.545826911926269531e+00,3.545905351638793945e+00,3.545653581619262695e+00,3.545192718505859375e+00,3.544743537902832031e+00,3.544525623321533203e+00,3.544618368148803711e+00,3.544826269149780273e+00,3.545217752456665039e+00,3.545886516571044922e+00,3.547094345092773438e+00,3.548580884933471680e+00,3.549816846847534180e+00,3.550950288772583008e+00,3.552216053009033203e+00,3.553672790527343750e+00,3.554724216461181641e+00,3.555251359939575195e+00,3.555844783782958984e+00,3.556261777877807617e+00,3.556404829025268555e+00,3.556428194046020508e+00,3.556285142898559570e+00,3.556319952011108398e+00,3.556557893753051758e+00,3.557092905044555664e+00,3.557785511016845703e+00,3.558768987655639648e+00,3.559998035430908203e+00,3.561136960983276367e+00,3.562446355819702148e+00,3.564140319824218750e+00,3.566034317016601562e+00,3.568290233612060547e+00,3.570872306823730469e+00,3.573335409164428711e+00,3.574958324432373047e+00,3.575580358505249023e+00,3.575494050979614258e+00,3.574710845947265625e+00,3.573920249938964844e+00,3.573256731033325195e+00,3.572653293609619141e+00,3.572076797485351562e+00,3.571689367294311523e+00,3.571431636810302734e+00,3.571415901184082031e+00,3.571492195129394531e+00,3.571422100067138672e+00,3.571409940719604492e+00,3.571052789688110352e+00,3.569782018661499023e+00,3.568240404129028320e+00,3.566747665405273438e+00,3.564245223999023438e+00,3.560815095901489258e+00,3.556643009185791016e+00,3.552835226058959961e+00,3.550081014633178711e+00,3.548820495605468750e+00,3.549083709716796875e+00,3.550236940383911133e+00,3.550554990768432617e+00,3.551085710525512695e+00,3.552385568618774414e+00,3.554649829864501953e+00,3.557353019714355469e+00,3.560070037841796875e+00,3.562922477722167969e+00,3.564722061157226562e+00,3.564602851867675781e+00,3.561920404434204102e+00,3.555791139602661133e+00,3.546406745910644531e+00,3.534366846084594727e+00,3.520094633102416992e+00,3.506689548492431641e+00,3.495629549026489258e+00,3.489073991775512695e+00,3.484311580657958984e+00,3.479751825332641602e+00,3.477923870086669922e+00,3.478802204132080078e+00,3.481543540954589844e+00,3.495059490203857422e+00,3.506248235702514648e+00,3.529709100723266602e+00,3.559358835220336914e+00,3.598922252655029297e+00,3.640596151351928711e+00,3.682541608810424805e+00,3.726161241531372070e+00,3.781178236007690430e+00,3.832195043563842773e+00,3.880505561828613281e+00,3.929258108139038086e+00,3.973986864089965820e+00,4.018598079681396484e+00,4.069475650787353516e+00,4.125159263610839844e+00,4.194323539733886719e+00,4.259625911712646484e+00,4.314580440521240234e+00,4.349393844604492188e+00,4.396091461181640625e+00,4.445458889007568359e+00,4.482652187347412109e+00,4.515676498413085938e+00,4.541491985321044922e+00,4.558658599853515625e+00,4.562474250793457031e+00,4.559912204742431641e+00,4.544332504272460938e+00,4.529795646667480469e+00,4.525340080261230469e+00,4.538163185119628906e+00,4.563559055328369141e+00,4.590191364288330078e+00,4.615338325500488281e+00,4.636610031127929688e+00,4.646186828613281250e+00,4.621098995208740234e+00,4.515356540679931641e+00,4.343896389007568359e+00,4.161833286285400391e+00,3.961609840393066406e+00,3.707101345062255859e+00,3.405825376510620117e+00,2.912947416305541992e+00,2.156421422958374023e+00,1.543547034263610840e+00,9.704222083091735840e-01,nan,nan,nan,nan,nan,nan,nan,nan,nan,nan,nan,nan
3.543110132217407227e+00,3.543807506561279297e+00,3.544449329376220703e+00,3.545024633407592773e+00,3.545531034469604492e+00,3.545963525772094727e+00,3.546125650405883789e+00,3.546294927597045898e+00,3.546604394912719727e+00,3.546746969223022461e+00,3.546736717224121094e+00,3.546715259552001953e+00,3.546662807464599609e+00,3.546452522277832031e+00,3.546489715576171875e+00,3.546743392944335938e+00,3.546807289123535156e+00,3.546740531921386719e+00,3.546380043029785156e+00,3.546001195907592773e+00,3.545747041702270508e+00,3.545736074447631836e+00,3.545942544937133789e+00,3.546270608901977539e+00,3.546844244003295898e+00,3.547661304473876953e+00,3.548873424530029297e+00,3.550080299377441406e+00,3.551028490066528320e+00,3.552015781402587891e+00,3.553173542022705078e+00,3.554404258728027344e+00,3.555028676986694336e+00,3.555462598800659180e+00,3.556195735931396484e+00,3.556536674499511719e+00,3.556591987609863281e+00,3.556596517562866211e+00,3.556637287139892578e+00,3.556912899017333984e+00,3.557334184646606445e+00,3.557840108871459961e+00,3.558413505554199219e+00,3.559451818466186523e+00,3.560794830322265625e+00,3.562192916870117188e+00,3.563881874084472656e+00,3.565827608108520508e+00,3.567754983901977539e+00,3.569803714752197266e+00,3.571847915649414062e+00,3.573274612426757812e+00,3.573634386062622070e+00,3.573132514953613281e+00,3.572217702865600586e+00,3.571210384368896484e+00,3.570608615875244141e+00,3.570524930953979492e+00,3.570582628250122070e+00,3.570690393447875977e+00,3.570871829986572266e+00,3.571183919906616211e+00,3.571655511856079102e+00,3.572120904922485352e+00,3.572504758834838867e+00,3.572672367095947266e+00,3.572349548339843750e+00,3.571191787719726562e+00,3.569788932800292969e+00,3.568165779113769531e+00,3.565705537796020508e+00,3.562536001205444336e+00,3.557995557785034180e+00,3.553385019302368164e+00,3.550195217132568359e+00,3.549240827560424805e+00,3.550052165985107422e+00,3.551320075988769531e+00,3.551782608032226562e+00,3.553125619888305664e+00,3.555724859237670898e+00,3.558807373046875000e+00,3.562038898468017578e+00,3.565348148345947266e+00,3.568458318710327148e+00,3.570712327957153320e+00,3.570969104766845703e+00,3.569399595260620117e+00,3.563409805297851562e+00,3.555745363235473633e+00,3.545774936676025391e+00,3.535227537155151367e+00,3.529480695724487305e+00,3.527365446090698242e+00,3.526412248611450195e+00,3.523478984832763672e+00,3.519711494445800781e+00,3.517834424972534180e+00,3.516921758651733398e+00,3.518637180328369141e+00,3.528197288513183594e+00,3.544086933135986328e+00,3.574656963348388672e+00,3.616034030914306641e+00,3.666045427322387695e+00,3.715260744094848633e+00,3.765067100524902344e+00,3.815138339996337891e+00,3.865893602371215820e+00,3.916367769241333008e+00,3.966207742691040039e+00,4.018839836120605469e+00,4.069256782531738281e+00,4.122702121734619141e+00,4.179986476898193359e+00,4.240545272827148438e+00,4.299344539642333984e+00,4.359082221984863281e+00,4.409600257873535156e+00,4.450166702270507812e+00,4.501603126525878906e+00,4.544198989868164062e+00,4.571040153503417969e+00,4.590013027191162109e+00,4.599418640136718750e+00,4.600191116333007812e+00,4.592808246612548828e+00,4.578344345092773438e+00,4.559646606445312500e+00,4.559640884399414062e+00,4.569061279296875000e+00,4.592347621917724609e+00,4.616047859191894531e+00,4.633212089538574219e+00,4.635623455047607422e+00,4.629502773284912109e+00,4.635204315185546875e+00,4.602060317993164062e+00,4.524602413177490234e+00,4.396348476409912109e+00,4.220139980316162109e+00,3.996277093887329102e+00,3.744891405105590820e+00,3.470272541046142578e+00,3.176778793334960938e+00,2.669234514236450195e+00,2.211310148239135742e+00,1.579808354377746582e+00,nan,nan,nan,nan,nan,nan,nan,nan,nan,nan,nan,nan
3.544791221618652344e+00,3.545375585556030273e+00,3.545936107635498047e+00,3.546474933624267578e+00,3.546903133392333984e+00,3.547215223312377930e+00,3.547329425811767578e+00,3.547553539276123047e+00,3.547787666320800781e+00,3.547775506973266602e+00,3.547647476196289062e+00,3.547574996948242188e+00,3.547460794448852539e+00,3.547415018081665039e+00,3.547619819641113281e+00,3.547733783721923828e+00,3.547685623168945312e+00,3.547546863555908203e+00,3.547188282012939453e+00,3.546934366226196289e+00,3.546899080276489258e+00,3.547074556350708008e+00,3.547428607940673828e+00,3.547973632812500000e+00,3.548650264739990234e+00,3.549438953399658203e+00,3.550405025482177734e+00,3.551287651062011719e+00,3.552139759063720703e+00,3.553063631057739258e+00,3.554095506668090820e+00,3.555022954940795898e+00,3.555430650711059570e+00,3.556057453155517578e+00,3.556719541549682617e+00,3.556822061538696289e+00,3.556759595870971680e+00,3.556711196899414062e+00,3.556875705718994141e+00,3.557167530059814453e+00,3.557509183883666992e+00,3.557866096496582031e+00,3.558545589447021484e+00,3.559899091720581055e+00,3.561553239822387695e+00,3.563233613967895508e+00,3.565100669860839844e+00,3.566821336746215820e+00,3.568266868591308594e+00,3.569621086120605469e+00,3.570736169815063477e+00,3.571067810058593750e+00,3.570481777191162109e+00,3.569619178771972656e+00,3.568841695785522461e+00,3.568397283554077148e+00,3.568634033203125000e+00,3.569389104843139648e+00,3.570035219192504883e+00,3.570574998855590820e+00,3.571110725402832031e+00,3.571885108947753906e+00,3.572830200195312500e+00,3.573500871658325195e+00,3.574007987976074219e+00,3.574227333068847656e+00,3.574003458023071289e+00,3.572964668273925781e+00,3.571231365203857422e+00,3.569215536117553711e+00,3.566836118698120117e+00,3.563452482223510742e+00,3.558213949203491211e+00,3.552816629409790039e+00,3.550192832946777344e+00,3.550590991973876953e+00,3.552176952362060547e+00,3.553736686706542969e+00,3.555547475814819336e+00,3.558300733566284180e+00,3.562062978744506836e+00,3.565853834152221680e+00,3.569829940795898438e+00,3.573701381683349609e+00,3.577413320541381836e+00,3.580243587493896484e+00,3.581038951873779297e+00,3.579870939254760742e+00,3.574536323547363281e+00,3.570040225982666016e+00,3.563281297683715820e+00,3.561355352401733398e+00,3.562096118927001953e+00,3.564107656478881836e+00,3.563065290451049805e+00,3.557844877243041992e+00,3.551723003387451172e+00,3.546487808227539062e+00,3.541576623916625977e+00,3.544865846633911133e+00,3.560462474822998047e+00,3.583078622817993164e+00,3.622617244720458984e+00,3.676899671554565430e+00,3.736120700836181641e+00,3.793160200119018555e+00,3.849977970123291016e+00,3.902616977691650391e+00,3.954366207122802734e+00,4.004874706268310547e+00,4.054632186889648438e+00,4.108625888824462891e+00,4.166679859161376953e+00,4.225364208221435547e+00,4.286657333374023438e+00,4.346832275390625000e+00,4.399563312530517578e+00,4.447019577026367188e+00,4.491378784179687500e+00,4.526740074157714844e+00,4.573641300201416016e+00,4.605072021484375000e+00,4.619123935699462891e+00,4.623725414276123047e+00,4.618182182312011719e+00,4.602142810821533203e+00,4.590808868408203125e+00,4.577466487884521484e+00,4.577908992767333984e+00,4.595436573028564453e+00,4.611076354980468750e+00,4.620709419250488281e+00,4.630310535430908203e+00,4.616195678710937500e+00,4.594703197479248047e+00,4.571753978729248047e+00,4.553372383117675781e+00,4.507144927978515625e+00,4.440490722656250000e+00,4.340871810913085938e+00,4.219208717346191406e+00,4.026357173919677734e+00,3.796253681182861328e+00,3.535219669342041016e+00,3.322648286819458008e+00,3.044487953186035156e+00,2.688788890838623047e+00,2.192541599273681641e+00,1.435390472412109375e+00,nan,nan,nan,nan,nan,nan,nan,nan,nan,nan,nan
3.546566009521484375e+00,3.547101974487304688e+00,3.547562837600708008e+00,3.547953605651855469e+00,3.548212528228759766e+00,3.548435926437377930e+00,3.548593044281005859e+00,3.548724174499511719e+00,3.548766374588012695e+00,3.548656225204467773e+00,3.548522472381591797e+00,3.548464298248291016e+00,3.548439741134643555e+00,3.548475027084350586e+00,3.548529386520385742e+00,3.548489093780517578e+00,3.548556327819824219e+00,3.548481941223144531e+00,3.548131942749023438e+00,3.548012018203735352e+00,3.548229217529296875e+00,3.548629760742187500e+00,3.549186944961547852e+00,3.549782514572143555e+00,3.550281047821044922e+00,3.550821304321289062e+00,3.551528215408325195e+00,3.552309513092041016e+00,3.553122758865356445e+00,3.553931236267089844e+00,3.554778337478637695e+00,3.555449008941650391e+00,3.555779457092285156e+00,3.556281805038452148e+00,3.556566238403320312e+00,3.556370496749877930e+00,3.556112289428710938e+00,3.556091070175170898e+00,3.556303024291992188e+00,3.556604862213134766e+00,3.556991577148437500e+00,3.557548522949218750e+00,3.558650255203247070e+00,3.560348510742187500e+00,3.562153100967407227e+00,3.563833713531494141e+00,3.565193891525268555e+00,3.566121101379394531e+00,3.566819667816162109e+00,3.567437887191772461e+00,3.567849159240722656e+00,3.567815065383911133e+00,3.567295074462890625e+00,3.566994190216064453e+00,3.567049026489257812e+00,3.567495107650756836e+00,3.568582534790039062e+00,3.569837093353271484e+00,3.570657730102539062e+00,3.571316480636596680e+00,3.572112798690795898e+00,3.573269367218017578e+00,3.574506044387817383e+00,3.575164079666137695e+00,3.575805664062500000e+00,3.576147079467773438e+00,3.575836181640625000e+00,3.574547529220581055e+00,3.572137832641601562e+00,3.569905281066894531e+00,3.567530870437622070e+00,3.563534736633300781e+00,3.557615756988525391e+00,3.552776575088500977e+00,3.552256345748901367e+00,3.554537296295166016e+00,3.556853294372558594e+00,3.559420347213745117e+00,3.562807321548461914e+00,3.566964864730834961e+00,3.571617126464843750e+00,3.576050281524658203e+00,3.580567359924316406e+00,3.584863662719726562e+00,3.589015960693359375e+00,3.591969013214111328e+00,3.592522382736206055e+00,3.590708017349243164e+00,3.587113618850708008e+00,3.585639476776123047e+00,3.585526704788208008e+00,3.588135480880737305e+00,3.590434074401855469e+00,3.591777563095092773e+00,3.587244987487792969e+00,3.578998804092407227e+00,3.570003747940063477e+00,3.561138153076171875e+00,3.557848691940307617e+00,3.567146301269531250e+00,3.588880300521850586e+00,3.623495817184448242e+00,3.678827285766601562e+00,3.743570327758789062e+00,3.812285661697387695e+00,3.877031803131103516e+00,3.936509132385253906e+00,3.988957405090332031e+00,4.038645267486572266e+00,4.086652278900146484e+00,4.135169506072998047e+00,4.188751697540283203e+00,4.247305393218994141e+00,4.305104255676269531e+00,4.364653587341308594e+00,4.416556835174560547e+00,4.458828926086425781e+00,4.492086410522460938e+00,4.527015686035156250e+00,4.556717872619628906e+00,4.595487594604492188e+00,4.613701820373535156e+00,4.614193916320800781e+00,4.608605861663818359e+00,4.593726158142089844e+00,4.570767879486083984e+00,4.561361789703369141e+00,4.563198089599609375e+00,4.578675270080566406e+00,4.590826511383056641e+00,4.592344284057617188e+00,4.584395408630371094e+00,4.561948299407958984e+00,4.524767398834228516e+00,4.489405632019042969e+00,4.449393749237060547e+00,4.405268669128417969e+00,4.353806972503662109e+00,4.298224925994873047e+00,4.218000411987304688e+00,4.115040302276611328e+00,3.960680961608886719e+00,3.767301559448242188e+00,3.561358451843261719e+00,3.396505832672119141e+00,3.200417995452880859e+00,2.733354806900024414e+00,2.426698446273803711e+00,1.847681641578674316e+00,9.587395787239074707e-01,nan,nan,nan,nan,nan,nan,nan,nan,nan,nan
3.548269510269165039e+00,3.548676252365112305e+00,3.549010515213012695e+00,3.549263000488281250e+00,3.549417257308959961e+00,3.549647808074951172e+00,3.549777269363403320e+00,3.549746274948120117e+00,3.549658775329589844e+00,3.549553871154785156e+00,3.549461603164672852e+00,3.549431324005126953e+00,3.549445390701293945e+00,3.549436569213867188e+00,3.549372434616088867e+00,3.549436807632446289e+00,3.549640178680419922e+00,3.549556732177734375e+00,3.549250364303588867e+00,3.549324274063110352e+00,3.549827575683593750e+00,3.550395965576171875e+00,3.550908803939819336e+00,3.551174163818359375e+00,3.551301956176757812e+00,3.551605701446533203e+00,3.552194595336914062e+00,3.552911520004272461e+00,3.553618907928466797e+00,3.554266691207885742e+00,3.554894447326660156e+00,3.555253505706787109e+00,3.555371999740600586e+00,3.555688142776489258e+00,3.555654525756835938e+00,3.555286169052124023e+00,3.555040359497070312e+00,3.555198192596435547e+00,3.555512905120849609e+00,3.555984735488891602e+00,3.556571483612060547e+00,3.557436466217041016e+00,3.558805465698242188e+00,3.560567855834960938e+00,3.562176227569580078e+00,3.563332319259643555e+00,3.563806056976318359e+00,3.564178228378295898e+00,3.564614057540893555e+00,3.565089941024780273e+00,3.565619707107543945e+00,3.565900802612304688e+00,3.566073417663574219e+00,3.566601514816284180e+00,3.567262887954711914e+00,3.568210601806640625e+00,3.569645404815673828e+00,3.570817947387695312e+00,3.571579456329345703e+00,3.572325706481933594e+00,3.573425769805908203e+00,3.574910640716552734e+00,3.576173782348632812e+00,3.576893329620361328e+00,3.577844619750976562e+00,3.577863931655883789e+00,3.576881647109985352e+00,3.574712038040161133e+00,3.571905374526977539e+00,3.569595813751220703e+00,3.566848516464233398e+00,3.562254190444946289e+00,3.556679010391235352e+00,3.554717779159545898e+00,3.556852579116821289e+00,3.559925317764282227e+00,3.563256978988647461e+00,3.567125797271728516e+00,3.571793556213378906e+00,3.576946973800659180e+00,3.582134723663330078e+00,3.587094545364379883e+00,3.591915845870971680e+00,3.596241235733032227e+00,3.600262165069580078e+00,3.602565050125122070e+00,3.602511405944824219e+00,3.601209402084350586e+00,3.601380586624145508e+00,3.604364871978759766e+00,3.606007814407348633e+00,3.609889745712280273e+00,3.612746000289916992e+00,3.612706899642944336e+00,3.606375217437744141e+00,3.596398115158081055e+00,3.587001562118530273e+00,3.580379962921142578e+00,3.581080198287963867e+00,3.599449872970581055e+00,3.635038852691650391e+00,3.686934471130371094e+00,3.757385253906250000e+00,3.831190824508666992e+00,3.905784845352172852e+00,3.970396995544433594e+00,4.026325702667236328e+00,4.074642658233642578e+00,4.118939399719238281e+00,4.161354541778564453e+00,4.210338592529296875e+00,4.259891510009765625e+00,4.307844638824462891e+00,4.363007068634033203e+00,4.416150093078613281e+00,4.459833145141601562e+00,4.492482662200927734e+00,4.524127006530761719e+00,4.545222759246826172e+00,4.565325736999511719e+00,4.581407546997070312e+00,4.585968494415283203e+00,4.581642627716064453e+00,4.572617053985595703e+00,4.552597045898437500e+00,4.536682605743408203e+00,4.533451080322265625e+00,4.534319877624511719e+00,4.538537502288818359e+00,4.531997203826904297e+00,4.518686294555664062e+00,4.493399143218994141e+00,4.451192855834960938e+00,4.404678821563720703e+00,4.364359378814697266e+00,4.311305522918701172e+00,4.263609409332275391e+00,4.201129913330078125e+00,4.133553504943847656e+00,4.049474716186523438e+00,3.950180292129516602e+00,3.807469844818115234e+00,3.663523674011230469e+00,3.506422519683837891e+00,3.359883785247802734e+00,3.119071006774902344e+00,2.282628059387207031e+00,2.228029251098632812e+00,1.996147513389587402e+00,1.253132104873657227e+00,nan,nan,nan,nan,nan,nan,nan,nan,nan,nan
3.549883842468261719e+00,3.550135850906372070e+00,3.550393104553222656e+00,3.550570011138916016e+00,3.550744771957397461e+00,3.550992727279663086e+00,3.550983905792236328e+00,3.550831556320190430e+00,3.550728797912597656e+00,3.550629854202270508e+00,3.550522089004516602e+00,3.550454616546630859e+00,3.550453901290893555e+00,3.550503253936767578e+00,3.550576210021972656e+00,3.550749778747558594e+00,3.550946474075317383e+00,3.550839185714721680e+00,3.550634145736694336e+00,3.550926923751831055e+00,3.551501035690307617e+00,3.551789999008178711e+00,3.551811218261718750e+00,3.551590204238891602e+00,3.551510334014892578e+00,3.551800012588500977e+00,3.552403926849365234e+00,3.553067684173583984e+00,3.553640365600585938e+00,3.554070711135864258e+00,3.554416418075561523e+00,3.554500579833984375e+00,3.554593324661254883e+00,3.554757356643676758e+00,3.554522037506103516e+00,3.554234743118286133e+00,3.554179668426513672e+00,3.554431438446044922e+00,3.554881095886230469e+00,3.555411338806152344e+00,3.556079387664794922e+00,3.557036161422729492e+00,3.558427572250366211e+00,3.560001134872436523e+00,3.561190128326416016e+00,3.561736822128295898e+00,3.562019824981689453e+00,3.562704324722290039e+00,3.563493728637695312e+00,3.564353466033935547e+00,3.565371751785278320e+00,3.566099882125854492e+00,3.566767930984497070e+00,3.567473888397216797e+00,3.568156003952026367e+00,3.569260358810424805e+00,3.570694684982299805e+00,3.571740627288818359e+00,3.572556972503662109e+00,3.573508262634277344e+00,3.574877262115478516e+00,3.576543807983398438e+00,3.577601671218872070e+00,3.578365564346313477e+00,3.578703165054321289e+00,3.577561855316162109e+00,3.575587987899780273e+00,3.572854518890380859e+00,3.569999933242797852e+00,3.568254470825195312e+00,3.565968275070190430e+00,3.561999082565307617e+00,3.558285474777221680e+00,3.559710025787353516e+00,3.563606739044189453e+00,3.567193031311035156e+00,3.571651697158813477e+00,3.576794147491455078e+00,3.582358598709106445e+00,3.587857961654663086e+00,3.592997789382934570e+00,3.597805738449096680e+00,3.602416515350341797e+00,3.606175899505615234e+00,3.609396696090698242e+00,3.610716104507446289e+00,3.610176086425781250e+00,3.610238552093505859e+00,3.611443042755126953e+00,3.614423036575317383e+00,3.618488550186157227e+00,3.623735189437866211e+00,3.627656221389770508e+00,3.628822326660156250e+00,3.622928619384765625e+00,3.615978240966796875e+00,3.613411664962768555e+00,3.616290807723999023e+00,3.632079362869262695e+00,3.667661190032958984e+00,3.719615221023559570e+00,3.786477565765380859e+00,3.864824533462524414e+00,3.941525459289550781e+00,4.010960578918457031e+00,4.063750743865966797e+00,4.106351852416992188e+00,4.144271373748779297e+00,4.177958965301513672e+00,4.209732532501220703e+00,4.252348899841308594e+00,4.298126697540283203e+00,4.335337638854980469e+00,4.382823944091796875e+00,4.433932304382324219e+00,4.468768119812011719e+00,4.497563362121582031e+00,4.524982929229736328e+00,4.535382747650146484e+00,4.534371376037597656e+00,4.532891273498535156e+00,4.534514427185058594e+00,4.541517734527587891e+00,4.525841236114501953e+00,4.503211021423339844e+00,4.487864494323730469e+00,4.476466655731201172e+00,4.467431545257568359e+00,4.455585002899169922e+00,4.442157268524169922e+00,4.423107624053955078e+00,4.385220050811767578e+00,4.333545684814453125e+00,4.283116817474365234e+00,4.231697082519531250e+00,4.172799110412597656e+00,4.118959426879882812e+00,4.054214000701904297e+00,3.962407350540161133e+00,3.868068933486938477e+00,3.744370222091674805e+00,3.580273628234863281e+00,3.430797100067138672e+00,3.345934391021728516e+00,3.159489393234252930e+00,2.949622154235839844e+00,nan,1.962046504020690918e+00,2.015038013458251953e+00,1.303330183029174805e+00,nan,nan,nan,nan,nan,nan,nan,nan,nan,nan
3.551414489746093750e+00,3.551566600799560547e+00,3.551856040954589844e+00,3.552074432373046875e+00,3.552289962768554688e+00,3.552392959594726562e+00,3.552172660827636719e+00,3.551998615264892578e+00,3.551958322525024414e+00,3.551841735839843750e+00,3.551656007766723633e+00,3.551579952239990234e+00,3.551644802093505859e+00,3.551819801330566406e+00,3.552013397216796875e+00,3.552137851715087891e+00,3.552232980728149414e+00,3.552117109298706055e+00,3.552009344100952148e+00,3.552323818206787109e+00,3.552540540695190430e+00,3.552347421646118164e+00,3.552005529403686523e+00,3.551726341247558594e+00,3.551779508590698242e+00,3.552162885665893555e+00,3.552745580673217773e+00,3.553271055221557617e+00,3.553622722625732422e+00,3.553791522979736328e+00,3.553883552551269531e+00,3.553843021392822266e+00,3.553931236267089844e+00,3.553899526596069336e+00,3.553742647171020508e+00,3.553651809692382812e+00,3.553735494613647461e+00,3.554044961929321289e+00,3.554541110992431641e+00,3.555121898651123047e+00,3.555871725082397461e+00,3.556941270828247070e+00,3.558282375335693359e+00,3.559583425521850586e+00,3.560465097427368164e+00,3.560923814773559570e+00,3.561643123626708984e+00,3.562768459320068359e+00,3.563831806182861328e+00,3.565045118331909180e+00,3.566210746765136719e+00,3.566894054412841797e+00,3.567426681518554688e+00,3.567979335784912109e+00,3.568725347518920898e+00,3.570097923278808594e+00,3.571610927581787109e+00,3.572709321975708008e+00,3.573553562164306641e+00,3.574569463729858398e+00,3.576068401336669922e+00,3.577586889266967773e+00,3.578201532363891602e+00,3.578350543975830078e+00,3.577441453933715820e+00,3.575484752655029297e+00,3.573377847671508789e+00,3.570955038070678711e+00,3.569091081619262695e+00,3.568997383117675781e+00,3.567716121673583984e+00,3.565002441406250000e+00,3.564316511154174805e+00,3.567545413970947266e+00,3.571733236312866211e+00,3.576071977615356445e+00,3.581799030303955078e+00,3.587725877761840820e+00,3.593322038650512695e+00,3.598126649856567383e+00,3.602566242218017578e+00,3.606727361679077148e+00,3.610660076141357422e+00,3.613325595855712891e+00,3.615194559097290039e+00,3.614843130111694336e+00,3.613609552383422852e+00,3.613388061523437500e+00,3.614447593688964844e+00,3.618692159652709961e+00,3.627637386322021484e+00,3.636163234710693359e+00,3.644698858261108398e+00,3.646662235260009766e+00,3.646497726440429688e+00,3.654885530471801758e+00,3.672751188278198242e+00,3.695836305618286133e+00,3.729879379272460938e+00,3.780249118804931641e+00,3.838424921035766602e+00,3.914935588836669922e+00,3.994027614593505859e+00,4.056761264801025391e+00,4.104897975921630859e+00,4.136142253875732422e+00,4.165807723999023438e+00,4.190278530120849609e+00,4.212213516235351562e+00,4.235722064971923828e+00,4.270774364471435547e+00,4.313111305236816406e+00,4.355185031890869141e+00,4.394974708557128906e+00,4.437907218933105469e+00,4.465736865997314453e+00,4.493981838226318359e+00,4.511731624603271484e+00,4.510861873626708984e+00,4.507202625274658203e+00,4.505543231964111328e+00,4.505073547363281250e+00,4.495263099670410156e+00,4.466193675994873047e+00,4.438062667846679688e+00,4.414848327636718750e+00,4.393753051757812500e+00,4.378427982330322266e+00,4.366964340209960938e+00,4.350067138671875000e+00,4.321879863739013672e+00,4.272696018218994141e+00,4.213109016418457031e+00,4.157017707824707031e+00,4.097267627716064453e+00,4.040687561035156250e+00,3.988947629928588867e+00,3.914383888244628906e+00,3.812374353408813477e+00,3.689142942428588867e+00,3.484113931655883789e+00,3.265215873718261719e+00,3.125795602798461914e+00,3.091347932815551758e+00,2.953390359878540039e+00,2.980524539947509766e+00,2.968128681182861328e+00,2.795955181121826172e+00,2.484743595123291016e+00,1.454840064048767090e+00,nan,nan,nan,nan,nan,nan,nan,nan,nan,nan
3.553025722503662109e+00,3.553267478942871094e+00,3.553701162338256836e+00,3.553873062133789062e+00,3.553865671157836914e+00,3.553610324859619141e+00,3.553326606750488281e+00,3.553286790847778320e+00,3.553299188613891602e+00,3.553135395050048828e+00,3.552904129028320312e+00,3.552929162979125977e+00,3.553098201751708984e+00,3.553297996520996094e+00,3.553388833999633789e+00,3.553376436233520508e+00,3.553381681442260742e+00,3.553207635879516602e+00,3.553028345108032227e+00,3.553107261657714844e+00,3.553023099899291992e+00,3.552729368209838867e+00,3.552450180053710938e+00,3.552318572998046875e+00,3.552388668060302734e+00,3.552684545516967773e+00,3.553115606307983398e+00,3.553488254547119141e+00,3.553629159927368164e+00,3.553627729415893555e+00,3.553606510162353516e+00,3.553575038909912109e+00,3.553691387176513672e+00,3.553694486618041992e+00,3.553689718246459961e+00,3.553690433502197266e+00,3.553767442703247070e+00,3.554126262664794922e+00,3.554687023162841797e+00,3.555408954620361328e+00,3.556380033493041992e+00,3.557578563690185547e+00,3.558846235275268555e+00,3.560016870498657227e+00,3.560839653015136719e+00,3.561528682708740234e+00,3.562541961669921875e+00,3.563685894012451172e+00,3.564635753631591797e+00,3.565743446350097656e+00,3.566494226455688477e+00,3.566795110702514648e+00,3.567187070846557617e+00,3.567833900451660156e+00,3.568995475769042969e+00,3.570679187774658203e+00,3.572148084640502930e+00,3.573111295700073242e+00,3.573819398880004883e+00,3.574742555618286133e+00,3.576328516006469727e+00,3.577409744262695312e+00,3.577277660369873047e+00,3.576702594757080078e+00,3.575337409973144531e+00,3.573639631271362305e+00,3.572324991226196289e+00,3.571053266525268555e+00,3.570992469787597656e+00,3.572140693664550781e+00,3.571654558181762695e+00,3.570544242858886719e+00,3.571533441543579102e+00,3.574561357498168945e+00,3.579236984252929688e+00,3.585436105728149414e+00,3.591784477233886719e+00,3.597216129302978516e+00,3.601672887802124023e+00,3.605287551879882812e+00,3.608353614807128906e+00,3.611588478088378906e+00,3.613968610763549805e+00,3.614672899246215820e+00,3.614312648773193359e+00,3.612389087677001953e+00,3.611204862594604492e+00,3.611967563629150391e+00,3.614802122116088867e+00,3.624150514602661133e+00,3.636124134063720703e+00,3.648763418197631836e+00,3.658889055252075195e+00,3.669403314590454102e+00,3.687717914581298828e+00,3.716177701950073242e+00,3.754572868347167969e+00,3.794019937515258789e+00,3.843506097793579102e+00,3.900352478027343750e+00,3.967886686325073242e+00,4.037230014801025391e+00,4.099160671234130859e+00,4.139385700225830078e+00,4.160528659820556641e+00,4.176191329956054688e+00,4.193752765655517578e+00,4.206468582153320312e+00,4.221707344055175781e+00,4.243692874908447266e+00,4.280596256256103516e+00,4.325267314910888672e+00,4.376695156097412109e+00,4.407866477966308594e+00,4.430081367492675781e+00,4.460955142974853516e+00,4.484750747680664062e+00,4.491943836212158203e+00,4.487331867218017578e+00,4.477550983428955078e+00,4.466814041137695312e+00,4.446068763732910156e+00,4.413709640502929688e+00,4.376552581787109375e+00,4.343233585357666016e+00,4.314794063568115234e+00,4.292356014251708984e+00,4.275047779083251953e+00,4.264814376831054688e+00,4.241679191589355469e+00,4.201423168182373047e+00,4.140967369079589844e+00,4.078025341033935547e+00,4.021217346191406250e+00,3.968732833862304688e+00,3.915365934371948242e+00,3.865018367767333984e+00,3.788561105728149414e+00,3.664427280426025391e+00,3.473598480224609375e+00,3.230325937271118164e+00,2.998279809951782227e+00,2.880618572235107422e+00,2.898028850555419922e+00,2.914672374725341797e+00,2.987034797668457031e+00,3.020378351211547852e+00,2.882606506347656250e+00,2.537764549255371094e+00,nan,nan,nan,nan,nan,nan,nan,nan,nan,nan,nan
3.554766893386840820e+00,3.555181741714477539e+00,3.555535078048706055e+00,3.555404186248779297e+00,3.555038452148437500e+00,3.554729938507080078e+00,3.554726362228393555e+00,3.554767131805419922e+00,3.554713487625122070e+00,3.554480314254760742e+00,3.554309844970703125e+00,3.554448604583740234e+00,3.554592370986938477e+00,3.554685831069946289e+00,3.554623603820800781e+00,3.554553031921386719e+00,3.554505825042724609e+00,3.554169416427612305e+00,3.553776979446411133e+00,3.553674459457397461e+00,3.553542852401733398e+00,3.553327798843383789e+00,3.553097486495971680e+00,3.552872657775878906e+00,3.552804708480834961e+00,3.553024053573608398e+00,3.553405761718750000e+00,3.553701162338256836e+00,3.553677558898925781e+00,3.553577184677124023e+00,3.553545951843261719e+00,3.553636312484741211e+00,3.553880214691162109e+00,3.553964853286743164e+00,3.553920984268188477e+00,3.553853988647460938e+00,3.553936243057250977e+00,3.554444313049316406e+00,3.555127382278442383e+00,3.556049108505249023e+00,3.557246685028076172e+00,3.558409690856933594e+00,3.559614419937133789e+00,3.560657024383544922e+00,3.561495542526245117e+00,3.562319755554199219e+00,3.563232660293579102e+00,3.564058542251586914e+00,3.564720153808593750e+00,3.565527677536010742e+00,3.565953493118286133e+00,3.566309213638305664e+00,3.566989660263061523e+00,3.568023443222045898e+00,3.569607496261596680e+00,3.571273565292358398e+00,3.572419166564941406e+00,3.573078155517578125e+00,3.573669910430908203e+00,3.574669361114501953e+00,3.575954675674438477e+00,3.576085805892944336e+00,3.575698137283325195e+00,3.575076818466186523e+00,3.574026823043823242e+00,3.573210477828979492e+00,3.573156118392944336e+00,3.573189973831176758e+00,3.574549913406372070e+00,3.576400995254516602e+00,3.576742410659790039e+00,3.576797723770141602e+00,3.578391551971435547e+00,3.582308769226074219e+00,3.588128089904785156e+00,3.594828367233276367e+00,3.600204944610595703e+00,3.603940010070800781e+00,3.606723785400390625e+00,3.608807086944580078e+00,3.610390901565551758e+00,3.611923217773437500e+00,3.611446619033813477e+00,3.610198259353637695e+00,3.608323812484741211e+00,3.606366634368896484e+00,3.606626510620117188e+00,3.610156536102294922e+00,3.617833137512207031e+00,3.631364583969116211e+00,3.645180940628051758e+00,3.661776065826416016e+00,3.680540323257446289e+00,3.711228609085083008e+00,3.751200914382934570e+00,3.798707008361816406e+00,3.850327253341674805e+00,3.905208826065063477e+00,3.963555335998535156e+00,4.024980545043945312e+00,4.088101863861083984e+00,4.132889747619628906e+00,4.161501407623291016e+00,4.171189308166503906e+00,4.169381141662597656e+00,4.170174121856689453e+00,4.173237323760986328e+00,4.180705070495605469e+00,4.199511051177978516e+00,4.227322578430175781e+00,4.271648406982421875e+00,4.316255569458007812e+00,4.359402179718017578e+00,4.378605365753173828e+00,4.403861999511718750e+00,4.430963993072509766e+00,4.449114322662353516e+00,4.446064949035644531e+00,4.434345722198486328e+00,4.411762237548828125e+00,4.382781028747558594e+00,4.342597007751464844e+00,4.296327114105224609e+00,4.255904197692871094e+00,4.223424911499023438e+00,4.198557853698730469e+00,4.178011417388916016e+00,4.160912990570068359e+00,4.140859127044677734e+00,4.111392021179199219e+00,4.062367916107177734e+00,3.998824119567871094e+00,3.948731660842895508e+00,3.903950929641723633e+00,3.858966350555419922e+00,3.812112331390380859e+00,3.774451971054077148e+00,3.685233354568481445e+00,3.517871379852294922e+00,3.263589859008789062e+00,3.008293628692626953e+00,2.800680398941040039e+00,2.724724054336547852e+00,2.723057270050048828e+00,2.723866224288940430e+00,2.820353269577026367e+00,2.847899913787841797e+00,2.673522949218750000e+00,2.389759778976440430e+00,1.872502446174621582e+00,nan,nan,nan,nan,nan,nan,nan,nan,nan,nan
3.556557416915893555e+00,3.556918859481811523e+00,3.556867599487304688e+00,3.556494712829589844e+00,3.556163311004638672e+00,3.556126594543457031e+00,3.556244373321533203e+00,3.556131362915039062e+00,3.556039333343505859e+00,3.555861234664916992e+00,3.555803298950195312e+00,3.555897235870361328e+00,3.555884361267089844e+00,3.555870771408081055e+00,3.555739641189575195e+00,3.555634260177612305e+00,3.555423259735107422e+00,3.554885149002075195e+00,3.554392814636230469e+00,3.554295301437377930e+00,3.554228067398071289e+00,3.554020404815673828e+00,3.553665876388549805e+00,3.553282260894775391e+00,3.553247213363647461e+00,3.553549766540527344e+00,3.553940057754516602e+00,3.554059028625488281e+00,3.553819417953491211e+00,3.553708553314208984e+00,3.553790569305419922e+00,3.554059028625488281e+00,3.554304838180541992e+00,3.554260730743408203e+00,3.554131507873535156e+00,3.554097890853881836e+00,3.554382324218750000e+00,3.555082559585571289e+00,3.555933237075805664e+00,3.557076215744018555e+00,3.558218240737915039e+00,3.559180498123168945e+00,3.560174226760864258e+00,3.561008691787719727e+00,3.561792373657226562e+00,3.562415361404418945e+00,3.563004255294799805e+00,3.563556671142578125e+00,3.564183235168457031e+00,3.564975023269653320e+00,3.565576076507568359e+00,3.566311597824096680e+00,3.567351102828979492e+00,3.568653106689453125e+00,3.570309877395629883e+00,3.571586608886718750e+00,3.572282552719116211e+00,3.572762012481689453e+00,3.573342323303222656e+00,3.574259996414184570e+00,3.574776649475097656e+00,3.574720382690429688e+00,3.574873447418212891e+00,3.574507236480712891e+00,3.574007987976074219e+00,3.574392080307006836e+00,3.575323581695556641e+00,3.576473951339721680e+00,3.578615665435791016e+00,3.580845832824707031e+00,3.581883907318115234e+00,3.582191705703735352e+00,3.584257841110229492e+00,3.589143753051757812e+00,3.595067739486694336e+00,3.600602626800537109e+00,3.603881835937500000e+00,3.605568170547485352e+00,3.606803417205810547e+00,3.607316493988037109e+00,3.607222080230712891e+00,3.606087446212768555e+00,3.604078531265258789e+00,3.602521657943725586e+00,3.601157188415527344e+00,3.600944519042968750e+00,3.604555368423461914e+00,3.612311363220214844e+00,3.624969005584716797e+00,3.640629529953002930e+00,3.657238721847534180e+00,3.683099269866943359e+00,3.713724851608276367e+00,3.759854316711425781e+00,3.816377639770507812e+00,3.871648550033569336e+00,3.928071975708007812e+00,3.987325429916381836e+00,4.045501708984375000e+00,4.091693401336669922e+00,4.126909255981445312e+00,4.133503913879394531e+00,4.123845100402832031e+00,4.105930328369140625e+00,4.082585811614990234e+00,4.074390888214111328e+00,4.076522827148437500e+00,4.094277381896972656e+00,4.125322818756103516e+00,4.171041965484619141e+00,4.222174167633056641e+00,4.267776012420654297e+00,4.298538208007812500e+00,4.321053504943847656e+00,4.356678962707519531e+00,4.371737003326416016e+00,4.376336574554443359e+00,4.365263462066650391e+00,4.342060565948486328e+00,4.306716442108154297e+00,4.256873130798339844e+00,4.207050800323486328e+00,4.158251285552978516e+00,4.122822284698486328e+00,4.097198009490966797e+00,4.081232070922851562e+00,4.062304019927978516e+00,4.043028831481933594e+00,4.008536338806152344e+00,3.973243236541748047e+00,3.924986362457275391e+00,3.875082015991210938e+00,3.841829776763916016e+00,3.809917211532592773e+00,3.772243261337280273e+00,3.728594541549682617e+00,3.704995393753051758e+00,3.569890022277832031e+00,3.322311401367187500e+00,3.001732349395751953e+00,2.732820749282836914e+00,2.564665555953979492e+00,2.537527084350585938e+00,2.537058830261230469e+00,2.568096399307250977e+00,2.691335201263427734e+00,2.650174856185913086e+00,2.478911638259887695e+00,2.235720396041870117e+00,2.265930414199829102e+00,nan,nan,nan,nan,nan,nan,nan,nan,nan,nan
3.558210849761962891e+00,3.558231115341186523e+00,3.557909727096557617e+00,3.557636260986328125e+00,3.557581186294555664e+00,3.557645797729492188e+00,3.557487010955810547e+00,3.557314157485961914e+00,3.557383060455322266e+00,3.557259082794189453e+00,3.557137489318847656e+00,3.557021141052246094e+00,3.556906223297119141e+00,3.556851148605346680e+00,3.556665897369384766e+00,3.556380748748779297e+00,3.555921316146850586e+00,3.555300951004028320e+00,3.554913043975830078e+00,3.554901361465454102e+00,3.554803848266601562e+00,3.554466485977172852e+00,3.553950548171997070e+00,3.553642988204956055e+00,3.553810358047485352e+00,3.554134368896484375e+00,3.554334640502929688e+00,3.554150819778442383e+00,3.553878307342529297e+00,3.553941249847412109e+00,3.554162263870239258e+00,3.554367065429687500e+00,3.554361820220947266e+00,3.554190397262573242e+00,3.554156064987182617e+00,3.554308891296386719e+00,3.554831504821777344e+00,3.555699348449707031e+00,3.556686639785766602e+00,3.557814359664916992e+00,3.558657646179199219e+00,3.559376001358032227e+00,3.560108184814453125e+00,3.560815095901489258e+00,3.561411619186401367e+00,3.561814308166503906e+00,3.562354564666748047e+00,3.563038349151611328e+00,3.563985586166381836e+00,3.564995288848876953e+00,3.565849542617797852e+00,3.566846847534179688e+00,3.567993164062500000e+00,3.569277048110961914e+00,3.570597887039184570e+00,3.571391582489013672e+00,3.571816682815551758e+00,3.572229862213134766e+00,3.572811841964721680e+00,3.573574304580688477e+00,3.573989391326904297e+00,3.574501752853393555e+00,3.575092077255249023e+00,3.575009584426879883e+00,3.575539588928222656e+00,3.576859235763549805e+00,3.578338146209716797e+00,3.579988479614257812e+00,3.582221269607543945e+00,3.584442377090454102e+00,3.585115432739257812e+00,3.585891008377075195e+00,3.588382005691528320e+00,3.593361377716064453e+00,3.598355293273925781e+00,3.601679325103759766e+00,3.602525711059570312e+00,3.602577686309814453e+00,3.602511882781982422e+00,3.601292371749877930e+00,3.599644184112548828e+00,3.597272157669067383e+00,3.595582008361816406e+00,3.595257759094238281e+00,3.596025228500366211e+00,3.598636150360107422e+00,3.605718851089477539e+00,3.616512298583984375e+00,3.631488323211669922e+00,3.648793220520019531e+00,3.671443223953247070e+00,3.702266216278076172e+00,3.741794586181640625e+00,3.795958280563354492e+00,3.856842041015625000e+00,3.913733959197998047e+00,3.967229843139648438e+00,4.015669345855712891e+00,4.058677196502685547e+00,4.072765827178955078e+00,4.059008121490478516e+00,4.032666683197021484e+00,3.995136260986328125e+00,3.954440832138061523e+00,3.930537223815917969e+00,3.931825637817382812e+00,3.953090190887451172e+00,3.992803096771240234e+00,4.044642448425292969e+00,4.107295036315917969e+00,4.163332462310791016e+00,4.208060264587402344e+00,4.234531402587890625e+00,4.258506774902343750e+00,4.289016723632812500e+00,4.291098594665527344e+00,4.278572082519531250e+00,4.253690242767333984e+00,4.216684341430664062e+00,4.168203353881835938e+00,4.112671375274658203e+00,4.064993381500244141e+00,4.024856567382812500e+00,3.996846199035644531e+00,3.980056047439575195e+00,3.965003252029418945e+00,3.936383247375488281e+00,3.913295507431030273e+00,3.878140449523925781e+00,3.840860605239868164e+00,3.799793004989624023e+00,3.770205974578857422e+00,3.753527641296386719e+00,3.731836557388305664e+00,3.705515861511230469e+00,3.665644407272338867e+00,3.647285938262939453e+00,3.394854068756103516e+00,3.027294397354125977e+00,2.634224176406860352e+00,2.389463663101196289e+00,2.335625171661376953e+00,2.406802654266357422e+00,2.509935855865478516e+00,2.640880584716796875e+00,2.797683954238891602e+00,2.721649646759033203e+00,2.618127346038818359e+00,2.515887260437011719e+00,2.347254037857055664e+00,nan,nan,nan,nan,nan,nan,nan,nan,nan,nan
3.559718370437622070e+00,3.559552907943725586e+00,3.559253692626953125e+00,3.559151172637939453e+00,3.559162616729736328e+00,3.559081315994262695e+00,3.558773994445800781e+00,3.558688640594482422e+00,3.558752059936523438e+00,3.558460474014282227e+00,3.558153629302978516e+00,3.557914495468139648e+00,3.557754516601562500e+00,3.557555437088012695e+00,3.557169675827026367e+00,3.556609392166137695e+00,3.556046009063720703e+00,3.555557012557983398e+00,3.555327415466308594e+00,3.555271148681640625e+00,3.555012226104736328e+00,3.554590225219726562e+00,3.554150581359863281e+00,3.554118156433105469e+00,3.554338216781616211e+00,3.554443597793579102e+00,3.554364919662475586e+00,3.554083347320556641e+00,3.554007291793823242e+00,3.554117918014526367e+00,3.554222822189331055e+00,3.554132461547851562e+00,3.553973913192749023e+00,3.553922414779663086e+00,3.554104566574096680e+00,3.554456472396850586e+00,3.555188655853271484e+00,3.556128978729248047e+00,3.557080745697021484e+00,3.557977437973022461e+00,3.558612823486328125e+00,3.559309482574462891e+00,3.559987545013427734e+00,3.560713052749633789e+00,3.561307668685913086e+00,3.561882972717285156e+00,3.562735557556152344e+00,3.563744783401489258e+00,3.564887762069702148e+00,3.565877437591552734e+00,3.566738128662109375e+00,3.567736625671386719e+00,3.568706989288330078e+00,3.569719552993774414e+00,3.570596694946289062e+00,3.571165084838867188e+00,3.571606636047363281e+00,3.572110176086425781e+00,3.572797536849975586e+00,3.573609352111816406e+00,3.574374914169311523e+00,3.575175285339355469e+00,3.575837612152099609e+00,3.576337575912475586e+00,3.577740430831909180e+00,3.579107284545898438e+00,3.580365896224975586e+00,3.581857919692993164e+00,3.583726406097412109e+00,3.585349082946777344e+00,3.585819721221923828e+00,3.587158679962158203e+00,3.590059518814086914e+00,3.593847274780273438e+00,3.596798658370971680e+00,3.597199678421020508e+00,3.596294164657592773e+00,3.595459461212158203e+00,3.594013452529907227e+00,3.591486215591430664e+00,3.589232921600341797e+00,3.587777376174926758e+00,3.587828636169433594e+00,3.588903188705444336e+00,3.592278718948364258e+00,3.597863197326660156e+00,3.606853485107421875e+00,3.619244813919067383e+00,3.634979486465454102e+00,3.654203414916992188e+00,3.679360151290893555e+00,3.714777946472167969e+00,3.757227420806884766e+00,3.814560174942016602e+00,3.874373912811279297e+00,3.921209812164306641e+00,3.967164278030395508e+00,3.991593599319458008e+00,4.002896308898925781e+00,3.974886417388916016e+00,3.930178403854370117e+00,3.887381315231323242e+00,3.835872888565063477e+00,3.803411960601806641e+00,3.800024986267089844e+00,3.829786300659179688e+00,3.877410888671875000e+00,3.938979387283325195e+00,4.005882740020751953e+00,4.074061393737792969e+00,4.127021312713623047e+00,4.164960861206054688e+00,4.185325622558593750e+00,4.198937892913818359e+00,4.213998794555664062e+00,4.200819015502929688e+00,4.173399448394775391e+00,4.130526065826416016e+00,4.083228588104248047e+00,4.029864788055419922e+00,3.983473539352416992e+00,3.948647260665893555e+00,3.923264741897583008e+00,3.898833751678466797e+00,3.884647130966186523e+00,3.856729745864868164e+00,3.824937105178833008e+00,3.803920269012451172e+00,3.776166439056396484e+00,3.747906923294067383e+00,3.717559099197387695e+00,3.705077171325683594e+00,3.699503183364868164e+00,3.692577600479125977e+00,3.672842264175415039e+00,3.639996290206909180e+00,3.608324050903320312e+00,3.131193161010742188e+00,2.607217073440551758e+00,2.148458003997802734e+00,2.083261489868164062e+00,2.275050163269042969e+00,2.505053043365478516e+00,2.701680898666381836e+00,2.902935504913330078e+00,3.099328994750976562e+00,2.871474504470825195e+00,2.832000732421875000e+00,3.012955427169799805e+00,2.532894611358642578e+00,nan,nan,nan,nan,nan,nan,nan,nan,nan,nan
3.561227321624755859e+00,3.560988187789916992e+00,3.560726642608642578e+00,3.560576915740966797e+00,3.560442924499511719e+00,3.560188293457031250e+00,3.559882402420043945e+00,3.559731960296630859e+00,3.559520006179809570e+00,3.559092521667480469e+00,3.558747768402099609e+00,3.558454990386962891e+00,3.558125972747802734e+00,3.557665109634399414e+00,3.557085275650024414e+00,3.556500673294067383e+00,3.556108951568603516e+00,3.555793285369873047e+00,3.555569171905517578e+00,3.555331945419311523e+00,3.554987430572509766e+00,3.554646730422973633e+00,3.554417610168457031e+00,3.554419994354248047e+00,3.554419755935668945e+00,3.554290771484375000e+00,3.554139137268066406e+00,3.553937196731567383e+00,3.553875684738159180e+00,3.553851842880249023e+00,3.553792715072631836e+00,3.553607225418090820e+00,3.553622484207153320e+00,3.553855895996093750e+00,3.554254531860351562e+00,3.554766178131103516e+00,3.555586099624633789e+00,3.556445360183715820e+00,3.557272911071777344e+00,3.558056592941284180e+00,3.558740377426147461e+00,3.559555530548095703e+00,3.560408830642700195e+00,3.561270952224731445e+00,3.562053442001342773e+00,3.562911987304687500e+00,3.563924074172973633e+00,3.564956188201904297e+00,3.565894603729248047e+00,3.566658973693847656e+00,3.567400932312011719e+00,3.568229198455810547e+00,3.568976402282714844e+00,3.569776296615600586e+00,3.570531845092773438e+00,3.571186304092407227e+00,3.571827888488769531e+00,3.572531700134277344e+00,3.573414564132690430e+00,3.574336528778076172e+00,3.575164079666137695e+00,3.575948953628540039e+00,3.576567649841308594e+00,3.577440738677978516e+00,3.578524589538574219e+00,3.579216241836547852e+00,3.580168247222900391e+00,3.581372499465942383e+00,3.582694292068481445e+00,3.583592176437377930e+00,3.583698272705078125e+00,3.585135221481323242e+00,3.587952136993408203e+00,3.589605331420898438e+00,3.589257240295410156e+00,3.587602376937866211e+00,3.586172342300415039e+00,3.584732532501220703e+00,3.582684516906738281e+00,3.580068826675415039e+00,3.579021453857421875e+00,3.579885482788085938e+00,3.582035779953002930e+00,3.584679126739501953e+00,3.590214967727661133e+00,3.598170042037963867e+00,3.608347415924072266e+00,3.621098518371582031e+00,3.636395692825317383e+00,3.656269788742065430e+00,3.681115150451660156e+00,3.715884685516357422e+00,3.757008075714111328e+00,3.804135084152221680e+00,3.846687078475952148e+00,3.879209995269775391e+00,3.899879455566406250e+00,3.895268440246582031e+00,3.873693943023681641e+00,3.824036359786987305e+00,3.779597997665405273e+00,3.748012542724609375e+00,3.718463182449340820e+00,3.712148189544677734e+00,3.744862318038940430e+00,3.802556753158569336e+00,3.870176076889038086e+00,3.942229747772216797e+00,4.009357929229736328e+00,4.068126201629638672e+00,4.106092929840087891e+00,4.132741928100585938e+00,4.138575553894042969e+00,4.137898445129394531e+00,4.129423141479492188e+00,4.100432872772216797e+00,4.058028221130371094e+00,4.009664058685302734e+00,3.962075948715209961e+00,3.917358636856079102e+00,3.885037183761596680e+00,3.862683534622192383e+00,3.848618030548095703e+00,3.827516555786132812e+00,3.803802490234375000e+00,3.776009082794189453e+00,3.754291057586669922e+00,3.736806631088256836e+00,3.718114376068115234e+00,3.698844671249389648e+00,3.680714607238769531e+00,3.679881572723388672e+00,3.683506727218627930e+00,3.678798198699951172e+00,3.660252332687377930e+00,3.637670993804931641e+00,3.603383541107177734e+00,2.619675159454345703e+00,1.939155936241149902e+00,1.473011136054992676e+00,2.000744819641113281e+00,2.490720033645629883e+00,2.815356969833374023e+00,3.034750223159790039e+00,3.240857362747192383e+00,3.427425622940063477e+00,2.635322332382202148e+00,2.744926691055297852e+00,3.184382438659667969e+00,2.718525648117065430e+00,nan,nan,nan,nan,nan,nan,nan,nan,nan,nan
3.562655687332153320e+00,3.562350034713745117e+00,3.562016248703002930e+00,3.561705112457275391e+00,3.561379671096801758e+00,3.561022043228149414e+00,3.560665369033813477e+00,3.560322761535644531e+00,3.559952259063720703e+00,3.559533357620239258e+00,3.559156894683837891e+00,3.558753728866577148e+00,3.558242082595825195e+00,3.557692527770996094e+00,3.557182312011718750e+00,3.556747198104858398e+00,3.556442022323608398e+00,3.556096315383911133e+00,3.555721521377563477e+00,3.555321216583251953e+00,3.555010557174682617e+00,3.554769515991210938e+00,3.554566621780395508e+00,3.554368972778320312e+00,3.554188489913940430e+00,3.554032087326049805e+00,3.553886651992797852e+00,3.553697109222412109e+00,3.553629398345947266e+00,3.553606271743774414e+00,3.553571939468383789e+00,3.553537607192993164e+00,3.553838253021240234e+00,3.554278612136840820e+00,3.554794311523437500e+00,3.555343627929687500e+00,3.556117773056030273e+00,3.556905269622802734e+00,3.557700872421264648e+00,3.558464527130126953e+00,3.559244632720947266e+00,3.560126781463623047e+00,3.561082839965820312e+00,3.561941862106323242e+00,3.562792301177978516e+00,3.563668966293334961e+00,3.564580440521240234e+00,3.565432310104370117e+00,3.566167116165161133e+00,3.566843032836914062e+00,3.567527770996093750e+00,3.568312644958496094e+00,3.569093704223632812e+00,3.569858312606811523e+00,3.570600271224975586e+00,3.571374654769897461e+00,3.572146892547607422e+00,3.572980165481567383e+00,3.573808670043945312e+00,3.574670791625976562e+00,3.575263738632202148e+00,3.575678110122680664e+00,3.576033115386962891e+00,3.576700687408447266e+00,3.577159643173217773e+00,3.577578067779541016e+00,3.578298568725585938e+00,3.579011440277099609e+00,3.579250574111938477e+00,3.579134225845336914e+00,3.579269886016845703e+00,3.580751180648803711e+00,3.581672668457031250e+00,3.580724239349365234e+00,3.578903436660766602e+00,3.577167749404907227e+00,3.576106071472167969e+00,3.574995040893554688e+00,3.573973894119262695e+00,3.572992563247680664e+00,3.574890613555908203e+00,3.577774763107299805e+00,3.581280469894409180e+00,3.585060596466064453e+00,3.592107534408569336e+00,3.600514888763427734e+00,3.609938144683837891e+00,3.620320081710815430e+00,3.633038759231567383e+00,3.649533033370971680e+00,3.669488191604614258e+00,3.695857763290405273e+00,3.721613168716430664e+00,3.748651027679443359e+00,3.768124341964721680e+00,3.779315471649169922e+00,3.782524347305297852e+00,3.769731283187866211e+00,3.749650001525878906e+00,3.720302820205688477e+00,3.709490537643432617e+00,3.710688591003417969e+00,3.718969345092773438e+00,3.748114347457885742e+00,3.804254531860351562e+00,3.868603467941284180e+00,3.932856321334838867e+00,3.992578744888305664e+00,4.038546562194824219e+00,4.070549011230468750e+00,4.086296081542968750e+00,4.098415851593017578e+00,4.084189414978027344e+00,4.065615177154541016e+00,4.031991958618164062e+00,3.995937108993530273e+00,3.953785896301269531e+00,3.912895679473876953e+00,3.875843048095703125e+00,3.842006444931030273e+00,3.819602966308593750e+00,3.806941032409667969e+00,3.794498920440673828e+00,3.773033618927001953e+00,3.752023935317993164e+00,3.733266353607177734e+00,3.720161199569702148e+00,3.705958127975463867e+00,3.691020488739013672e+00,3.678986310958862305e+00,3.673060894012451172e+00,3.673502683639526367e+00,3.672513484954833984e+00,3.666476249694824219e+00,3.647733449935913086e+00,3.641490936279296875e+00,3.630728721618652344e+00,nan,nan,nan,2.478842973709106445e+00,2.964992761611938477e+00,3.241422414779663086e+00,3.406471252441406250e+00,3.553041934967041016e+00,3.616415739059448242e+00,nan,2.621255636215209961e+00,3.098915576934814453e+00,3.148181200027465820e+00,nan,1.489366769790649414e+00,7.116133570671081543e-01,nan,nan,nan,nan,nan,nan,nan
3.555693387985229492e+00,3.556623935699462891e+00,3.557177305221557617e+00,3.557459354400634766e+00,3.557669639587402344e+00,3.557740211486816406e+00,3.557708263397216797e+00,3.557593345642089844e+00,3.557412862777709961e+00,3.557183742523193359e+00,3.556915521621704102e+00,3.556614160537719727e+00,3.556267738342285156e+00,3.555901288986206055e+00,3.555511474609375000e+00,3.555097341537475586e+00,3.554781913757324219e+00,3.554444313049316406e+00,3.554098129272460938e+00,3.553735256195068359e+00,3.553516626358032227e+00,3.553286314010620117e+00,3.553045034408569336e+00,3.552795410156250000e+00,3.552701473236083984e+00,3.552598237991333008e+00,3.552488803863525391e+00,3.552370786666870117e+00,3.552484750747680664e+00,3.552596330642700195e+00,3.552698612213134766e+00,3.552793741226196289e+00,3.553291082382202148e+00,3.553792715072631836e+00,3.554282426834106445e+00,3.554774761199951172e+00,3.555548429489135742e+00,3.556330204010009766e+00,3.557107686996459961e+00,3.557890653610229492e+00,3.558695793151855469e+00,3.559506654739379883e+00,3.560313940048217773e+00,3.561130285263061523e+00,3.561946392059326172e+00,3.562773466110229492e+00,3.563589334487915039e+00,3.564421176910400391e+00,3.565215587615966797e+00,3.566019535064697266e+00,3.566819190979003906e+00,3.567629098892211914e+00,3.568323850631713867e+00,3.569033861160278320e+00,3.569737672805786133e+00,3.570453643798828125e+00,3.570966958999633789e+00,3.571490049362182617e+00,3.572007656097412109e+00,3.572535276412963867e+00,3.572760105133056641e+00,3.572986841201782227e+00,3.573208093643188477e+00,3.573433637619018555e+00,3.573386430740356445e+00,3.573335170745849609e+00,3.573280096054077148e+00,3.573220729827880859e+00,3.572750091552734375e+00,3.572257041931152344e+00,3.571764230728149414e+00,3.571253776550292969e+00,3.570668935775756836e+00,3.570063591003417969e+00,3.569452285766601562e+00,3.568813562393188477e+00,3.569632530212402344e+00,3.570476055145263672e+00,3.571313381195068359e+00,3.572173595428466797e+00,3.575774431228637695e+00,3.579510450363159180e+00,3.583228349685668945e+00,3.587077856063842773e+00,3.592807769775390625e+00,3.598774909973144531e+00,3.604714632034301758e+00,3.610629320144653320e+00,3.617351055145263672e+00,3.624081134796142578e+00,3.630784511566162109e+00,3.637457609176635742e+00,3.645457506179809570e+00,3.653456211090087891e+00,3.661447763442993164e+00,3.669407606124877930e+00,3.685156106948852539e+00,3.701228380203247070e+00,3.717234849929809570e+00,3.733130216598510742e+00,3.768974304199218750e+00,3.805594205856323242e+00,3.841905117034912109e+00,3.877918958663940430e+00,3.916375398635864258e+00,3.954738855361938477e+00,3.992698669433593750e+00,4.030542373657226562e+00,4.032371520996093750e+00,4.032248497009277344e+00,4.032238006591796875e+00,4.032383441925048828e+00,4.002273082733154297e+00,3.970108747482299805e+00,3.937631368637084961e+00,3.904870271682739258e+00,3.877188444137573242e+00,3.849676847457885742e+00,3.821792364120483398e+00,3.793635606765747070e+00,3.778050661087036133e+00,3.763191461563110352e+00,3.748270750045776367e+00,3.733240604400634766e+00,3.722010612487792969e+00,3.710980653762817383e+00,3.699872732162475586e+00,3.688685417175292969e+00,3.678675413131713867e+00,3.668703556060791016e+00,3.658707857131958008e+00,3.648659467697143555e+00,3.641972541809082031e+00,3.635490655899047852e+00,3.629038095474243164e+00,3.622591972351074219e+00,3.620710134506225586e+00,3.618328094482421875e+00,3.615870952606201172e+00,3.613451004028320312e+00,3.617515802383422852e+00,3.622793912887573242e+00,3.628362655639648438e+00,3.634258508682250977e+00,3.647281646728515625e+00,3.660598993301391602e+00,3.671733379364013672e+00,3.683729410171508789e+00,3.702546358108520508e+00,3.721193075180053711e+00,3.737669229507446289e+00,3.242020845413208008e+00,1.008793592453002930e+00,nan,nan,nan,nan,nan,nan,nan
