Date: 20220820
Kernel: 16
Pooling: DS_RAW
Variable: Hs
Train_Size: 0.8
Shuffle: True
Patience: 30
Batch_Size: 32
Time: 5090.686513662338
Random_State_Train: 917793
Random_State_Test: 164233
sample_start: 24
sample_end: 8760
min_val_loss: 0.005031241569668055
Eval: 0.008728548884391785
Augmentation sample size: False
