Date: 20230530
Kernel: 16
Pooling: DS_RAW
Variable: Hs
Train_Size: 0.8
Shuffle: True
Patience: 30
Batch_Size: 32
Time: 11684.226874113083
Random_State_Train: 398689
Random_State_Test: 793406
sample_start: 26
sample_end: 8760
min_val_loss: 0.00699887378141284
Eval: 0.016400501132011414
