Date: 20220827
Kernel: 16
Pooling: DS_RAW
Variable: Tm02
Train_Size: 0.8
Shuffle: True
Patience: 30
Batch_Size: 32
Time: 10898.482062101364
Random_State_Train: 17426
Random_State_Test: 454984
sample_start: 24
sample_end: 8760
min_val_loss: 0.01450836006551981
Eval: 0.0223008394241333
Augmentation sample size: False
