Date: 20220820
Kernel: 16
Pooling: DS_RAW
Variable: Dir
Train_Size: 0.8
Shuffle: True
Patience: 30
Batch_Size: 32
Time: 7959.33931684494
Random_State_Train: 394505
Random_State_Test: 870686
sample_start: 24
sample_end: 8760
min_val_loss: 0.11820471286773682
Eval: 0.27768415212631226
Augmentation sample size: False
