Date: 20220814
Kernel: 16
Pooling: DS_RAW
Variable: Tm02
Train_Size: 0.8
Shuffle: True
Patience: 30
Batch_Size: 32
Time: 10902.679396390915
Random_State_Train: 869128
Random_State_Test: 293278
sample_start: 24
sample_end: 8760
min_val_loss: 0.023188747465610504
Eval: 0.044864874333143234
