Date: 20220823
Kernel: 16
Pooling: DS_RAW
Variable: Hs
Train_Size: 0.8
Shuffle: True
Patience: 30
Batch_Size: 32
Time: 7611.561523914337
Random_State_Train: 878684
Random_State_Test: 796225
sample_start: 24
sample_end: 8760
min_val_loss: 0.006350632756948471
Eval: 0.010672835633158684
