Date: 20230627
Kernel: 16
Pooling: DS_RAW
Variable: Hs
Train_Size: 0.8
Shuffle: True
Patience: 30
Batch_Size: 32
Time: 12183.710404872894
Random_State_Train: 13062
Random_State_Test: 469046
sample_start: 26
sample_end: 8760
min_val_loss: 0.0057274228893220425
Eval: 0.008507434278726578
