Date: 20220828
Kernel: 16
Pooling: DS_RAW
Variable: Tm02
Train_Size: 0.8
Shuffle: True
Patience: 30
Batch_Size: 32
Time: 10751.696561336517
Random_State_Train: 726505
Random_State_Test: 806603
sample_start: 24
sample_end: 8760
min_val_loss: 0.014471153728663921
Eval: 0.03449545055627823
