Date: 20220827
Kernel: 16
Pooling: DS_RAW
Variable: Dir
Train_Size: 0.8
Shuffle: True
Patience: 30
Batch_Size: 32
Time: 6059.059728145599
Random_State_Train: 370303
Random_State_Test: 991434
sample_start: 24
sample_end: 8760
min_val_loss: 0.14825259149074554
Eval: 0.23584887385368347
