Date: 20230624
Kernel: 16
Pooling: DS_RAW
Variable: Tm02
Train_Size: 0.8
Shuffle: True
Patience: 30
Batch_Size: 16
Time: 18767.789004087448
Random_State_Train: 55091
Random_State_Test: 321039
sample_start: 26
sample_end: 8760
min_val_loss: 0.03367156907916069
Eval: 0.1407468616962433
