Date: 20230624
Kernel: 16
Pooling: DS_RAW
Variable: Hs
Train_Size: 0.8
Shuffle: True
Patience: 30
Batch_Size: 16
Time: 11371.178498268127
Random_State_Train: 283436
Random_State_Test: 635306
sample_start: 26
sample_end: 8760
min_val_loss: 0.006224039476364851
Eval: 0.021131647750735283
