Date: 20230627
Kernel: 16
Pooling: DS_RAW
Variable: Dir
Train_Size: 0.8
Shuffle: True
Patience: 30
Batch_Size: 16
Time: 8218.232218027115
Random_State_Train: 264828
Random_State_Test: 388174
sample_start: 26
sample_end: 8760
min_val_loss: 0.19462527334690094
Eval: 0.5912550687789917
