Date: 20220829
Kernel: 16
Pooling: DS_RAW
Variable: Hs
Train_Size: 0.8
Shuffle: True
Patience: 30
Batch_Size: 32
Time: 10579.215775966644
Random_State_Train: 768525
Random_State_Test: 388915
sample_start: 24
sample_end: 8760
min_val_loss: 0.0034894030541181564
Eval: 0.007614574860781431
