Date: 20220826
Kernel: 16
Pooling: DS_RAW
Variable: Tm02
Train_Size: 0.8
Shuffle: True
Patience: 30
Batch_Size: 32
Time: 8181.775285959244
Random_State_Train: 938304
Random_State_Test: 8124
sample_start: 24
sample_end: 8760
min_val_loss: 0.015639882534742355
Eval: 0.035181924700737
