Date: 20220308
Kernel: 16
Pooling: DS_RAW
Variable: Dir
Train_Size: 0.8
Shuffle: True
Patience: 30
Batch_Size: 32
Time: 4342.6305384635925
Random_State_Train: 147996
Random_State_Test: 784818
sample_start: 24
sample_end: 8760
min_val_loss: 2.091984510421753
Eval: 1.6705167293548584
Augmentation sample size: False
