Date: 20220307
Kernel: 16
Pooling: DS_RAW
Variable: Hs
Train_Size: 0.8
Shuffle: True
Patience: 30
Batch_Size: 32
Time: 8903.655734062195
Random_State_Train: 471976
Random_State_Test: 708495
sample_start: 24
sample_end: 8760
min_val_loss: 0.00021964289771858603
Eval: 0.0003123445203527808
Augmentation sample size: False
