Date: 20220307
Kernel: 16
Pooling: DS_RAW
Variable: Tm02
Train_Size: 0.8
Shuffle: True
Patience: 30
Batch_Size: 32
Time: 6136.35386133194
Random_State_Train: 449264
Random_State_Test: 953976
sample_start: 24
sample_end: 8760
min_val_loss: 0.005099833942949772
Eval: 0.007686218712478876
Augmentation sample size: False
